,agency_cd,site_no,datetime,Data codes,Q_m3_s_mean
0,USGS,01351500,1939-10-01,A,2.2087140348
1,USGS,01351500,1939-10-02,A,4.7289133822
2,USGS,01351500,1939-10-03,A,3.6811900580000003
3,USGS,01351500,1939-10-04,A,2.690100427
4,USGS,01351500,1939-10-05,A,2.2087140348
5,USGS,01351500,1939-10-06,A,1.982179262
6,USGS,01351500,1939-10-07,A,1.6706939494
7,USGS,01351500,1939-10-08,A,1.4724760232
8,USGS,01351500,1939-10-09,A,1.3592086368
9,USGS,01351500,1939-10-10,A,1.1893075572
10,USGS,01351500,1939-10-11,A,1.1609907106000001
11,USGS,01351500,1939-10-12,A,0.849505398
12,USGS,01351500,1939-10-13,A,0.7645548582
13,USGS,01351500,1939-10-14,A,0.6796043184
14,USGS,01351500,1939-10-15,A,0.6796043184
15,USGS,01351500,1939-10-16,A,0.707921165
16,USGS,01351500,1939-10-17,A,0.707921165
17,USGS,01351500,1939-10-18,A,0.7362380116
18,USGS,01351500,1939-10-19,A,0.707921165
19,USGS,01351500,1939-10-20,A,0.707921165
20,USGS,01351500,1939-10-21,A,0.6796043184
21,USGS,01351500,1939-10-22,A,0.707921165
22,USGS,01351500,1939-10-23,A,0.7645548582
23,USGS,01351500,1939-10-24,A,0.7928717048
24,USGS,01351500,1939-10-25,A,0.991089631
25,USGS,01351500,1939-10-26,A,1.2459412504
26,USGS,01351500,1939-10-27,A,1.2459412504
27,USGS,01351500,1939-10-28,A,1.2742580970000001
28,USGS,01351500,1939-10-29,A,1.4441591766
29,USGS,01351500,1939-10-30,A,2.1520803416
30,USGS,01351500,1939-10-31,A,2.7750509668000003
31,USGS,01351500,1939-11-01,A,7.7304991218
32,USGS,01351500,1939-11-02,A,11.6382239526
33,USGS,01351500,1939-11-03,A,7.503964349
34,USGS,01351500,1939-11-04,A,5.7766367064
35,USGS,01351500,1939-11-05,A,4.9271313084
36,USGS,01351500,1939-11-06,A,5.6916861666
37,USGS,01351500,1939-11-07,A,6.6544589510000005
38,USGS,01351500,1939-11-08,A,11.893075572
39,USGS,01351500,1939-11-09,A,26.8443705768
40,USGS,01351500,1939-11-10,A,19.538624154
41,USGS,01351500,1939-11-11,A,28.1469455204
42,USGS,01351500,1939-11-12,A,30.582194328
43,USGS,01351500,1939-11-13,A,21.4075360296
44,USGS,01351500,1939-11-14,A,16.4804047212
45,USGS,01351500,1939-11-15,A,12.317828271
46,USGS,01351500,1939-11-16,A,11.2701049468
47,USGS,01351500,1939-11-17,A,12.317828271
48,USGS,01351500,1939-11-18,A,13.7903042942
49,USGS,01351500,1939-11-19,A,12.6859472768
50,USGS,01351500,1939-11-20,A,11.609907106
51,USGS,01351500,1939-11-21,A,9.8542626168
52,USGS,01351500,1939-11-22,A,8.636638213
53,USGS,01351500,1939-11-23,A,7.7871328150000005
54,USGS,01351500,1939-11-24,A,6.937627417
55,USGS,01351500,1939-11-25,A,6.088122019
56,USGS,01351500,1939-11-26,A,5.5217850870000005
57,USGS,01351500,1939-11-27,A,4.9271313084
58,USGS,01351500,1939-11-28,A,4.7289133822
59,USGS,01351500,1939-11-29,A,4.7289133822
60,USGS,01351500,1939-11-30,A,4.5873291492
61,USGS,01351500,1939-12-01,A,4.3324775298
62,USGS,01351500,1939-12-02,A,4.2192101434
63,USGS,01351500,1939-12-03,A,5.6067356268
64,USGS,01351500,1939-12-04,A,15.1778297776
65,USGS,01351500,1939-12-05,A,13.818621140800001
66,USGS,01351500,1939-12-06,A,9.8542626168
67,USGS,01351500,1939-12-07,A,8.353469747
68,USGS,01351500,1939-12-08,A,8.49505398
69,USGS,01351500,1939-12-09,A,7.362380116000001
70,USGS,01351500,1939-12-10,A,8.070301281
71,USGS,01351500,1939-12-11,A,8.49505398
72,USGS,01351500,1939-12-12,A,6.229706252
73,USGS,01351500,1939-12-13,A,6.796043184
74,USGS,01351500,1939-12-14,A,6.229706252
75,USGS,01351500,1939-12-15,A,5.238616621
76,USGS,01351500,1939-12-16,A,6.2580230986
77,USGS,01351500,1939-12-17,A,7.503964349
78,USGS,01351500,1939-12-18,A,7.503964349
79,USGS,01351500,1939-12-19,A,9.202975145
80,USGS,01351500,1939-12-20,A,10.194064776000001
81,USGS,01351500,1939-12-21,A,37.944574444000004
82,USGS,01351500,1939-12-22,A,23.8711016838
83,USGS,01351500,1939-12-23,A,18.7457524492
84,USGS,01351500,1939-12-24,A,14.724760232000001
85,USGS,01351500,1939-12-25,A,11.893075572
86,USGS,01351500,1939-12-26,A,10.477233242
87,USGS,01351500,1939-12-27,A,7.362380116000001
88,USGS,01351500,1939-12-28,A,7.928717048
89,USGS,01351500,1939-12-29,A,7.362380116000001
90,USGS,01351500,1939-12-30,A,6.229706252
91,USGS,01351500,1939-12-31,A,5.5217850870000005
92,USGS,01351500,1940-01-01,A,4.955448155
93,USGS,01351500,1940-01-02,A,4.530695456
94,USGS,01351500,1940-01-03,A,4.24752699
95,USGS,01351500,1940-01-04,A,3.964358524
96,USGS,01351500,1940-01-05,A,3.822774291
97,USGS,01351500,1940-01-06,A,3.6811900580000003
98,USGS,01351500,1940-01-07,A,3.539605825
99,USGS,01351500,1940-01-08,A,3.4546552852000003
100,USGS,01351500,1940-01-09,A,3.3413878988
101,USGS,01351500,1940-01-10,A,3.2281205124000003
102,USGS,01351500,1940-01-11,A,3.1714868192
103,USGS,01351500,1940-01-12,A,3.1714868192
104,USGS,01351500,1940-01-13,A,3.1714868192
105,USGS,01351500,1940-01-14,A,3.3413878988
106,USGS,01351500,1940-01-15,A,4.105942757
107,USGS,01351500,1940-01-16,A,6.6544589510000005
108,USGS,01351500,1940-01-17,A,9.91089631
109,USGS,01351500,1940-01-18,A,7.928717048
110,USGS,01351500,1940-01-19,A,6.229706252
111,USGS,01351500,1940-01-20,A,5.097032388000001
112,USGS,01351500,1940-01-21,A,4.3891112230000005
113,USGS,01351500,1940-01-22,A,3.822774291
114,USGS,01351500,1940-01-23,A,3.4546552852000003
115,USGS,01351500,1940-01-24,A,3.1714868192
116,USGS,01351500,1940-01-25,A,2.8883183532
117,USGS,01351500,1940-01-26,A,2.6617835804
118,USGS,01351500,1940-01-27,A,2.4918825008
119,USGS,01351500,1940-01-28,A,2.3786151144
120,USGS,01351500,1940-01-29,A,2.265347728
121,USGS,01351500,1940-01-30,A,2.2087140348
122,USGS,01351500,1940-01-31,A,2.1520803416
123,USGS,01351500,1940-02-01,A,2.0954466484000003
124,USGS,01351500,1940-02-02,A,2.0388129552
125,USGS,01351500,1940-02-03,A,1.982179262
126,USGS,01351500,1940-02-04,A,1.982179262
127,USGS,01351500,1940-02-05,A,1.9255455688
128,USGS,01351500,1940-02-06,A,2.0388129552
129,USGS,01351500,1940-02-07,A,2.265347728
130,USGS,01351500,1940-02-08,A,2.265347728
131,USGS,01351500,1940-02-09,A,2.2087140348
132,USGS,01351500,1940-02-10,A,2.2087140348
133,USGS,01351500,1940-02-11,A,3.398021592
134,USGS,01351500,1940-02-12,A,4.530695456
135,USGS,01351500,1940-02-13,A,5.5217850870000005
136,USGS,01351500,1940-02-14,A,4.672279689
137,USGS,01351500,1940-02-15,A,4.105942757
138,USGS,01351500,1940-02-16,A,3.822774291
139,USGS,01351500,1940-02-17,A,3.6811900580000003
140,USGS,01351500,1940-02-18,A,3.539605825
141,USGS,01351500,1940-02-19,A,3.539605825
142,USGS,01351500,1940-02-20,A,3.6811900580000003
143,USGS,01351500,1940-02-21,A,3.398021592
144,USGS,01351500,1940-02-22,A,3.2281205124000003
145,USGS,01351500,1940-02-23,A,3.1714868192
146,USGS,01351500,1940-02-24,A,3.0582194328
147,USGS,01351500,1940-02-25,A,2.9449520464
148,USGS,01351500,1940-02-26,A,2.8883183532
149,USGS,01351500,1940-02-27,A,2.7750509668000003
150,USGS,01351500,1940-02-28,A,2.8883183532
151,USGS,01351500,1940-02-29,A,2.8883183532
152,USGS,01351500,1940-03-01,A,2.7750509668000003
153,USGS,01351500,1940-03-02,A,2.7750509668000003
154,USGS,01351500,1940-03-03,A,2.7750509668000003
155,USGS,01351500,1940-03-04,A,3.0582194328
156,USGS,01351500,1940-03-05,A,3.964358524
157,USGS,01351500,1940-03-06,A,5.5217850870000005
158,USGS,01351500,1940-03-07,A,5.5217850870000005
159,USGS,01351500,1940-03-08,A,4.530695456
160,USGS,01351500,1940-03-09,A,3.964358524
161,USGS,01351500,1940-03-10,A,3.539605825
162,USGS,01351500,1940-03-11,A,3.1714868192
163,USGS,01351500,1940-03-12,A,2.9449520464
164,USGS,01351500,1940-03-13,A,2.7750509668000003
165,USGS,01351500,1940-03-14,A,2.7750509668000003
166,USGS,01351500,1940-03-15,A,4.105942757
167,USGS,01351500,1940-03-16,A,6.6544589510000005
168,USGS,01351500,1940-03-17,A,8.49505398
169,USGS,01351500,1940-03-18,A,7.645548582
170,USGS,01351500,1940-03-19,A,7.928717048
171,USGS,01351500,1940-03-20,A,10.194064776000001
172,USGS,01351500,1940-03-21,A,13.875254834
173,USGS,01351500,1940-03-22,A,13.308917902000001
174,USGS,01351500,1940-03-23,A,11.32673864
175,USGS,01351500,1940-03-24,A,9.627727844
176,USGS,01351500,1940-03-25,A,8.49505398
177,USGS,01351500,1940-03-26,A,7.928717048
178,USGS,01351500,1940-03-27,A,7.645548582
179,USGS,01351500,1940-03-28,A,7.362380116000001
180,USGS,01351500,1940-03-29,A,13.308917902000001
181,USGS,01351500,1940-03-30,A,58.04953553
182,USGS,01351500,1940-03-31,A,549.34682404
183,USGS,01351500,1940-04-01,A,438.9111223
184,USGS,01351500,1940-04-02,A,218.322887286
185,USGS,01351500,1940-04-03,A,252.01993474
186,USGS,01351500,1940-04-04,A,317.14868192
187,USGS,01351500,1940-04-05,A,433.24775298000003
188,USGS,01351500,1940-04-06,A,317.14868192
189,USGS,01351500,1940-04-07,A,282.602129068
190,USGS,01351500,1940-04-08,A,300.15857396
191,USGS,01351500,1940-04-09,A,498.37650016000003
192,USGS,01351500,1940-04-10,A,314.31699726
193,USGS,01351500,1940-04-11,A,231.348636722
194,USGS,01351500,1940-04-12,A,251.73676627400002
195,USGS,01351500,1940-04-13,A,239.560522236
196,USGS,01351500,1940-04-14,A,142.716906864
197,USGS,01351500,1940-04-15,A,100.24163696400001
198,USGS,01351500,1940-04-16,A,101.94064776
199,USGS,01351500,1940-04-17,A,95.710941508
200,USGS,01351500,1940-04-18,A,149.796118514
201,USGS,01351500,1940-04-19,A,217.756550354
202,USGS,01351500,1940-04-20,A,174.714943522
203,USGS,01351500,1940-04-21,A,252.303103206
204,USGS,01351500,1940-04-22,A,179.24563897800002
205,USGS,01351500,1940-04-23,A,132.522842088
206,USGS,01351500,1940-04-24,A,135.92086368
207,USGS,01351500,1940-04-25,A,142.433738398
208,USGS,01351500,1940-04-26,A,152.061466242
209,USGS,01351500,1940-04-27,A,121.196103448
210,USGS,01351500,1940-04-28,A,94.01193071200001
211,USGS,01351500,1940-04-29,A,78.437665082
212,USGS,01351500,1940-04-30,A,73.057464228
213,USGS,01351500,1940-05-01,A,83.817865936
214,USGS,01351500,1940-05-02,A,97.976289236
215,USGS,01351500,1940-05-03,A,93.162425314
216,USGS,01351500,1940-05-04,A,84.101034402
217,USGS,01351500,1940-05-05,A,66.261421044
218,USGS,01351500,1940-05-06,A,49.55448155
219,USGS,01351500,1940-05-07,A,38.794079842
220,USGS,01351500,1940-05-08,A,29.732688930000002
221,USGS,01351500,1940-05-09,A,25.5417956332
222,USGS,01351500,1940-05-10,A,18.689118756
223,USGS,01351500,1940-05-11,A,15.319414010600001
224,USGS,01351500,1940-05-12,A,13.7903042942
225,USGS,01351500,1940-05-13,A,12.317828271
226,USGS,01351500,1940-05-14,A,10.901985941
227,USGS,01351500,1940-05-15,A,11.2701049468
228,USGS,01351500,1940-05-16,A,11.949709265200001
229,USGS,01351500,1940-05-17,A,29.732688930000002
230,USGS,01351500,1940-05-18,A,31.714868192
231,USGS,01351500,1940-05-19,A,23.6728837576
232,USGS,01351500,1940-05-20,A,20.5863474782
233,USGS,01351500,1940-05-21,A,48.421807686
234,USGS,01351500,1940-05-22,A,35.112889784000004
235,USGS,01351500,1940-05-23,A,27.523974895200002
236,USGS,01351500,1940-05-24,A,41.059427570000004
237,USGS,01351500,1940-05-25,A,39.64358524
238,USGS,01351500,1940-05-26,A,46.439628424
239,USGS,01351500,1940-05-27,A,62.863399452
240,USGS,01351500,1940-05-28,A,70.22577956800001
241,USGS,01351500,1940-05-29,A,122.328777312
242,USGS,01351500,1940-05-30,A,113.2673864
243,USGS,01351500,1940-05-31,A,93.728762246
244,USGS,01351500,1940-06-01,A,167.06939494
245,USGS,01351500,1940-06-02,A,173.865438124
246,USGS,01351500,1940-06-03,A,105.621837818
247,USGS,01351500,1940-06-04,A,76.738654286
248,USGS,01351500,1940-06-05,A,61.730725588
249,USGS,01351500,1940-06-06,A,50.120818482000004
250,USGS,01351500,1940-06-07,A,39.64358524
251,USGS,01351500,1940-06-08,A,33.130710522
252,USGS,01351500,1940-06-09,A,29.449520464000003
253,USGS,01351500,1940-06-10,A,36.528732114
254,USGS,01351500,1940-06-11,A,26.0798157186
255,USGS,01351500,1940-06-12,A,17.273276426
256,USGS,01351500,1940-06-13,A,17.4998111988
257,USGS,01351500,1940-06-14,A,18.547534523
258,USGS,01351500,1940-06-15,A,11.609907106
259,USGS,01351500,1940-06-16,A,9.486143611000001
260,USGS,01351500,1940-06-17,A,8.353469747
261,USGS,01351500,1940-06-18,A,6.937627417
262,USGS,01351500,1940-06-19,A,6.2580230986
263,USGS,01351500,1940-06-20,A,5.4934682404
264,USGS,01351500,1940-06-21,A,4.9271313084
265,USGS,01351500,1940-06-22,A,4.4740617628
266,USGS,01351500,1940-06-23,A,4.0776259104
267,USGS,01351500,1940-06-24,A,3.9360416774
268,USGS,01351500,1940-06-25,A,4.5873291492
269,USGS,01351500,1940-06-26,A,6.088122019
270,USGS,01351500,1940-06-27,A,8.49505398
271,USGS,01351500,1940-06-28,A,9.486143611000001
272,USGS,01351500,1940-06-29,A,8.919806679
273,USGS,01351500,1940-06-30,A,7.7871328150000005
274,USGS,01351500,1940-07-01,A,7.503964349
275,USGS,01351500,1940-07-02,A,8.636638213
276,USGS,01351500,1940-07-03,A,6.6544589510000005
277,USGS,01351500,1940-07-04,A,6.2580230986
278,USGS,01351500,1940-07-05,A,6.2580230986
279,USGS,01351500,1940-07-06,A,5.4934682404
280,USGS,01351500,1940-07-07,A,4.5873291492
281,USGS,01351500,1940-07-08,A,3.9360416774
282,USGS,01351500,1940-07-09,A,3.3413878988
283,USGS,01351500,1940-07-10,A,3.0582194328
284,USGS,01351500,1940-07-11,A,2.8600015066
285,USGS,01351500,1940-07-12,A,2.8600015066
286,USGS,01351500,1940-07-13,A,3.3413878988
287,USGS,01351500,1940-07-14,A,3.6811900580000003
288,USGS,01351500,1940-07-15,A,3.1431699726
289,USGS,01351500,1940-07-16,A,2.5768330406
290,USGS,01351500,1940-07-17,A,2.265347728
291,USGS,01351500,1940-07-18,A,2.1520803416
292,USGS,01351500,1940-07-19,A,1.982179262
293,USGS,01351500,1940-07-20,A,1.982179262
294,USGS,01351500,1940-07-21,A,2.1520803416
295,USGS,01351500,1940-07-22,A,2.0671298018
296,USGS,01351500,1940-07-23,A,1.982179262
297,USGS,01351500,1940-07-24,A,2.123763495
298,USGS,01351500,1940-07-25,A,2.3219814212000003
299,USGS,01351500,1940-07-26,A,2.265347728
300,USGS,01351500,1940-07-27,A,2.3502982678
301,USGS,01351500,1940-07-28,A,2.0671298018
302,USGS,01351500,1940-07-29,A,1.7273276426000002
303,USGS,01351500,1940-07-30,A,2.690100427
304,USGS,01351500,1940-07-31,A,3.9360416774
305,USGS,01351500,1940-08-01,A,2.9449520464
306,USGS,01351500,1940-08-02,A,2.2087140348
307,USGS,01351500,1940-08-03,A,1.8689118756
308,USGS,01351500,1940-08-04,A,1.6140602562000002
309,USGS,01351500,1940-08-05,A,1.5291097164
310,USGS,01351500,1940-08-06,A,1.5291097164
311,USGS,01351500,1940-08-07,A,1.5291097164
312,USGS,01351500,1940-08-08,A,1.41584233
313,USGS,01351500,1940-08-09,A,1.5291097164
314,USGS,01351500,1940-08-10,A,1.4724760232
315,USGS,01351500,1940-08-11,A,1.2459412504
316,USGS,01351500,1940-08-12,A,1.0760401708
317,USGS,01351500,1940-08-13,A,0.991089631
318,USGS,01351500,1940-08-14,A,0.849505398
319,USGS,01351500,1940-08-15,A,0.8211885514
320,USGS,01351500,1940-08-16,A,0.7928717048
321,USGS,01351500,1940-08-17,A,0.7645548582
322,USGS,01351500,1940-08-18,A,0.707921165
323,USGS,01351500,1940-08-19,A,0.6796043184
324,USGS,01351500,1940-08-20,A,0.6229706252
325,USGS,01351500,1940-08-21,A,0.5946537786
326,USGS,01351500,1940-08-22,A,0.6229706252
327,USGS,01351500,1940-08-23,A,0.566336932
328,USGS,01351500,1940-08-24,A,0.5097032388
329,USGS,01351500,1940-08-25,A,0.4813863922
330,USGS,01351500,1940-08-26,A,0.4530695456
331,USGS,01351500,1940-08-27,A,0.4530695456
332,USGS,01351500,1940-08-28,A,0.4530695456
333,USGS,01351500,1940-08-29,A,0.4530695456
334,USGS,01351500,1940-08-30,A,0.4813863922
335,USGS,01351500,1940-08-31,A,0.7362380116
336,USGS,01351500,1940-09-01,A,1.2176244038
337,USGS,01351500,1940-09-02,A,6.4279241782000005
338,USGS,01351500,1940-09-03,A,5.6067356268
339,USGS,01351500,1940-09-04,A,3.822774291
340,USGS,01351500,1940-09-05,A,2.8600015066
341,USGS,01351500,1940-09-06,A,2.265347728
342,USGS,01351500,1940-09-07,A,1.9255455688
343,USGS,01351500,1940-09-08,A,1.6706939494
344,USGS,01351500,1940-09-09,A,1.7273276426000002
345,USGS,01351500,1940-09-10,A,1.6706939494
346,USGS,01351500,1940-09-11,A,1.6140602562000002
347,USGS,01351500,1940-09-12,A,1.6140602562000002
348,USGS,01351500,1940-09-13,A,1.6140602562000002
349,USGS,01351500,1940-09-14,A,1.557426563
350,USGS,01351500,1940-09-15,A,1.3592086368
351,USGS,01351500,1940-09-16,A,1.2459412504
352,USGS,01351500,1940-09-17,A,1.132673864
353,USGS,01351500,1940-09-18,A,1.0194064776
354,USGS,01351500,1940-09-19,A,1.0194064776
355,USGS,01351500,1940-09-20,A,0.991089631
356,USGS,01351500,1940-09-21,A,0.9627727844
357,USGS,01351500,1940-09-22,A,0.9061390912
358,USGS,01351500,1940-09-23,A,0.849505398
359,USGS,01351500,1940-09-24,A,0.849505398
360,USGS,01351500,1940-09-25,A,1.1893075572
361,USGS,01351500,1940-09-26,A,1.4724760232
362,USGS,01351500,1940-09-27,A,2.265347728
363,USGS,01351500,1940-09-28,A,2.3502982678
364,USGS,01351500,1940-09-29,A,1.8689118756
365,USGS,01351500,1940-09-30,A,1.557426563
366,USGS,01351500,1940-10-01,A,1.41584233
367,USGS,01351500,1940-10-02,A,1.2459412504
368,USGS,01351500,1940-10-03,A,1.1609907106000001
369,USGS,01351500,1940-10-04,A,1.0760401708
370,USGS,01351500,1940-10-05,A,1.0760401708
371,USGS,01351500,1940-10-06,A,1.0194064776
372,USGS,01351500,1940-10-07,A,1.0760401708
373,USGS,01351500,1940-10-08,A,1.3592086368
374,USGS,01351500,1940-10-09,A,1.6706939494
375,USGS,01351500,1940-10-10,A,2.265347728
376,USGS,01351500,1940-10-11,A,2.2087140348
377,USGS,01351500,1940-10-12,A,1.8689118756
378,USGS,01351500,1940-10-13,A,1.7273276426000002
379,USGS,01351500,1940-10-14,A,1.4724760232
380,USGS,01351500,1940-10-15,A,1.4724760232
381,USGS,01351500,1940-10-16,A,1.3592086368
382,USGS,01351500,1940-10-17,A,1.3025749436
383,USGS,01351500,1940-10-18,A,1.3025749436
384,USGS,01351500,1940-10-19,A,1.1893075572
385,USGS,01351500,1940-10-20,A,1.2459412504
386,USGS,01351500,1940-10-21,A,1.3592086368
387,USGS,01351500,1940-10-22,A,1.1893075572
388,USGS,01351500,1940-10-23,A,1.1893075572
389,USGS,01351500,1940-10-24,A,1.1609907106000001
390,USGS,01351500,1940-10-25,A,1.132673864
391,USGS,01351500,1940-10-26,A,1.0760401708
392,USGS,01351500,1940-10-27,A,0.991089631
393,USGS,01351500,1940-10-28,A,0.9627727844
394,USGS,01351500,1940-10-29,A,0.9627727844
395,USGS,01351500,1940-10-30,A,0.991089631
396,USGS,01351500,1940-10-31,A,1.0760401708
397,USGS,01351500,1940-11-01,A,1.132673864
398,USGS,01351500,1940-11-02,A,1.3592086368
399,USGS,01351500,1940-11-03,A,2.0388129552
400,USGS,01351500,1940-11-04,A,3.822774291
401,USGS,01351500,1940-11-05,A,3.5679226716
402,USGS,01351500,1940-11-06,A,3.2281205124000003
403,USGS,01351500,1940-11-07,A,2.9449520464
404,USGS,01351500,1940-11-08,A,3.1431699726
405,USGS,01351500,1940-11-09,A,2.9449520464
406,USGS,01351500,1940-11-10,A,2.690100427
407,USGS,01351500,1940-11-11,A,2.5768330406
408,USGS,01351500,1940-11-12,A,2.5768330406
409,USGS,01351500,1940-11-13,A,2.9449520464
410,USGS,01351500,1940-11-14,A,4.2192101434
411,USGS,01351500,1940-11-15,A,17.5281280454
412,USGS,01351500,1940-11-16,A,27.184172736
413,USGS,01351500,1940-11-17,A,16.706939494
414,USGS,01351500,1940-11-18,A,12.317828271
415,USGS,01351500,1940-11-19,A,9.8542626168
416,USGS,01351500,1940-11-20,A,8.353469747
417,USGS,01351500,1940-11-21,A,7.7871328150000005
418,USGS,01351500,1940-11-22,A,7.503964349
419,USGS,01351500,1940-11-23,A,6.6544589510000005
420,USGS,01351500,1940-11-24,A,6.456241024800001
421,USGS,01351500,1940-11-25,A,5.8899040928
422,USGS,01351500,1940-11-26,A,5.1253492346
423,USGS,01351500,1940-11-27,A,4.4740617628
424,USGS,01351500,1940-11-28,A,4.3324775298
425,USGS,01351500,1940-11-29,A,4.105942757
426,USGS,01351500,1940-11-30,A,4.4740617628
427,USGS,01351500,1940-12-01,A,4.672279689
428,USGS,01351500,1940-12-02,A,4.530695456
429,USGS,01351500,1940-12-03,A,4.24752699
430,USGS,01351500,1940-12-04,A,3.6811900580000003
431,USGS,01351500,1940-12-05,A,3.822774291
432,USGS,01351500,1940-12-06,A,3.822774291
433,USGS,01351500,1940-12-07,A,4.530695456
434,USGS,01351500,1940-12-08,A,5.5217850870000005
435,USGS,01351500,1940-12-09,A,9.627727844
436,USGS,01351500,1940-12-10,A,7.362380116000001
437,USGS,01351500,1940-12-11,A,7.928717048
438,USGS,01351500,1940-12-12,A,9.061390912
439,USGS,01351500,1940-12-13,A,42.4752699
440,USGS,01351500,1940-12-14,A,45.30695456
441,USGS,01351500,1940-12-15,A,21.520803416
442,USGS,01351500,1940-12-16,A,23.219814212
443,USGS,01351500,1940-12-17,A,79.28717048
444,USGS,01351500,1940-12-18,A,34.546552852
445,USGS,01351500,1940-12-19,A,26.617835804000002
446,USGS,01351500,1940-12-20,A,22.087140348000002
447,USGS,01351500,1940-12-21,A,20.388129552000002
448,USGS,01351500,1940-12-22,A,18.689118756
449,USGS,01351500,1940-12-23,A,15.857434096
450,USGS,01351500,1940-12-24,A,12.459412504
451,USGS,01351500,1940-12-25,A,11.893075572
452,USGS,01351500,1940-12-26,A,10.477233242
453,USGS,01351500,1940-12-27,A,13.308917902000001
454,USGS,01351500,1940-12-28,A,62.297062520000004
455,USGS,01351500,1940-12-29,A,122.611945778
456,USGS,01351500,1940-12-30,A,126.00996737
457,USGS,01351500,1940-12-31,A,72.20795883
458,USGS,01351500,1941-01-01,A,46.439628424
459,USGS,01351500,1941-01-02,A,31.714868192
460,USGS,01351500,1941-01-03,A,27.184172736
461,USGS,01351500,1941-01-04,A,26.617835804000002
462,USGS,01351500,1941-01-05,A,21.4924865694
463,USGS,01351500,1941-01-06,A,18.689118756
464,USGS,01351500,1941-01-07,A,15.291097164
465,USGS,01351500,1941-01-08,A,14.1584233
466,USGS,01351500,1941-01-09,A,14.724760232000001
467,USGS,01351500,1941-01-10,A,18.122781824
468,USGS,01351500,1941-01-11,A,15.291097164
469,USGS,01351500,1941-01-12,A,12.74258097
470,USGS,01351500,1941-01-13,A,11.043570174000001
471,USGS,01351500,1941-01-14,A,9.91089631
472,USGS,01351500,1941-01-15,A,9.91089631
473,USGS,01351500,1941-01-16,A,11.32673864
474,USGS,01351500,1941-01-17,A,12.176244038
475,USGS,01351500,1941-01-18,A,11.893075572
476,USGS,01351500,1941-01-19,A,11.32673864
477,USGS,01351500,1941-01-20,A,9.061390912
478,USGS,01351500,1941-01-21,A,9.627727844
479,USGS,01351500,1941-01-22,A,10.477233242
480,USGS,01351500,1941-01-23,A,9.91089631
481,USGS,01351500,1941-01-24,A,9.344559378
482,USGS,01351500,1941-01-25,A,9.627727844
483,USGS,01351500,1941-01-26,A,9.344559378
484,USGS,01351500,1941-01-27,A,9.061390912
485,USGS,01351500,1941-01-28,A,8.49505398
486,USGS,01351500,1941-01-29,A,7.928717048
487,USGS,01351500,1941-01-30,A,7.362380116000001
488,USGS,01351500,1941-01-31,A,7.928717048
489,USGS,01351500,1941-02-01,A,8.49505398
490,USGS,01351500,1941-02-02,A,8.49505398
491,USGS,01351500,1941-02-03,A,7.928717048
492,USGS,01351500,1941-02-04,A,7.645548582
493,USGS,01351500,1941-02-05,A,7.362380116000001
494,USGS,01351500,1941-02-06,A,7.928717048
495,USGS,01351500,1941-02-07,A,9.91089631
496,USGS,01351500,1941-02-08,A,76.45548582
497,USGS,01351500,1941-02-09,A,67.96043184
498,USGS,01351500,1941-02-10,A,39.64358524
499,USGS,01351500,1941-02-11,A,29.449520464000003
500,USGS,01351500,1941-02-12,A,24.352488076
501,USGS,01351500,1941-02-13,A,21.520803416
502,USGS,01351500,1941-02-14,A,20.954466484
503,USGS,01351500,1941-02-15,A,39.64358524
504,USGS,01351500,1941-02-16,A,42.4752699
505,USGS,01351500,1941-02-17,A,23.219814212
506,USGS,01351500,1941-02-18,A,19.255455688
507,USGS,01351500,1941-02-19,A,15.857434096
508,USGS,01351500,1941-02-20,A,13.875254834
509,USGS,01351500,1941-02-21,A,13.025749436
510,USGS,01351500,1941-02-22,A,12.74258097
511,USGS,01351500,1941-02-23,A,11.893075572
512,USGS,01351500,1941-02-24,A,10.477233242
513,USGS,01351500,1941-02-25,A,9.91089631
514,USGS,01351500,1941-02-26,A,9.344559378
515,USGS,01351500,1941-02-27,A,9.061390912
516,USGS,01351500,1941-02-28,A,8.211885514
517,USGS,01351500,1941-03-01,A,7.928717048
518,USGS,01351500,1941-03-02,A,7.645548582
519,USGS,01351500,1941-03-03,A,7.928717048
520,USGS,01351500,1941-03-04,A,33.98021592
521,USGS,01351500,1941-03-05,A,39.64358524
522,USGS,01351500,1941-03-06,A,23.786151144
523,USGS,01351500,1941-03-07,A,13.875254834
524,USGS,01351500,1941-03-08,A,9.91089631
525,USGS,01351500,1941-03-09,A,7.928717048
526,USGS,01351500,1941-03-10,A,6.937627417
527,USGS,01351500,1941-03-11,A,6.512874718
528,USGS,01351500,1941-03-12,A,6.937627417
529,USGS,01351500,1941-03-13,A,6.937627417
530,USGS,01351500,1941-03-14,A,6.512874718
531,USGS,01351500,1941-03-15,A,6.512874718
532,USGS,01351500,1941-03-16,A,7.645548582
533,USGS,01351500,1941-03-17,A,8.49505398
534,USGS,01351500,1941-03-18,A,8.211885514
535,USGS,01351500,1941-03-19,A,7.07921165
536,USGS,01351500,1941-03-20,A,6.937627417
537,USGS,01351500,1941-03-21,A,6.6544589510000005
538,USGS,01351500,1941-03-22,A,7.07921165
539,USGS,01351500,1941-03-23,A,11.32673864
540,USGS,01351500,1941-03-24,A,21.520803416
541,USGS,01351500,1941-03-25,A,16.99010796
542,USGS,01351500,1941-03-26,A,20.954466484
543,USGS,01351500,1941-03-27,A,30.015857396
544,USGS,01351500,1941-03-28,A,43.891112230000005
545,USGS,01351500,1941-03-29,A,48.13863922
546,USGS,01351500,1941-03-30,A,42.4752699
547,USGS,01351500,1941-03-31,A,39.360416774
548,USGS,01351500,1941-04-01,A,41.625764502
549,USGS,01351500,1941-04-02,A,45.873291492
550,USGS,01351500,1941-04-03,A,95.427773042
551,USGS,01351500,1941-04-04,A,118.36441878800001
552,USGS,01351500,1941-04-05,A,113.2673864
553,USGS,01351500,1941-04-06,A,129.691157428
554,USGS,01351500,1941-04-07,A,141.301064534
555,USGS,01351500,1941-04-08,A,109.303027876
556,USGS,01351500,1941-04-09,A,102.506984692
557,USGS,01351500,1941-04-10,A,96.27727844
558,USGS,01351500,1941-04-11,A,90.330740654
559,USGS,01351500,1941-04-12,A,80.986181276
560,USGS,01351500,1941-04-13,A,73.62380116
561,USGS,01351500,1941-04-14,A,73.62380116
562,USGS,01351500,1941-04-15,A,66.54458951000001
563,USGS,01351500,1941-04-16,A,49.55448155
564,USGS,01351500,1941-04-17,A,39.926753706
565,USGS,01351500,1941-04-18,A,32.847542056
566,USGS,01351500,1941-04-19,A,35.679226716
567,USGS,01351500,1941-04-20,A,31.998036658
568,USGS,01351500,1941-04-21,A,25.966548332200002
569,USGS,01351500,1941-04-22,A,21.8606055752
570,USGS,01351500,1941-04-23,A,18.9156535288
571,USGS,01351500,1941-04-24,A,17.273276426
572,USGS,01351500,1941-04-25,A,16.0839688688
573,USGS,01351500,1941-04-26,A,14.1584233
574,USGS,01351500,1941-04-27,A,13.025749436
575,USGS,01351500,1941-04-28,A,11.609907106
576,USGS,01351500,1941-04-29,A,9.8542626168
577,USGS,01351500,1941-04-30,A,8.636638213
578,USGS,01351500,1941-05-01,A,7.7871328150000005
579,USGS,01351500,1941-05-02,A,6.937627417
580,USGS,01351500,1941-05-03,A,6.456241024800001
581,USGS,01351500,1941-05-04,A,5.8899040928
582,USGS,01351500,1941-05-05,A,5.4934682404
583,USGS,01351500,1941-05-06,A,5.2952503142000005
584,USGS,01351500,1941-05-07,A,4.9271313084
585,USGS,01351500,1941-05-08,A,5.1253492346
586,USGS,01351500,1941-05-09,A,6.2580230986
587,USGS,01351500,1941-05-10,A,6.2580230986
588,USGS,01351500,1941-05-11,A,6.937627417
589,USGS,01351500,1941-05-12,A,5.2952503142000005
590,USGS,01351500,1941-05-13,A,4.4740617628
591,USGS,01351500,1941-05-14,A,4.0776259104
592,USGS,01351500,1941-05-15,A,3.822774291
593,USGS,01351500,1941-05-16,A,3.4263384386
594,USGS,01351500,1941-05-17,A,3.3413878988
595,USGS,01351500,1941-05-18,A,2.9449520464
596,USGS,01351500,1941-05-19,A,2.7750509668000003
597,USGS,01351500,1941-05-20,A,2.5768330406
598,USGS,01351500,1941-05-21,A,2.4918825008
599,USGS,01351500,1941-05-22,A,2.3502982678
600,USGS,01351500,1941-05-23,A,2.2087140348
601,USGS,01351500,1941-05-24,A,1.982179262
602,USGS,01351500,1941-05-25,A,1.9255455688
603,USGS,01351500,1941-05-26,A,1.7839613358
604,USGS,01351500,1941-05-27,A,1.7273276426000002
605,USGS,01351500,1941-05-28,A,1.8689118756
606,USGS,01351500,1941-05-29,A,1.9255455688
607,USGS,01351500,1941-05-30,A,1.982179262
608,USGS,01351500,1941-05-31,A,2.1520803416
609,USGS,01351500,1941-06-01,A,1.9255455688
610,USGS,01351500,1941-06-02,A,1.8689118756
611,USGS,01351500,1941-06-03,A,1.6140602562000002
612,USGS,01351500,1941-06-04,A,1.5291097164
613,USGS,01351500,1941-06-05,A,1.6140602562000002
614,USGS,01351500,1941-06-06,A,1.7273276426000002
615,USGS,01351500,1941-06-07,A,2.4352488076
616,USGS,01351500,1941-06-08,A,2.2087140348
617,USGS,01351500,1941-06-09,A,1.7273276426000002
618,USGS,01351500,1941-06-10,A,1.41584233
619,USGS,01351500,1941-06-11,A,1.1609907106000001
620,USGS,01351500,1941-06-12,A,1.0760401708
621,USGS,01351500,1941-06-13,A,1.0760401708
622,USGS,01351500,1941-06-14,A,1.1609907106000001
623,USGS,01351500,1941-06-15,A,1.1893075572
624,USGS,01351500,1941-06-16,A,1.2459412504
625,USGS,01351500,1941-06-17,A,1.4441591766
626,USGS,01351500,1941-06-18,A,2.690100427
627,USGS,01351500,1941-06-19,A,3.0582194328
628,USGS,01351500,1941-06-20,A,2.4352488076
629,USGS,01351500,1941-06-21,A,2.0671298018
630,USGS,01351500,1941-06-22,A,1.6706939494
631,USGS,01351500,1941-06-23,A,1.41584233
632,USGS,01351500,1941-06-24,A,1.2459412504
633,USGS,01351500,1941-06-25,A,1.0760401708
634,USGS,01351500,1941-06-26,A,0.9627727844
635,USGS,01351500,1941-06-27,A,0.849505398
636,USGS,01351500,1941-06-28,A,0.7645548582
637,USGS,01351500,1941-06-29,A,0.7362380116
638,USGS,01351500,1941-06-30,A,0.6796043184
639,USGS,01351500,1941-07-01,A,0.6796043184
640,USGS,01351500,1941-07-02,A,1.0194064776
641,USGS,01351500,1941-07-03,A,1.41584233
642,USGS,01351500,1941-07-04,A,1.4724760232
643,USGS,01351500,1941-07-05,A,1.0760401708
644,USGS,01351500,1941-07-06,A,0.9061390912
645,USGS,01351500,1941-07-07,A,0.7928717048
646,USGS,01351500,1941-07-08,A,0.7645548582
647,USGS,01351500,1941-07-09,A,0.707921165
648,USGS,01351500,1941-07-10,A,0.5946537786
649,USGS,01351500,1941-07-11,A,0.5097032388
650,USGS,01351500,1941-07-12,A,0.6229706252
651,USGS,01351500,1941-07-13,A,0.849505398
652,USGS,01351500,1941-07-14,A,0.566336932
653,USGS,01351500,1941-07-15,A,0.566336932
654,USGS,01351500,1941-07-16,A,0.5946537786
655,USGS,01351500,1941-07-17,A,0.7362380116
656,USGS,01351500,1941-07-18,A,0.707921165
657,USGS,01351500,1941-07-19,A,0.8211885514
658,USGS,01351500,1941-07-20,A,0.8211885514
659,USGS,01351500,1941-07-21,A,0.7928717048
660,USGS,01351500,1941-07-22,A,0.7362380116
661,USGS,01351500,1941-07-23,A,0.7362380116
662,USGS,01351500,1941-07-24,A,0.6229706252
663,USGS,01351500,1941-07-25,A,0.5380200854
664,USGS,01351500,1941-07-26,A,0.424752699
665,USGS,01351500,1941-07-27,A,0.3964358524
666,USGS,01351500,1941-07-28,A,0.424752699
667,USGS,01351500,1941-07-29,A,0.424752699
668,USGS,01351500,1941-07-30,A,0.849505398
669,USGS,01351500,1941-07-31,A,1.8689118756
670,USGS,01351500,1941-08-01,A,2.4918825008
671,USGS,01351500,1941-08-02,A,2.3502982678
672,USGS,01351500,1941-08-03,A,2.4918825008
673,USGS,01351500,1941-08-04,A,1.7839613358
674,USGS,01351500,1941-08-05,A,1.3592086368
675,USGS,01351500,1941-08-06,A,1.0194064776
676,USGS,01351500,1941-08-07,A,0.849505398
677,USGS,01351500,1941-08-08,A,0.7362380116
678,USGS,01351500,1941-08-09,A,0.6229706252
679,USGS,01351500,1941-08-10,A,0.5097032388
680,USGS,01351500,1941-08-11,A,0.424752699
681,USGS,01351500,1941-08-12,A,0.3964358524
682,USGS,01351500,1941-08-13,A,0.3398021592
683,USGS,01351500,1941-08-14,A,0.3114853126
684,USGS,01351500,1941-08-15,A,0.3114853126
685,USGS,01351500,1941-08-16,A,0.3681190058
686,USGS,01351500,1941-08-17,A,0.3964358524
687,USGS,01351500,1941-08-18,A,0.424752699
688,USGS,01351500,1941-08-19,A,0.4530695456
689,USGS,01351500,1941-08-20,A,0.5380200854
690,USGS,01351500,1941-08-21,A,0.566336932
691,USGS,01351500,1941-08-22,A,0.566336932
692,USGS,01351500,1941-08-23,A,0.5380200854
693,USGS,01351500,1941-08-24,A,0.4530695456
694,USGS,01351500,1941-08-25,A,0.5097032388
695,USGS,01351500,1941-08-26,A,0.5097032388
696,USGS,01351500,1941-08-27,A,0.566336932
697,USGS,01351500,1941-08-28,A,0.5097032388
698,USGS,01351500,1941-08-29,A,0.4530695456
699,USGS,01351500,1941-08-30,A,0.424752699
700,USGS,01351500,1941-08-31,A,0.566336932
701,USGS,01351500,1941-09-01,A,1.5857434096
702,USGS,01351500,1941-09-02,A,0.991089631
703,USGS,01351500,1941-09-03,A,0.7928717048
704,USGS,01351500,1941-09-04,A,1.132673864
705,USGS,01351500,1941-09-05,A,1.0194064776
706,USGS,01351500,1941-09-06,A,0.8211885514
707,USGS,01351500,1941-09-07,A,0.6796043184
708,USGS,01351500,1941-09-08,A,0.5380200854
709,USGS,01351500,1941-09-09,A,0.4530695456
710,USGS,01351500,1941-09-10,A,0.4530695456
711,USGS,01351500,1941-09-11,A,0.5097032388
712,USGS,01351500,1941-09-12,A,0.4530695456
713,USGS,01351500,1941-09-13,A,0.4530695456
714,USGS,01351500,1941-09-14,A,0.424752699
715,USGS,01351500,1941-09-15,A,0.4530695456
716,USGS,01351500,1941-09-16,A,0.424752699
717,USGS,01351500,1941-09-17,A,0.3964358524
718,USGS,01351500,1941-09-18,A,0.3398021592
719,USGS,01351500,1941-09-19,A,0.3114853126
720,USGS,01351500,1941-09-20,A,0.3114853126
721,USGS,01351500,1941-09-21,A,0.27750509668
722,USGS,01351500,1941-09-22,A,0.26617835804
723,USGS,01351500,1941-09-23,A,0.26617835804
724,USGS,01351500,1941-09-24,A,0.26617835804
725,USGS,01351500,1941-09-25,A,0.25768330406
726,USGS,01351500,1941-09-26,A,0.24918825008000003
727,USGS,01351500,1941-09-27,A,0.24918825008000003
728,USGS,01351500,1941-09-28,A,0.23219814211999998
729,USGS,01351500,1941-09-29,A,0.22370308814
730,USGS,01351500,1941-09-30,A,0.21520803416
731,USGS,01351500,1941-10-01,A,0.20671298018
732,USGS,01351500,1941-10-02,A,0.20671298018
733,USGS,01351500,1941-10-03,A,0.25768330406
734,USGS,01351500,1941-10-04,A,0.283168466
735,USGS,01351500,1941-10-05,A,0.3964358524
736,USGS,01351500,1941-10-06,A,0.4813863922
737,USGS,01351500,1941-10-07,A,0.4530695456
738,USGS,01351500,1941-10-08,A,0.424752699
739,USGS,01351500,1941-10-09,A,0.424752699
740,USGS,01351500,1941-10-10,A,0.3964358524
741,USGS,01351500,1941-10-11,A,0.424752699
742,USGS,01351500,1941-10-12,A,0.3964358524
743,USGS,01351500,1941-10-13,A,0.3964358524
744,USGS,01351500,1941-10-14,A,0.3964358524
745,USGS,01351500,1941-10-15,A,0.3964358524
746,USGS,01351500,1941-10-16,A,0.424752699
747,USGS,01351500,1941-10-17,A,0.424752699
748,USGS,01351500,1941-10-18,A,0.424752699
749,USGS,01351500,1941-10-19,A,0.4813863922
750,USGS,01351500,1941-10-20,A,0.4530695456
751,USGS,01351500,1941-10-21,A,0.4530695456
752,USGS,01351500,1941-10-22,A,0.4530695456
753,USGS,01351500,1941-10-23,A,0.424752699
754,USGS,01351500,1941-10-24,A,0.424752699
755,USGS,01351500,1941-10-25,A,0.3964358524
756,USGS,01351500,1941-10-26,A,0.3964358524
757,USGS,01351500,1941-10-27,A,0.424752699
758,USGS,01351500,1941-10-28,A,0.4813863922
759,USGS,01351500,1941-10-29,A,0.4530695456
760,USGS,01351500,1941-10-30,A,0.4813863922
761,USGS,01351500,1941-10-31,A,0.5097032388
762,USGS,01351500,1941-11-01,A,0.6796043184
763,USGS,01351500,1941-11-02,A,0.7928717048
764,USGS,01351500,1941-11-03,A,0.9061390912
765,USGS,01351500,1941-11-04,A,1.5291097164
766,USGS,01351500,1941-11-05,A,1.6140602562000002
767,USGS,01351500,1941-11-06,A,1.4724760232
768,USGS,01351500,1941-11-07,A,1.41584233
769,USGS,01351500,1941-11-08,A,1.3025749436
770,USGS,01351500,1941-11-09,A,1.557426563
771,USGS,01351500,1941-11-10,A,1.9255455688
772,USGS,01351500,1941-11-11,A,1.6706939494
773,USGS,01351500,1941-11-12,A,1.41584233
774,USGS,01351500,1941-11-13,A,1.2459412504
775,USGS,01351500,1941-11-14,A,1.1609907106000001
776,USGS,01351500,1941-11-15,A,1.132673864
777,USGS,01351500,1941-11-16,A,1.132673864
778,USGS,01351500,1941-11-17,A,1.0194064776
779,USGS,01351500,1941-11-18,A,0.9627727844
780,USGS,01351500,1941-11-19,A,0.9627727844
781,USGS,01351500,1941-11-20,A,0.9061390912
782,USGS,01351500,1941-11-21,A,0.9627727844
783,USGS,01351500,1941-11-22,A,0.8211885514
784,USGS,01351500,1941-11-23,A,0.849505398
785,USGS,01351500,1941-11-24,A,0.9061390912
786,USGS,01351500,1941-11-25,A,0.9627727844
787,USGS,01351500,1941-11-26,A,0.991089631
788,USGS,01351500,1941-11-27,A,1.0194064776
789,USGS,01351500,1941-11-28,A,0.991089631
790,USGS,01351500,1941-11-29,A,0.9627727844
791,USGS,01351500,1941-11-30,A,0.9627727844
792,USGS,01351500,1941-12-01,A,0.849505398
793,USGS,01351500,1941-12-02,A,0.8211885514
794,USGS,01351500,1941-12-03,A,0.8211885514
795,USGS,01351500,1941-12-04,A,0.849505398
796,USGS,01351500,1941-12-05,A,0.849505398
797,USGS,01351500,1941-12-06,A,0.849505398
798,USGS,01351500,1941-12-07,A,0.7362380116
799,USGS,01351500,1941-12-08,A,0.6229706252
800,USGS,01351500,1941-12-09,A,0.7362380116
801,USGS,01351500,1941-12-10,A,0.707921165
802,USGS,01351500,1941-12-11,A,0.6229706252
803,USGS,01351500,1941-12-12,A,0.566336932
804,USGS,01351500,1941-12-13,A,0.5946537786
805,USGS,01351500,1941-12-14,A,0.7928717048
806,USGS,01351500,1941-12-15,A,0.7645548582
807,USGS,01351500,1941-12-16,A,0.7362380116
808,USGS,01351500,1941-12-17,A,0.7645548582
809,USGS,01351500,1941-12-18,A,0.7928717048
810,USGS,01351500,1941-12-19,A,1.0194064776
811,USGS,01351500,1941-12-20,A,0.9627727844
812,USGS,01351500,1941-12-21,A,0.7362380116
813,USGS,01351500,1941-12-22,A,0.7928717048
814,USGS,01351500,1941-12-23,A,0.9061390912
815,USGS,01351500,1941-12-24,A,2.8883183532
816,USGS,01351500,1941-12-25,A,26.051498872
817,USGS,01351500,1941-12-26,A,22.1154571946
818,USGS,01351500,1941-12-27,A,13.7903042942
819,USGS,01351500,1941-12-28,A,11.609907106
820,USGS,01351500,1941-12-29,A,8.49505398
821,USGS,01351500,1941-12-30,A,5.66336932
822,USGS,01351500,1941-12-31,A,4.530695456
823,USGS,01351500,1942-01-01,A,4.813863922
824,USGS,01351500,1942-01-02,A,7.362380116000001
825,USGS,01351500,1942-01-03,A,14.1584233
826,USGS,01351500,1942-01-04,A,10.194064776000001
827,USGS,01351500,1942-01-05,A,7.503964349
828,USGS,01351500,1942-01-06,A,4.9271313084
829,USGS,01351500,1942-01-07,A,3.3413878988
830,USGS,01351500,1942-01-08,A,3.0582194328
831,USGS,01351500,1942-01-09,A,3.3413878988
832,USGS,01351500,1942-01-10,A,3.539605825
833,USGS,01351500,1942-01-11,A,3.0582194328
834,USGS,01351500,1942-01-12,A,2.4918825008
835,USGS,01351500,1942-01-13,A,2.1520803416
836,USGS,01351500,1942-01-14,A,1.982179262
837,USGS,01351500,1942-01-15,A,1.8689118756
838,USGS,01351500,1942-01-16,A,1.7556444892
839,USGS,01351500,1942-01-17,A,1.6423771028
840,USGS,01351500,1942-01-18,A,1.7556444892
841,USGS,01351500,1942-01-19,A,3.0582194328
842,USGS,01351500,1942-01-20,A,7.928717048
843,USGS,01351500,1942-01-21,A,5.946537786
844,USGS,01351500,1942-01-22,A,4.24752699
845,USGS,01351500,1942-01-23,A,3.6811900580000003
846,USGS,01351500,1942-01-24,A,3.398021592
847,USGS,01351500,1942-01-25,A,3.2281205124000003
848,USGS,01351500,1942-01-26,A,3.0582194328
849,USGS,01351500,1942-01-27,A,2.9449520464
850,USGS,01351500,1942-01-28,A,2.7750509668000003
851,USGS,01351500,1942-01-29,A,2.265347728
852,USGS,01351500,1942-01-30,A,2.0388129552
853,USGS,01351500,1942-01-31,A,2.4352488076
854,USGS,01351500,1942-02-01,A,4.672279689
855,USGS,01351500,1942-02-02,A,4.105942757
856,USGS,01351500,1942-02-03,A,2.8883183532
857,USGS,01351500,1942-02-04,A,2.6617835804
858,USGS,01351500,1942-02-05,A,2.7750509668000003
859,USGS,01351500,1942-02-06,A,2.6051498872
860,USGS,01351500,1942-02-07,A,2.4918825008
861,USGS,01351500,1942-02-08,A,2.4352488076
862,USGS,01351500,1942-02-09,A,2.2087140348
863,USGS,01351500,1942-02-10,A,2.265347728
864,USGS,01351500,1942-02-11,A,2.1520803416
865,USGS,01351500,1942-02-12,A,2.1520803416
866,USGS,01351500,1942-02-13,A,2.0388129552
867,USGS,01351500,1942-02-14,A,2.0954466484000003
868,USGS,01351500,1942-02-15,A,1.982179262
869,USGS,01351500,1942-02-16,A,1.9255455688
870,USGS,01351500,1942-02-17,A,3.539605825
871,USGS,01351500,1942-02-18,A,9.061390912
872,USGS,01351500,1942-02-19,A,7.928717048
873,USGS,01351500,1942-02-20,A,4.530695456
874,USGS,01351500,1942-02-21,A,3.822774291
875,USGS,01351500,1942-02-22,A,3.6811900580000003
876,USGS,01351500,1942-02-23,A,3.4546552852000003
877,USGS,01351500,1942-02-24,A,3.1714868192
878,USGS,01351500,1942-02-25,A,2.8883183532
879,USGS,01351500,1942-02-26,A,2.6051498872
880,USGS,01351500,1942-02-27,A,2.3786151144
881,USGS,01351500,1942-02-28,A,2.265347728
882,USGS,01351500,1942-03-01,A,2.6617835804
883,USGS,01351500,1942-03-02,A,3.6811900580000003
884,USGS,01351500,1942-03-03,A,5.238616621
885,USGS,01351500,1942-03-04,A,5.946537786
886,USGS,01351500,1942-03-05,A,4.672279689
887,USGS,01351500,1942-03-06,A,5.238616621
888,USGS,01351500,1942-03-07,A,6.512874718
889,USGS,01351500,1942-03-08,A,16.99010796
890,USGS,01351500,1942-03-09,A,322.81205124
891,USGS,01351500,1942-03-10,A,139.035716806
892,USGS,01351500,1942-03-11,A,54.651513938
893,USGS,01351500,1942-03-12,A,54.368345472
894,USGS,01351500,1942-03-13,A,42.758438366
895,USGS,01351500,1942-03-14,A,41.059427570000004
896,USGS,01351500,1942-03-15,A,30.299025862
897,USGS,01351500,1942-03-16,A,31.714868192
898,USGS,01351500,1942-03-17,A,356.79226716
899,USGS,01351500,1942-03-18,A,214.358528762
900,USGS,01351500,1942-03-19,A,103.639658556
901,USGS,01351500,1942-03-20,A,60.314883258
902,USGS,01351500,1942-03-21,A,50.97032388
903,USGS,01351500,1942-03-22,A,103.073321624
904,USGS,01351500,1942-03-23,A,82.402023606
905,USGS,01351500,1942-03-24,A,53.80200854
906,USGS,01351500,1942-03-25,A,42.758438366
907,USGS,01351500,1942-03-26,A,35.962395182
908,USGS,01351500,1942-03-27,A,35.962395182
909,USGS,01351500,1942-03-28,A,37.095069046
910,USGS,01351500,1942-03-29,A,32.281205124
911,USGS,01351500,1942-03-30,A,30.865362794
912,USGS,01351500,1942-03-31,A,32.281205124
913,USGS,01351500,1942-04-01,A,39.360416774
914,USGS,01351500,1942-04-02,A,41.059427570000004
915,USGS,01351500,1942-04-03,A,42.758438366
916,USGS,01351500,1942-04-04,A,47.005965356000004
917,USGS,01351500,1942-04-05,A,47.572302288
918,USGS,01351500,1942-04-06,A,44.174280696000004
919,USGS,01351500,1942-04-07,A,39.926753706
920,USGS,01351500,1942-04-08,A,74.473306558
921,USGS,01351500,1942-04-09,A,77.021822752
922,USGS,01351500,1942-04-10,A,52.102997744
923,USGS,01351500,1942-04-11,A,45.873291492
924,USGS,01351500,1942-04-12,A,43.324775298
925,USGS,01351500,1942-04-13,A,48.13863922
926,USGS,01351500,1942-04-14,A,55.784187802
927,USGS,01351500,1942-04-15,A,48.13863922
928,USGS,01351500,1942-04-16,A,57.483198598
929,USGS,01351500,1942-04-17,A,54.651513938
930,USGS,01351500,1942-04-18,A,43.324775298
931,USGS,01351500,1942-04-19,A,38.794079842
932,USGS,01351500,1942-04-20,A,38.22774291
933,USGS,01351500,1942-04-21,A,40.493090638
934,USGS,01351500,1942-04-22,A,33.98021592
935,USGS,01351500,1942-04-23,A,26.9293211166
936,USGS,01351500,1942-04-24,A,22.7667446664
937,USGS,01351500,1942-04-25,A,19.3120893812
938,USGS,01351500,1942-04-26,A,16.848523727
939,USGS,01351500,1942-04-27,A,14.5548591524
940,USGS,01351500,1942-04-28,A,12.317828271
941,USGS,01351500,1942-04-29,A,10.901985941
942,USGS,01351500,1942-04-30,A,9.486143611000001
943,USGS,01351500,1942-05-01,A,8.636638213
944,USGS,01351500,1942-05-02,A,8.919806679
945,USGS,01351500,1942-05-03,A,8.919806679
946,USGS,01351500,1942-05-04,A,8.070301281
947,USGS,01351500,1942-05-05,A,6.937627417
948,USGS,01351500,1942-05-06,A,6.2580230986
949,USGS,01351500,1942-05-07,A,6.6544589510000005
950,USGS,01351500,1942-05-08,A,11.609907106
951,USGS,01351500,1942-05-09,A,11.2701049468
952,USGS,01351500,1942-05-10,A,9.202975145
953,USGS,01351500,1942-05-11,A,7.503964349
954,USGS,01351500,1942-05-12,A,6.2580230986
955,USGS,01351500,1942-05-13,A,5.8899040928
956,USGS,01351500,1942-05-14,A,5.8899040928
957,USGS,01351500,1942-05-15,A,5.8899040928
958,USGS,01351500,1942-05-16,A,4.5873291492
959,USGS,01351500,1942-05-17,A,4.3324775298
960,USGS,01351500,1942-05-18,A,4.2192101434
961,USGS,01351500,1942-05-19,A,4.0776259104
962,USGS,01351500,1942-05-20,A,3.822774291
963,USGS,01351500,1942-05-21,A,5.0120818482
964,USGS,01351500,1942-05-22,A,17.1033753464
965,USGS,01351500,1942-05-23,A,69.093105704
966,USGS,01351500,1942-05-24,A,56.916861666
967,USGS,01351500,1942-05-25,A,30.299025862
968,USGS,01351500,1942-05-26,A,22.7667446664
969,USGS,01351500,1942-05-27,A,18.066148130800002
970,USGS,01351500,1942-05-28,A,14.5548591524
971,USGS,01351500,1942-05-29,A,11.949709265200001
972,USGS,01351500,1942-05-30,A,9.8542626168
973,USGS,01351500,1942-05-31,A,11.609907106
974,USGS,01351500,1942-06-01,A,14.9512950048
975,USGS,01351500,1942-06-02,A,81.269349742
976,USGS,01351500,1942-06-03,A,54.368345472
977,USGS,01351500,1942-06-04,A,41.342596036
978,USGS,01351500,1942-06-05,A,63.146567918
979,USGS,01351500,1942-06-06,A,34.829721318000004
980,USGS,01351500,1942-06-07,A,27.382390662200002
981,USGS,01351500,1942-06-08,A,59.748546326
982,USGS,01351500,1942-06-09,A,30.865362794
983,USGS,01351500,1942-06-10,A,21.4075360296
984,USGS,01351500,1942-06-11,A,16.848523727
985,USGS,01351500,1942-06-12,A,39.077248308
986,USGS,01351500,1942-06-13,A,42.192101434
987,USGS,01351500,1942-06-14,A,101.374310828
988,USGS,01351500,1942-06-15,A,125.726798904
989,USGS,01351500,1942-06-16,A,47.572302288
990,USGS,01351500,1942-06-17,A,31.714868192
991,USGS,01351500,1942-06-18,A,43.041606832
992,USGS,01351500,1942-06-19,A,29.449520464000003
993,USGS,01351500,1942-06-20,A,20.954466484
994,USGS,01351500,1942-06-21,A,17.6697122784
995,USGS,01351500,1942-06-22,A,18.9156535288
996,USGS,01351500,1942-06-23,A,14.9512950048
997,USGS,01351500,1942-06-24,A,11.2701049468
998,USGS,01351500,1942-06-25,A,8.919806679
999,USGS,01351500,1942-06-26,A,7.503964349
1000,USGS,01351500,1942-06-27,A,6.456241024800001
1001,USGS,01351500,1942-06-28,A,5.4934682404
1002,USGS,01351500,1942-06-29,A,4.7289133822
1003,USGS,01351500,1942-06-30,A,4.2192101434
1004,USGS,01351500,1942-07-01,A,3.822774291
1005,USGS,01351500,1942-07-02,A,4.4740617628
1006,USGS,01351500,1942-07-03,A,4.5873291492
1007,USGS,01351500,1942-07-04,A,4.0776259104
1008,USGS,01351500,1942-07-05,A,4.0776259104
1009,USGS,01351500,1942-07-06,A,4.0776259104
1010,USGS,01351500,1942-07-07,A,3.4263384386
1011,USGS,01351500,1942-07-08,A,3.2281205124000003
1012,USGS,01351500,1942-07-09,A,2.9449520464
1013,USGS,01351500,1942-07-10,A,2.5768330406
1014,USGS,01351500,1942-07-11,A,8.4384202868
1015,USGS,01351500,1942-07-12,A,13.1956505156
1016,USGS,01351500,1942-07-13,A,7.220795883
1017,USGS,01351500,1942-07-14,A,4.5873291492
1018,USGS,01351500,1942-07-15,A,3.3413878988
1019,USGS,01351500,1942-07-16,A,2.690100427
1020,USGS,01351500,1942-07-17,A,2.3502982678
1021,USGS,01351500,1942-07-18,A,2.265347728
1022,USGS,01351500,1942-07-19,A,2.5201993474
1023,USGS,01351500,1942-07-20,A,11.2701049468
1024,USGS,01351500,1942-07-21,A,6.2580230986
1025,USGS,01351500,1942-07-22,A,3.6811900580000003
1026,USGS,01351500,1942-07-23,A,2.8600015066
1027,USGS,01351500,1942-07-24,A,2.4352488076
1028,USGS,01351500,1942-07-25,A,2.265347728
1029,USGS,01351500,1942-07-26,A,2.265347728
1030,USGS,01351500,1942-07-27,A,8.636638213
1031,USGS,01351500,1942-07-28,A,13.592086368
1032,USGS,01351500,1942-07-29,A,10.6471343216
1033,USGS,01351500,1942-07-30,A,13.0823831292
1034,USGS,01351500,1942-07-31,A,8.6083213664
1035,USGS,01351500,1942-08-01,A,16.7352563406
1036,USGS,01351500,1942-08-02,A,14.300007533
1037,USGS,01351500,1942-08-03,A,9.8542626168
1038,USGS,01351500,1942-08-04,A,7.503964349
1039,USGS,01351500,1942-08-05,A,5.2952503142000005
1040,USGS,01351500,1942-08-06,A,4.2192101434
1041,USGS,01351500,1942-08-07,A,3.5679226716
1042,USGS,01351500,1942-08-08,A,3.0582194328
1043,USGS,01351500,1942-08-09,A,3.2281205124000003
1044,USGS,01351500,1942-08-10,A,13.110699975800001
1045,USGS,01351500,1942-08-11,A,23.9560522236
1046,USGS,01351500,1942-08-12,A,10.901985941
1047,USGS,01351500,1942-08-13,A,6.088122019
1048,USGS,01351500,1942-08-14,A,4.7289133822
1049,USGS,01351500,1942-08-15,A,10.2223816226
1050,USGS,01351500,1942-08-16,A,20.7562485578
1051,USGS,01351500,1942-08-17,A,60.598051724
1052,USGS,01351500,1942-08-18,A,23.5879332178
1053,USGS,01351500,1942-08-19,A,14.1584233
1054,USGS,01351500,1942-08-20,A,10.194064776000001
1055,USGS,01351500,1942-08-21,A,8.070301281
1056,USGS,01351500,1942-08-22,A,6.6544589510000005
1057,USGS,01351500,1942-08-23,A,5.4934682404
1058,USGS,01351500,1942-08-24,A,4.5873291492
1059,USGS,01351500,1942-08-25,A,4.0776259104
1060,USGS,01351500,1942-08-26,A,3.5679226716
1061,USGS,01351500,1942-08-27,A,3.1431699726
1062,USGS,01351500,1942-08-28,A,2.8600015066
1063,USGS,01351500,1942-08-29,A,2.690100427
1064,USGS,01351500,1942-08-30,A,2.690100427
1065,USGS,01351500,1942-08-31,A,2.8600015066
1066,USGS,01351500,1942-09-01,A,2.4352488076
1067,USGS,01351500,1942-09-02,A,2.1520803416
1068,USGS,01351500,1942-09-03,A,1.982179262
1069,USGS,01351500,1942-09-04,A,1.9255455688
1070,USGS,01351500,1942-09-05,A,1.7839613358
1071,USGS,01351500,1942-09-06,A,1.7839613358
1072,USGS,01351500,1942-09-07,A,1.7839613358
1073,USGS,01351500,1942-09-08,A,1.6706939494
1074,USGS,01351500,1942-09-09,A,3.114853126
1075,USGS,01351500,1942-09-10,A,15.8008004028
1076,USGS,01351500,1942-09-11,A,10.194064776000001
1077,USGS,01351500,1942-09-12,A,6.2580230986
1078,USGS,01351500,1942-09-13,A,4.9271313084
1079,USGS,01351500,1942-09-14,A,3.9360416774
1080,USGS,01351500,1942-09-15,A,3.2281205124000003
1081,USGS,01351500,1942-09-16,A,4.24752699
1082,USGS,01351500,1942-09-17,A,7.07921165
1083,USGS,01351500,1942-09-18,A,7.3057464228
1084,USGS,01351500,1942-09-19,A,4.7289133822
1085,USGS,01351500,1942-09-20,A,3.6811900580000003
1086,USGS,01351500,1942-09-21,A,3.2281205124000003
1087,USGS,01351500,1942-09-22,A,3.0582194328
1088,USGS,01351500,1942-09-23,A,2.7750509668000003
1089,USGS,01351500,1942-09-24,A,2.4918825008
1090,USGS,01351500,1942-09-25,A,2.265347728
1091,USGS,01351500,1942-09-26,A,2.0671298018
1092,USGS,01351500,1942-09-27,A,8.580004519800001
1093,USGS,01351500,1942-09-28,A,74.190138092
1094,USGS,01351500,1942-09-29,A,31.714868192
1095,USGS,01351500,1942-09-30,A,17.9245638978
1096,USGS,01351500,1942-10-01,A,12.9691157428
1097,USGS,01351500,1942-10-02,A,10.4205995488
1098,USGS,01351500,1942-10-03,A,8.4101034402
1099,USGS,01351500,1942-10-04,A,7.3340632694000005
1100,USGS,01351500,1942-10-05,A,7.07921165
1101,USGS,01351500,1942-10-06,A,7.8720833548
1102,USGS,01351500,1942-10-07,A,10.7320848614
1103,USGS,01351500,1942-10-08,A,8.6649550596
1104,USGS,01351500,1942-10-09,A,7.07921165
1105,USGS,01351500,1942-10-10,A,6.2013894054000005
1106,USGS,01351500,1942-10-11,A,5.804953553
1107,USGS,01351500,1942-10-12,A,5.0120818482
1108,USGS,01351500,1942-10-13,A,4.530695456
1109,USGS,01351500,1942-10-14,A,4.24752699
1110,USGS,01351500,1942-10-15,A,3.9926753706
1111,USGS,01351500,1942-10-16,A,3.9926753706
1112,USGS,01351500,1942-10-17,A,3.8510911376
1113,USGS,01351500,1942-10-18,A,6.937627417
1114,USGS,01351500,1942-10-19,A,10.7320848614
1115,USGS,01351500,1942-10-20,A,7.8720833548
1116,USGS,01351500,1942-10-21,A,6.3996073316
1117,USGS,01351500,1942-10-22,A,6.796043184
1118,USGS,01351500,1942-10-23,A,10.4205995488
1119,USGS,01351500,1942-10-24,A,9.231291991600001
1120,USGS,01351500,1942-10-25,A,8.1552518208
1121,USGS,01351500,1942-10-26,A,14.1867401466
1122,USGS,01351500,1942-10-27,A,72.77429576200001
1123,USGS,01351500,1942-10-28,A,38.510911376
1124,USGS,01351500,1942-10-29,A,26.617835804000002
1125,USGS,01351500,1942-10-30,A,21.23763495
1126,USGS,01351500,1942-10-31,A,18.4342671366
1127,USGS,01351500,1942-11-01,A,16.140602562
1128,USGS,01351500,1942-11-02,A,17.6697122784
1129,USGS,01351500,1942-11-03,A,15.0645623912
1130,USGS,01351500,1942-11-04,A,13.6487200612
1131,USGS,01351500,1942-11-05,A,11.9780261118
1132,USGS,01351500,1942-11-06,A,11.043570174000001
1133,USGS,01351500,1942-11-07,A,10.7320848614
1134,USGS,01351500,1942-11-08,A,10.4205995488
1135,USGS,01351500,1942-11-09,A,9.486143611000001
1136,USGS,01351500,1942-11-10,A,9.231291991600001
1137,USGS,01351500,1942-11-11,A,13.1390168224
1138,USGS,01351500,1942-11-12,A,14.016839067000001
1139,USGS,01351500,1942-11-13,A,11.3550554866
1140,USGS,01351500,1942-11-14,A,11.3550554866
1141,USGS,01351500,1942-11-15,A,9.231291991600001
1142,USGS,01351500,1942-11-16,A,9.231291991600001
1143,USGS,01351500,1942-11-17,A,9.486143611000001
1144,USGS,01351500,1942-11-18,A,11.3550554866
1145,USGS,01351500,1942-11-19,A,16.140602562
1146,USGS,01351500,1942-11-20,A,13.6487200612
1147,USGS,01351500,1942-11-21,A,17.6413954318
1148,USGS,01351500,1942-11-22,A,24.210903843
1149,USGS,01351500,1942-11-23,A,17.3015932726
1150,USGS,01351500,1942-11-24,A,19.6518915404
1151,USGS,01351500,1942-11-25,A,135.637695214
1152,USGS,01351500,1942-11-26,A,133.938684418
1153,USGS,01351500,1942-11-27,A,66.827757976
1154,USGS,01351500,1942-11-28,A,44.740617628
1155,USGS,01351500,1942-11-29,A,32.281205124
1156,USGS,01351500,1942-11-30,A,30.582194328
1157,USGS,01351500,1942-12-01,A,28.0619949806
1158,USGS,01351500,1942-12-02,A,54.934682404
1159,USGS,01351500,1942-12-03,A,43.607943764
1160,USGS,01351500,1942-12-04,A,46.439628424
1161,USGS,01351500,1942-12-05,A,49.55448155
1162,USGS,01351500,1942-12-06,A,43.041606832
1163,USGS,01351500,1942-12-07,A,38.22774291
1164,USGS,01351500,1942-12-08,A,32.56437359
1165,USGS,01351500,1942-12-09,A,28.0619949806
1166,USGS,01351500,1942-12-10,A,26.617835804000002
1167,USGS,01351500,1942-12-11,A,25.6550630196
1168,USGS,01351500,1942-12-12,A,24.6922902352
1169,USGS,01351500,1942-12-13,A,22.087140348000002
1170,USGS,01351500,1942-12-14,A,19.963376853
1171,USGS,01351500,1942-12-15,A,18.8023861424
1172,USGS,01351500,1942-12-16,A,18.122781824
1173,USGS,01351500,1942-12-17,A,13.025749436
1174,USGS,01351500,1942-12-18,A,8.778222446000001
1175,USGS,01351500,1942-12-19,A,7.645548582
1176,USGS,01351500,1942-12-20,A,5.380200854
1177,USGS,01351500,1942-12-21,A,5.946537786
1178,USGS,01351500,1942-12-22,A,6.371290485
1179,USGS,01351500,1942-12-23,A,6.6544589510000005
1180,USGS,01351500,1942-12-24,A,6.796043184
1181,USGS,01351500,1942-12-25,A,6.6544589510000005
1182,USGS,01351500,1942-12-26,A,5.946537786
1183,USGS,01351500,1942-12-27,A,5.238616621
1184,USGS,01351500,1942-12-28,A,42.4752699
1185,USGS,01351500,1942-12-29,A,103.073321624
1186,USGS,01351500,1942-12-30,A,283.168466
1187,USGS,01351500,1942-12-31,A,467.2279689
1188,USGS,01351500,1943-01-01,A,185.47534523000002
1189,USGS,01351500,1943-01-02,A,111.568375604
1190,USGS,01351500,1943-01-03,A,81.55251820800001
1191,USGS,01351500,1943-01-04,A,63.996073316
1192,USGS,01351500,1943-01-05,A,44.174280696000004
1193,USGS,01351500,1943-01-06,A,37.661405978
1194,USGS,01351500,1943-01-07,A,39.360416774
1195,USGS,01351500,1943-01-08,A,34.263384386
1196,USGS,01351500,1943-01-09,A,29.449520464000003
1197,USGS,01351500,1943-01-10,A,26.051498872
1198,USGS,01351500,1943-01-11,A,31.148531260000002
1199,USGS,01351500,1943-01-12,A,32.847542056
1200,USGS,01351500,1943-01-13,A,27.750509668
1201,USGS,01351500,1943-01-14,A,22.65347728
1202,USGS,01351500,1943-01-15,A,22.65347728
1203,USGS,01351500,1943-01-16,A,24.352488076
1204,USGS,01351500,1943-01-17,A,24.918825008
1205,USGS,01351500,1943-01-18,A,28.3168466
1206,USGS,01351500,1943-01-19,A,22.087140348000002
1207,USGS,01351500,1943-01-20,A,20.954466484
1208,USGS,01351500,1943-01-21,A,18.122781824
1209,USGS,01351500,1943-01-22,A,19.82179262
1210,USGS,01351500,1943-01-23,A,18.122781824
1211,USGS,01351500,1943-01-24,A,16.423771028
1212,USGS,01351500,1943-01-25,A,15.857434096
1213,USGS,01351500,1943-01-26,A,19.255455688
1214,USGS,01351500,1943-01-27,A,20.954466484
1215,USGS,01351500,1943-01-28,A,14.724760232000001
1216,USGS,01351500,1943-01-29,A,13.592086368
1217,USGS,01351500,1943-01-30,A,15.291097164
1218,USGS,01351500,1943-01-31,A,13.308917902000001
1219,USGS,01351500,1943-02-01,A,13.308917902000001
1220,USGS,01351500,1943-02-02,A,12.74258097
1221,USGS,01351500,1943-02-03,A,12.176244038
1222,USGS,01351500,1943-02-04,A,11.893075572
1223,USGS,01351500,1943-02-05,A,15.291097164
1224,USGS,01351500,1943-02-06,A,20.954466484
1225,USGS,01351500,1943-02-07,A,18.689118756
1226,USGS,01351500,1943-02-08,A,15.857434096
1227,USGS,01351500,1943-02-09,A,13.592086368
1228,USGS,01351500,1943-02-10,A,12.459412504
1229,USGS,01351500,1943-02-11,A,15.291097164
1230,USGS,01351500,1943-02-12,A,28.3168466
1231,USGS,01351500,1943-02-13,A,19.82179262
1232,USGS,01351500,1943-02-14,A,14.1584233
1233,USGS,01351500,1943-02-15,A,10.194064776000001
1234,USGS,01351500,1943-02-16,A,7.928717048
1235,USGS,01351500,1943-02-17,A,9.91089631
1236,USGS,01351500,1943-02-18,A,9.344559378
1237,USGS,01351500,1943-02-19,A,9.061390912
1238,USGS,01351500,1943-02-20,A,10.760401708
1239,USGS,01351500,1943-02-21,A,99.1089631
1240,USGS,01351500,1943-02-22,A,140.16839067
1241,USGS,01351500,1943-02-23,A,133.08917902000002
1242,USGS,01351500,1943-02-24,A,288.83183532
1243,USGS,01351500,1943-02-25,A,211.243675636
1244,USGS,01351500,1943-02-26,A,102.506984692
1245,USGS,01351500,1943-02-27,A,85.23370826600001
1246,USGS,01351500,1943-02-28,A,73.62380116
1247,USGS,01351500,1943-03-01,A,61.447557122
1248,USGS,01351500,1943-03-02,A,50.120818482000004
1249,USGS,01351500,1943-03-03,A,35.39605825
1250,USGS,01351500,1943-03-04,A,27.184172736
1251,USGS,01351500,1943-03-05,A,28.883183532
1252,USGS,01351500,1943-03-06,A,31.714868192
1253,USGS,01351500,1943-03-07,A,29.449520464000003
1254,USGS,01351500,1943-03-08,A,23.219814212
1255,USGS,01351500,1943-03-09,A,19.82179262
1256,USGS,01351500,1943-03-10,A,20.388129552000002
1257,USGS,01351500,1943-03-11,A,69.37627417
1258,USGS,01351500,1943-03-12,A,232.19814212
1259,USGS,01351500,1943-03-13,A,182.64366057
1260,USGS,01351500,1943-03-14,A,101.091142362
1261,USGS,01351500,1943-03-15,A,98.259457702
1262,USGS,01351500,1943-03-16,A,158.00800402800002
1263,USGS,01351500,1943-03-17,A,264.196178778
1264,USGS,01351500,1943-03-18,A,283.168466
1265,USGS,01351500,1943-03-19,A,180.378312842
1266,USGS,01351500,1943-03-20,A,187.174356026
1267,USGS,01351500,1943-03-21,A,164.23771028000002
1268,USGS,01351500,1943-03-22,A,112.984217934
1269,USGS,01351500,1943-03-23,A,84.384202868
1270,USGS,01351500,1943-03-24,A,68.243600306
1271,USGS,01351500,1943-03-25,A,69.093105704
1272,USGS,01351500,1943-03-26,A,66.827757976
1273,USGS,01351500,1943-03-27,A,71.924790364
1274,USGS,01351500,1943-03-28,A,63.996073316
1275,USGS,01351500,1943-03-29,A,52.102997744
1276,USGS,01351500,1943-03-30,A,45.30695456
1277,USGS,01351500,1943-03-31,A,45.873291492
1278,USGS,01351500,1943-04-01,A,45.873291492
1279,USGS,01351500,1943-04-02,A,47.005965356000004
1280,USGS,01351500,1943-04-03,A,56.067356268000005
1281,USGS,01351500,1943-04-04,A,40.493090638
1282,USGS,01351500,1943-04-05,A,40.493090638
1283,USGS,01351500,1943-04-06,A,37.095069046
1284,USGS,01351500,1943-04-07,A,27.0992221962
1285,USGS,01351500,1943-04-08,A,28.883183532
1286,USGS,01351500,1943-04-09,A,28.0619949806
1287,USGS,01351500,1943-04-10,A,27.0992221962
1288,USGS,01351500,1943-04-11,A,23.361398445
1289,USGS,01351500,1943-04-12,A,21.23763495
1290,USGS,01351500,1943-04-13,A,21.662387649
1291,USGS,01351500,1943-04-14,A,26.1364494118
1292,USGS,01351500,1943-04-15,A,22.936645746
1293,USGS,01351500,1943-04-16,A,19.5952578472
1294,USGS,01351500,1943-04-17,A,24.635656542
1295,USGS,01351500,1943-04-18,A,37.661405978
1296,USGS,01351500,1943-04-19,A,41.625764502
1297,USGS,01351500,1943-04-20,A,99.675300032
1298,USGS,01351500,1943-04-21,A,169.33474266800002
1299,USGS,01351500,1943-04-22,A,231.065468256
1300,USGS,01351500,1943-04-23,A,163.10503641600002
1301,USGS,01351500,1943-04-24,A,124.310956574
1302,USGS,01351500,1943-04-25,A,105.621837818
1303,USGS,01351500,1943-04-26,A,104.77233242
1304,USGS,01351500,1943-04-27,A,87.499055994
1305,USGS,01351500,1943-04-28,A,150.362455446
1306,USGS,01351500,1943-04-29,A,117.51491339
1307,USGS,01351500,1943-04-30,A,103.922827022
1308,USGS,01351500,1943-05-01,A,133.372347486
1309,USGS,01351500,1943-05-02,A,93.162425314
1310,USGS,01351500,1943-05-03,A,89.19806679
1311,USGS,01351500,1943-05-04,A,96.560446906
1312,USGS,01351500,1943-05-05,A,75.03964349
1313,USGS,01351500,1943-05-06,A,61.447557122
1314,USGS,01351500,1943-05-07,A,59.182209394000004
1315,USGS,01351500,1943-05-08,A,63.996073316
1316,USGS,01351500,1943-05-09,A,99.1089631
1317,USGS,01351500,1943-05-10,A,69.942611102
1318,USGS,01351500,1943-05-11,A,173.01593272600002
1319,USGS,01351500,1943-05-12,A,195.669410006
1320,USGS,01351500,1943-05-13,A,206.71298018000002
1321,USGS,01351500,1943-05-14,A,127.70897816600001
1322,USGS,01351500,1943-05-15,A,96.560446906
1323,USGS,01351500,1943-05-16,A,77.304991218
1324,USGS,01351500,1943-05-17,A,64.845578714
1325,USGS,01351500,1943-05-18,A,93.162425314
1326,USGS,01351500,1943-05-19,A,101.374310828
1327,USGS,01351500,1943-05-20,A,105.338669352
1328,USGS,01351500,1943-05-21,A,136.204032146
1329,USGS,01351500,1943-05-22,A,282.318960602
1330,USGS,01351500,1943-05-23,A,185.758513696
1331,USGS,01351500,1943-05-24,A,121.47927191400001
1332,USGS,01351500,1943-05-25,A,92.596088382
1333,USGS,01351500,1943-05-26,A,86.083213664
1334,USGS,01351500,1943-05-27,A,129.974325894
1335,USGS,01351500,1943-05-28,A,92.879256848
1336,USGS,01351500,1943-05-29,A,69.942611102
1337,USGS,01351500,1943-05-30,A,56.067356268000005
1338,USGS,01351500,1943-05-31,A,47.005965356000004
1339,USGS,01351500,1943-06-01,A,47.289133822000004
1340,USGS,01351500,1943-06-02,A,169.051574202
1341,USGS,01351500,1943-06-03,A,143.00007533000002
1342,USGS,01351500,1943-06-04,A,89.19806679
1343,USGS,01351500,1943-06-05,A,68.243600306
1344,USGS,01351500,1943-06-06,A,54.651513938
1345,USGS,01351500,1943-06-07,A,48.988144618
1346,USGS,01351500,1943-06-08,A,71.358453432
1347,USGS,01351500,1943-06-09,A,52.38616621
1348,USGS,01351500,1943-06-10,A,41.059427570000004
1349,USGS,01351500,1943-06-11,A,39.64358524
1350,USGS,01351500,1943-06-12,A,35.112889784000004
1351,USGS,01351500,1943-06-13,A,28.883183532
1352,USGS,01351500,1943-06-14,A,24.918825008
1353,USGS,01351500,1943-06-15,A,18.122781824
1354,USGS,01351500,1943-06-16,A,10.760401708
1355,USGS,01351500,1943-06-17,A,8.778222446000001
1356,USGS,01351500,1943-06-18,A,8.778222446000001
1357,USGS,01351500,1943-06-19,A,9.627727844
1358,USGS,01351500,1943-06-20,A,6.6544589510000005
1359,USGS,01351500,1943-06-21,A,5.380200854
1360,USGS,01351500,1943-06-22,A,8.49505398
1361,USGS,01351500,1943-06-23,A,6.229706252
1362,USGS,01351500,1943-06-24,A,4.672279689
1363,USGS,01351500,1943-06-25,A,3.822774291
1364,USGS,01351500,1943-06-26,A,3.539605825
1365,USGS,01351500,1943-06-27,A,4.3891112230000005
1366,USGS,01351500,1943-06-28,A,5.238616621
1367,USGS,01351500,1943-06-29,A,3.964358524
1368,USGS,01351500,1943-06-30,A,3.822774291
1369,USGS,01351500,1943-07-01,A,3.6811900580000003
1370,USGS,01351500,1943-07-02,A,3.2281205124000003
1371,USGS,01351500,1943-07-03,A,2.8883183532
1372,USGS,01351500,1943-07-04,A,2.6051498872
1373,USGS,01351500,1943-07-05,A,2.7184172736
1374,USGS,01351500,1943-07-06,A,3.114853126
1375,USGS,01351500,1943-07-07,A,3.8510911376
1376,USGS,01351500,1943-07-08,A,3.114853126
1377,USGS,01351500,1943-07-09,A,2.5201993474
1378,USGS,01351500,1943-07-10,A,2.1803971882
1379,USGS,01351500,1943-07-11,A,2.0388129552
1380,USGS,01351500,1943-07-12,A,2.3219814212000003
1381,USGS,01351500,1943-07-13,A,3.964358524
1382,USGS,01351500,1943-07-14,A,6.4845578714
1383,USGS,01351500,1943-07-15,A,5.66336932
1384,USGS,01351500,1943-07-16,A,4.1342596036
1385,USGS,01351500,1943-07-17,A,2.9166351998
1386,USGS,01351500,1943-07-18,A,2.265347728
1387,USGS,01351500,1943-07-19,A,1.7556444892
1388,USGS,01351500,1943-07-20,A,1.557426563
1389,USGS,01351500,1943-07-21,A,1.557426563
1390,USGS,01351500,1943-07-22,A,1.4441591766
1391,USGS,01351500,1943-07-23,A,1.557426563
1392,USGS,01351500,1943-07-24,A,1.8405950290000002
1393,USGS,01351500,1943-07-25,A,2.8033678134
1394,USGS,01351500,1943-07-26,A,6.6544589510000005
1395,USGS,01351500,1943-07-27,A,7.503964349
1396,USGS,01351500,1943-07-28,A,3.9926753706
1397,USGS,01351500,1943-07-29,A,3.3130710522
1398,USGS,01351500,1943-07-30,A,17.556444892000002
1399,USGS,01351500,1943-07-31,A,14.469908612600001
1400,USGS,01351500,1943-08-01,A,7.815449661600001
1401,USGS,01351500,1943-08-02,A,5.2102997744
1402,USGS,01351500,1943-08-03,A,4.24752699
1403,USGS,01351500,1943-08-04,A,4.813863922
1404,USGS,01351500,1943-08-05,A,8.4101034402
1405,USGS,01351500,1943-08-06,A,10.590500628400001
1406,USGS,01351500,1943-08-07,A,6.3996073316
1407,USGS,01351500,1943-08-08,A,5.4085177006
1408,USGS,01351500,1943-08-09,A,5.6067356268
1409,USGS,01351500,1943-08-10,A,4.672279689
1410,USGS,01351500,1943-08-11,A,3.9926753706
1411,USGS,01351500,1943-08-12,A,3.3130710522
1412,USGS,01351500,1943-08-13,A,2.9166351998
1413,USGS,01351500,1943-08-14,A,3.0299025862
1414,USGS,01351500,1943-08-15,A,4.24752699
1415,USGS,01351500,1943-08-16,A,3.9926753706
1416,USGS,01351500,1943-08-17,A,4.3891112230000005
1417,USGS,01351500,1943-08-18,A,5.6067356268
1418,USGS,01351500,1943-08-19,A,4.1342596036
1419,USGS,01351500,1943-08-20,A,3.114853126
1420,USGS,01351500,1943-08-21,A,2.6051498872
1421,USGS,01351500,1943-08-22,A,2.265347728
1422,USGS,01351500,1943-08-23,A,2.0388129552
1423,USGS,01351500,1943-08-24,A,1.8122781824
1424,USGS,01351500,1943-08-25,A,1.6140602562000002
1425,USGS,01351500,1943-08-26,A,1.4441591766
1426,USGS,01351500,1943-08-27,A,1.3592086368
1427,USGS,01351500,1943-08-28,A,1.41584233
1428,USGS,01351500,1943-08-29,A,1.4441591766
1429,USGS,01351500,1943-08-30,A,2.0671298018
1430,USGS,01351500,1943-08-31,A,1.8972287222
1431,USGS,01351500,1943-09-01,A,1.557426563
1432,USGS,01351500,1943-09-02,A,1.41584233
1433,USGS,01351500,1943-09-03,A,1.132673864
1434,USGS,01351500,1943-09-04,A,1.0477233242000001
1435,USGS,01351500,1943-09-05,A,1.1043570174
1436,USGS,01351500,1943-09-06,A,1.0194064776
1437,USGS,01351500,1943-09-07,A,1.1043570174
1438,USGS,01351500,1943-09-08,A,1.1043570174
1439,USGS,01351500,1943-09-09,A,0.9344559378
1440,USGS,01351500,1943-09-10,A,0.849505398
1441,USGS,01351500,1943-09-11,A,0.8211885514
1442,USGS,01351500,1943-09-12,A,0.7362380116
1443,USGS,01351500,1943-09-13,A,0.6796043184
1444,USGS,01351500,1943-09-14,A,0.6229706252
1445,USGS,01351500,1943-09-15,A,0.6229706252
1446,USGS,01351500,1943-09-16,A,0.6229706252
1447,USGS,01351500,1943-09-17,A,0.5946537786
1448,USGS,01351500,1943-09-18,A,0.5380200854
1449,USGS,01351500,1943-09-19,A,0.5097032388
1450,USGS,01351500,1943-09-20,A,0.5097032388
1451,USGS,01351500,1943-09-21,A,0.5380200854
1452,USGS,01351500,1943-09-22,A,0.566336932
1453,USGS,01351500,1943-09-23,A,0.5380200854
1454,USGS,01351500,1943-09-24,A,0.5097032388
1455,USGS,01351500,1943-09-25,A,0.4813863922
1456,USGS,01351500,1943-09-26,A,0.4530695456
1457,USGS,01351500,1943-09-27,A,0.424752699
1458,USGS,01351500,1943-09-28,A,0.3964358524
1459,USGS,01351500,1943-09-29,A,0.3964358524
1460,USGS,01351500,1943-09-30,A,0.3964358524
1461,USGS,01351500,1943-10-01,A,0.3964358524
1462,USGS,01351500,1943-10-02,A,0.4530695456
1463,USGS,01351500,1943-10-03,A,0.4530695456
1464,USGS,01351500,1943-10-04,A,0.4813863922
1465,USGS,01351500,1943-10-05,A,0.5097032388
1466,USGS,01351500,1943-10-06,A,0.5097032388
1467,USGS,01351500,1943-10-07,A,0.5097032388
1468,USGS,01351500,1943-10-08,A,0.5097032388
1469,USGS,01351500,1943-10-09,A,0.5097032388
1470,USGS,01351500,1943-10-10,A,0.4813863922
1471,USGS,01351500,1943-10-11,A,0.4530695456
1472,USGS,01351500,1943-10-12,A,0.4530695456
1473,USGS,01351500,1943-10-13,A,0.4530695456
1474,USGS,01351500,1943-10-14,A,0.4530695456
1475,USGS,01351500,1943-10-15,A,0.5097032388
1476,USGS,01351500,1943-10-16,A,0.6512874718
1477,USGS,01351500,1943-10-17,A,1.2459412504
1478,USGS,01351500,1943-10-18,A,1.699010796
1479,USGS,01351500,1943-10-19,A,2.3219814212000003
1480,USGS,01351500,1943-10-20,A,1.7273276426000002
1481,USGS,01351500,1943-10-21,A,1.3025749436
1482,USGS,01351500,1943-10-22,A,1.1043570174
1483,USGS,01351500,1943-10-23,A,0.9627727844
1484,USGS,01351500,1943-10-24,A,0.9344559378
1485,USGS,01351500,1943-10-25,A,0.9061390912
1486,USGS,01351500,1943-10-26,A,0.9627727844
1487,USGS,01351500,1943-10-27,A,56.6336932
1488,USGS,01351500,1943-10-28,A,49.271313084
1489,USGS,01351500,1943-10-29,A,52.38616621
1490,USGS,01351500,1943-10-30,A,31.998036658
1491,USGS,01351500,1943-10-31,A,19.5952578472
1492,USGS,01351500,1943-11-01,A,14.3849580728
1493,USGS,01351500,1943-11-02,A,11.9780261118
1494,USGS,01351500,1943-11-03,A,12.600996737000001
1495,USGS,01351500,1943-11-04,A,12.9691157428
1496,USGS,01351500,1943-11-05,A,11.9780261118
1497,USGS,01351500,1943-11-06,A,10.7320848614
1498,USGS,01351500,1943-11-07,A,8.6649550596
1499,USGS,01351500,1943-11-08,A,8.5516876732
1500,USGS,01351500,1943-11-09,A,124.310956574
1501,USGS,01351500,1943-11-10,A,71.641621898
1502,USGS,01351500,1943-11-11,A,40.209922172
1503,USGS,01351500,1943-11-12,A,32.281205124
1504,USGS,01351500,1943-11-13,A,26.1364494118
1505,USGS,01351500,1943-11-14,A,22.087140348000002
1506,USGS,01351500,1943-11-15,A,18.4342671366
1507,USGS,01351500,1943-11-16,A,17.273276426
1508,USGS,01351500,1943-11-17,A,16.5370384144
1509,USGS,01351500,1943-11-18,A,14.724760232000001
1510,USGS,01351500,1943-11-19,A,14.016839067000001
1511,USGS,01351500,1943-11-20,A,18.066148130800002
1512,USGS,01351500,1943-11-21,A,17.273276426
1513,USGS,01351500,1943-11-22,A,18.066148130800002
1514,USGS,01351500,1943-11-23,A,17.6697122784
1515,USGS,01351500,1943-11-24,A,17.6697122784
1516,USGS,01351500,1943-11-25,A,18.8023861424
1517,USGS,01351500,1943-11-26,A,20.812882251
1518,USGS,01351500,1943-11-27,A,22.511893047
1519,USGS,01351500,1943-11-28,A,25.6550630196
1520,USGS,01351500,1943-11-29,A,20.954466484
1521,USGS,01351500,1943-11-30,A,16.7918900338
1522,USGS,01351500,1943-12-01,A,16.140602562
1523,USGS,01351500,1943-12-02,A,15.8008004028
1524,USGS,01351500,1943-12-03,A,17.273276426
1525,USGS,01351500,1943-12-04,A,19.963376853
1526,USGS,01351500,1943-12-05,A,23.361398445
1527,USGS,01351500,1943-12-06,A,20.388129552000002
1528,USGS,01351500,1943-12-07,A,22.936645746
1529,USGS,01351500,1943-12-08,A,22.370308814
1530,USGS,01351500,1943-12-09,A,20.3031790122
1531,USGS,01351500,1943-12-10,A,28.0619949806
1532,USGS,01351500,1943-12-11,A,19.82179262
1533,USGS,01351500,1943-12-12,A,12.459412504
1534,USGS,01351500,1943-12-13,A,13.308917902000001
1535,USGS,01351500,1943-12-14,A,11.043570174000001
1536,USGS,01351500,1943-12-15,A,9.91089631
1537,USGS,01351500,1943-12-16,A,9.344559378
1538,USGS,01351500,1943-12-17,A,9.91089631
1539,USGS,01351500,1943-12-18,A,9.91089631
1540,USGS,01351500,1943-12-19,A,9.627727844
1541,USGS,01351500,1943-12-20,A,9.061390912
1542,USGS,01351500,1943-12-21,A,8.49505398
1543,USGS,01351500,1943-12-22,A,7.645548582
1544,USGS,01351500,1943-12-23,A,6.796043184
1545,USGS,01351500,1943-12-24,A,5.946537786
1546,USGS,01351500,1943-12-25,A,5.946537786
1547,USGS,01351500,1943-12-26,A,6.6544589510000005
1548,USGS,01351500,1943-12-27,A,7.928717048
1549,USGS,01351500,1943-12-28,A,13.308917902000001
1550,USGS,01351500,1943-12-29,A,9.344559378
1551,USGS,01351500,1943-12-30,A,5.946537786
1552,USGS,01351500,1943-12-31,A,4.105942757
1553,USGS,01351500,1944-01-01,A,3.398021592
1554,USGS,01351500,1944-01-02,A,3.114853126
1555,USGS,01351500,1944-01-03,A,3.0015857396000003
1556,USGS,01351500,1944-01-04,A,2.9449520464
1557,USGS,01351500,1944-01-05,A,3.0015857396000003
1558,USGS,01351500,1944-01-06,A,3.539605825
1559,USGS,01351500,1944-01-07,A,3.4546552852000003
1560,USGS,01351500,1944-01-08,A,3.2281205124000003
1561,USGS,01351500,1944-01-09,A,2.9449520464
1562,USGS,01351500,1944-01-10,A,2.83168466
1563,USGS,01351500,1944-01-11,A,2.8883183532
1564,USGS,01351500,1944-01-12,A,2.83168466
1565,USGS,01351500,1944-01-13,A,2.7184172736
1566,USGS,01351500,1944-01-14,A,2.6051498872
1567,USGS,01351500,1944-01-15,A,2.6051498872
1568,USGS,01351500,1944-01-16,A,2.4918825008
1569,USGS,01351500,1944-01-17,A,2.3786151144
1570,USGS,01351500,1944-01-18,A,2.3219814212000003
1571,USGS,01351500,1944-01-19,A,2.3219814212000003
1572,USGS,01351500,1944-01-20,A,2.3786151144
1573,USGS,01351500,1944-01-21,A,2.4918825008
1574,USGS,01351500,1944-01-22,A,2.6051498872
1575,USGS,01351500,1944-01-23,A,2.7184172736
1576,USGS,01351500,1944-01-24,A,2.4352488076
1577,USGS,01351500,1944-01-25,A,2.2087140348
1578,USGS,01351500,1944-01-26,A,2.3219814212000003
1579,USGS,01351500,1944-01-27,A,12.459412504
1580,USGS,01351500,1944-01-28,A,26.617835804000002
1581,USGS,01351500,1944-01-29,A,22.087140348000002
1582,USGS,01351500,1944-01-30,A,14.1584233
1583,USGS,01351500,1944-01-31,A,10.760401708
1584,USGS,01351500,1944-02-01,A,9.627727844
1585,USGS,01351500,1944-02-02,A,9.061390912
1586,USGS,01351500,1944-02-03,A,9.344559378
1587,USGS,01351500,1944-02-04,A,8.778222446000001
1588,USGS,01351500,1944-02-05,A,7.645548582
1589,USGS,01351500,1944-02-06,A,7.07921165
1590,USGS,01351500,1944-02-07,A,5.946537786
1591,USGS,01351500,1944-02-08,A,5.380200854
1592,USGS,01351500,1944-02-09,A,4.3891112230000005
1593,USGS,01351500,1944-02-10,A,4.105942757
1594,USGS,01351500,1944-02-11,A,3.964358524
1595,USGS,01351500,1944-02-12,A,3.539605825
1596,USGS,01351500,1944-02-13,A,3.2281205124000003
1597,USGS,01351500,1944-02-14,A,3.539605825
1598,USGS,01351500,1944-02-15,A,4.24752699
1599,USGS,01351500,1944-02-16,A,4.672279689
1600,USGS,01351500,1944-02-17,A,4.3891112230000005
1601,USGS,01351500,1944-02-18,A,4.24752699
1602,USGS,01351500,1944-02-19,A,3.964358524
1603,USGS,01351500,1944-02-20,A,3.964358524
1604,USGS,01351500,1944-02-21,A,3.822774291
1605,USGS,01351500,1944-02-22,A,4.105942757
1606,USGS,01351500,1944-02-23,A,25.48516194
1607,USGS,01351500,1944-02-24,A,63.71290485
1608,USGS,01351500,1944-02-25,A,49.55448155
1609,USGS,01351500,1944-02-26,A,28.3168466
1610,USGS,01351500,1944-02-27,A,18.122781824
1611,USGS,01351500,1944-02-28,A,13.308917902000001
1612,USGS,01351500,1944-02-29,A,10.477233242
1613,USGS,01351500,1944-03-01,A,9.061390912
1614,USGS,01351500,1944-03-02,A,7.645548582
1615,USGS,01351500,1944-03-03,A,6.796043184
1616,USGS,01351500,1944-03-04,A,6.229706252
1617,USGS,01351500,1944-03-05,A,5.66336932
1618,USGS,01351500,1944-03-06,A,5.380200854
1619,USGS,01351500,1944-03-07,A,7.362380116000001
1620,USGS,01351500,1944-03-08,A,15.291097164
1621,USGS,01351500,1944-03-09,A,14.1584233
1622,USGS,01351500,1944-03-10,A,9.91089631
1623,USGS,01351500,1944-03-11,A,6.796043184
1624,USGS,01351500,1944-03-12,A,7.928717048
1625,USGS,01351500,1944-03-13,A,65.12874718
1626,USGS,01351500,1944-03-14,A,75.322811956
1627,USGS,01351500,1944-03-15,A,37.095069046
1628,USGS,01351500,1944-03-16,A,92.879256848
1629,USGS,01351500,1944-03-17,A,302.99025862
1630,USGS,01351500,1944-03-18,A,126.293135836
1631,USGS,01351500,1944-03-19,A,43.891112230000005
1632,USGS,01351500,1944-03-20,A,28.883183532
1633,USGS,01351500,1944-03-21,A,24.918825008
1634,USGS,01351500,1944-03-22,A,20.388129552000002
1635,USGS,01351500,1944-03-23,A,22.8233783596
1636,USGS,01351500,1944-03-24,A,120.34659805
1637,USGS,01351500,1944-03-25,A,120.629766516
1638,USGS,01351500,1944-03-26,A,139.31888527200002
1639,USGS,01351500,1944-03-27,A,91.180246052
1640,USGS,01351500,1944-03-28,A,63.429736384
1641,USGS,01351500,1944-03-29,A,48.421807686
1642,USGS,01351500,1944-03-30,A,35.962395182
1643,USGS,01351500,1944-03-31,A,31.148531260000002
1644,USGS,01351500,1944-04-01,A,28.0619949806
1645,USGS,01351500,1944-04-02,A,30.015857396
1646,USGS,01351500,1944-04-03,A,32.281205124
1647,USGS,01351500,1944-04-04,A,26.617835804000002
1648,USGS,01351500,1944-04-05,A,22.936645746
1649,USGS,01351500,1944-04-06,A,19.1988219948
1650,USGS,01351500,1944-04-07,A,18.8023861424
1651,USGS,01351500,1944-04-08,A,25.7966472526
1652,USGS,01351500,1944-04-09,A,43.607943764
1653,USGS,01351500,1944-04-10,A,73.62380116
1654,USGS,01351500,1944-04-11,A,73.906969626
1655,USGS,01351500,1944-04-12,A,65.695084112
1656,USGS,01351500,1944-04-13,A,78.154496616
1657,USGS,01351500,1944-04-14,A,47.289133822000004
1658,USGS,01351500,1944-04-15,A,37.661405978
1659,USGS,01351500,1944-04-16,A,61.447557122
1660,USGS,01351500,1944-04-17,A,61.447557122
1661,USGS,01351500,1944-04-18,A,43.607943764
1662,USGS,01351500,1944-04-19,A,34.829721318000004
1663,USGS,01351500,1944-04-20,A,31.148531260000002
1664,USGS,01351500,1944-04-21,A,34.829721318000004
1665,USGS,01351500,1944-04-22,A,45.30695456
1666,USGS,01351500,1944-04-23,A,37.095069046
1667,USGS,01351500,1944-04-24,A,101.94064776
1668,USGS,01351500,1944-04-25,A,197.085252336
1669,USGS,01351500,1944-04-26,A,105.90500628400001
1670,USGS,01351500,1944-04-27,A,73.62380116
1671,USGS,01351500,1944-04-28,A,55.501019336
1672,USGS,01351500,1944-04-29,A,41.625764502
1673,USGS,01351500,1944-04-30,A,33.697047454
1674,USGS,01351500,1944-05-01,A,28.600015066
1675,USGS,01351500,1944-05-02,A,24.6922902352
1676,USGS,01351500,1944-05-03,A,21.662387649
1677,USGS,01351500,1944-05-04,A,19.1988219948
1678,USGS,01351500,1944-05-05,A,17.273276426
1679,USGS,01351500,1944-05-06,A,15.432681397
1680,USGS,01351500,1944-05-07,A,14.3849580728
1681,USGS,01351500,1944-05-08,A,19.680208387
1682,USGS,01351500,1944-05-09,A,18.4342671366
1683,USGS,01351500,1944-05-10,A,15.0645623912
1684,USGS,01351500,1944-05-11,A,15.0645623912
1685,USGS,01351500,1944-05-12,A,15.0645623912
1686,USGS,01351500,1944-05-13,A,12.600996737000001
1687,USGS,01351500,1944-05-14,A,11.9780261118
1688,USGS,01351500,1944-05-15,A,11.3550554866
1689,USGS,01351500,1944-05-16,A,10.1091142362
1690,USGS,01351500,1944-05-17,A,9.231291991600001
1691,USGS,01351500,1944-05-18,A,8.9481235256
1692,USGS,01351500,1944-05-19,A,7.5889148888
1693,USGS,01351500,1944-05-20,A,6.5978252578
1694,USGS,01351500,1944-05-21,A,6.003171479200001
1695,USGS,01351500,1944-05-22,A,6.003171479200001
1696,USGS,01351500,1944-05-23,A,20.954466484
1697,USGS,01351500,1944-05-24,A,20.812882251
1698,USGS,01351500,1944-05-25,A,18.066148130800002
1699,USGS,01351500,1944-05-26,A,14.3849580728
1700,USGS,01351500,1944-05-27,A,12.2895114244
1701,USGS,01351500,1944-05-28,A,10.1091142362
1702,USGS,01351500,1944-05-29,A,8.1552518208
1703,USGS,01351500,1944-05-30,A,6.796043184
1704,USGS,01351500,1944-05-31,A,6.2013894054000005
1705,USGS,01351500,1944-06-01,A,5.4085177006
1706,USGS,01351500,1944-06-02,A,4.813863922
1707,USGS,01351500,1944-06-03,A,4.530695456
1708,USGS,01351500,1944-06-04,A,4.1342596036
1709,USGS,01351500,1944-06-05,A,3.5679226716
1710,USGS,01351500,1944-06-06,A,3.2281205124000003
1711,USGS,01351500,1944-06-07,A,3.5679226716
1712,USGS,01351500,1944-06-08,A,4.1342596036
1713,USGS,01351500,1944-06-09,A,3.8510911376
1714,USGS,01351500,1944-06-10,A,3.8510911376
1715,USGS,01351500,1944-06-11,A,7.928717048
1716,USGS,01351500,1944-06-12,A,7.8720833548
1717,USGS,01351500,1944-06-13,A,5.0120818482
1718,USGS,01351500,1944-06-14,A,3.8510911376
1719,USGS,01351500,1944-06-15,A,3.4263384386
1720,USGS,01351500,1944-06-16,A,3.8510911376
1721,USGS,01351500,1944-06-17,A,3.7095069046
1722,USGS,01351500,1944-06-18,A,3.2281205124000003
1723,USGS,01351500,1944-06-19,A,4.0776259104
1724,USGS,01351500,1944-06-20,A,37.378237512
1725,USGS,01351500,1944-06-21,A,36.528732114
1726,USGS,01351500,1944-06-22,A,27.5806085884
1727,USGS,01351500,1944-06-23,A,18.8023861424
1728,USGS,01351500,1944-06-24,A,48.421807686
1729,USGS,01351500,1944-06-25,A,97.409952304
1730,USGS,01351500,1944-06-26,A,41.059427570000004
1731,USGS,01351500,1944-06-27,A,23.3047647518
1732,USGS,01351500,1944-06-28,A,16.140602562
1733,USGS,01351500,1944-06-29,A,12.2895114244
1734,USGS,01351500,1944-06-30,A,10.7320848614
1735,USGS,01351500,1944-07-01,A,8.6649550596
1736,USGS,01351500,1944-07-02,A,6.796043184
1737,USGS,01351500,1944-07-03,A,5.6067356268
1738,USGS,01351500,1944-07-04,A,4.672279689
1739,USGS,01351500,1944-07-05,A,4.24752699
1740,USGS,01351500,1944-07-06,A,3.9926753706
1741,USGS,01351500,1944-07-07,A,3.4263384386
1742,USGS,01351500,1944-07-08,A,3.0299025862
1743,USGS,01351500,1944-07-09,A,2.8033678134
1744,USGS,01351500,1944-07-10,A,2.406931961
1745,USGS,01351500,1944-07-11,A,2.6051498872
1746,USGS,01351500,1944-07-12,A,3.9926753706
1747,USGS,01351500,1944-07-13,A,3.2281205124000003
1748,USGS,01351500,1944-07-14,A,3.114853126
1749,USGS,01351500,1944-07-15,A,2.8033678134
1750,USGS,01351500,1944-07-16,A,2.406931961
1751,USGS,01351500,1944-07-17,A,2.123763495
1752,USGS,01351500,1944-07-18,A,1.8972287222
1753,USGS,01351500,1944-07-19,A,1.8122781824
1754,USGS,01351500,1944-07-20,A,1.6706939494
1755,USGS,01351500,1944-07-21,A,1.9538624154000002
1756,USGS,01351500,1944-07-22,A,2.123763495
1757,USGS,01351500,1944-07-23,A,1.7556444892
1758,USGS,01351500,1944-07-24,A,1.5007928698000002
1759,USGS,01351500,1944-07-25,A,1.3592086368
1760,USGS,01351500,1944-07-26,A,1.132673864
1761,USGS,01351500,1944-07-27,A,1.132673864
1762,USGS,01351500,1944-07-28,A,1.1043570174
1763,USGS,01351500,1944-07-29,A,1.1043570174
1764,USGS,01351500,1944-07-30,A,1.3308917902
1765,USGS,01351500,1944-07-31,A,2.1803971882
1766,USGS,01351500,1944-08-01,A,1.7556444892
1767,USGS,01351500,1944-08-02,A,1.41584233
1768,USGS,01351500,1944-08-03,A,1.1043570174
1769,USGS,01351500,1944-08-04,A,0.9344559378
1770,USGS,01351500,1944-08-05,A,0.8211885514
1771,USGS,01351500,1944-08-06,A,0.8211885514
1772,USGS,01351500,1944-08-07,A,0.9344559378
1773,USGS,01351500,1944-08-08,A,0.849505398
1774,USGS,01351500,1944-08-09,A,0.9344559378
1775,USGS,01351500,1944-08-10,A,1.0477233242000001
1776,USGS,01351500,1944-08-11,A,0.9344559378
1777,USGS,01351500,1944-08-12,A,0.7928717048
1778,USGS,01351500,1944-08-13,A,0.6512874718
1779,USGS,01351500,1944-08-14,A,0.6229706252
1780,USGS,01351500,1944-08-15,A,0.6229706252
1781,USGS,01351500,1944-08-16,A,0.6229706252
1782,USGS,01351500,1944-08-17,A,0.849505398
1783,USGS,01351500,1944-08-18,A,1.7556444892
1784,USGS,01351500,1944-08-19,A,3.964358524
1785,USGS,01351500,1944-08-20,A,2.7184172736
1786,USGS,01351500,1944-08-21,A,1.8122781824
1787,USGS,01351500,1944-08-22,A,1.4441591766
1788,USGS,01351500,1944-08-23,A,1.132673864
1789,USGS,01351500,1944-08-24,A,1.132673864
1790,USGS,01351500,1944-08-25,A,1.41584233
1791,USGS,01351500,1944-08-26,A,1.6140602562000002
1792,USGS,01351500,1944-08-27,A,1.7556444892
1793,USGS,01351500,1944-08-28,A,1.4441591766
1794,USGS,01351500,1944-08-29,A,1.2459412504
1795,USGS,01351500,1944-08-30,A,1.0194064776
1796,USGS,01351500,1944-08-31,A,0.849505398
1797,USGS,01351500,1944-09-01,A,0.7645548582
1798,USGS,01351500,1944-09-02,A,0.7362380116
1799,USGS,01351500,1944-09-03,A,0.707921165
1800,USGS,01351500,1944-09-04,A,0.6512874718
1801,USGS,01351500,1944-09-05,A,0.6229706252
1802,USGS,01351500,1944-09-06,A,0.5946537786
1803,USGS,01351500,1944-09-07,A,0.566336932
1804,USGS,01351500,1944-09-08,A,0.5380200854
1805,USGS,01351500,1944-09-09,A,0.4813863922
1806,USGS,01351500,1944-09-10,A,0.4813863922
1807,USGS,01351500,1944-09-11,A,0.4813863922
1808,USGS,01351500,1944-09-12,A,0.4813863922
1809,USGS,01351500,1944-09-13,A,0.6229706252
1810,USGS,01351500,1944-09-14,A,1.0760401708
1811,USGS,01351500,1944-09-15,A,6.3429736384
1812,USGS,01351500,1944-09-16,A,11.5532734128
1813,USGS,01351500,1944-09-17,A,6.5695084112
1814,USGS,01351500,1944-09-18,A,4.1342596036
1815,USGS,01351500,1944-09-19,A,3.4263384386
1816,USGS,01351500,1944-09-20,A,2.8033678134
1817,USGS,01351500,1944-09-21,A,2.690100427
1818,USGS,01351500,1944-09-22,A,3.7095069046
1819,USGS,01351500,1944-09-23,A,3.5679226716
1820,USGS,01351500,1944-09-24,A,2.7184172736
1821,USGS,01351500,1944-09-25,A,2.1803971882
1822,USGS,01351500,1944-09-26,A,1.8972287222
1823,USGS,01351500,1944-09-27,A,1.6140602562000002
1824,USGS,01351500,1944-09-28,A,1.6140602562000002
1825,USGS,01351500,1944-09-29,A,1.6706939494
1826,USGS,01351500,1944-09-30,A,1.8972287222
1827,USGS,01351500,1944-10-01,A,1.9538624154000002
1828,USGS,01351500,1944-10-02,A,1.6706939494
1829,USGS,01351500,1944-10-03,A,1.4441591766
1830,USGS,01351500,1944-10-04,A,1.3592086368
1831,USGS,01351500,1944-10-05,A,1.3025749436
1832,USGS,01351500,1944-10-06,A,1.3592086368
1833,USGS,01351500,1944-10-07,A,1.4441591766
1834,USGS,01351500,1944-10-08,A,2.0388129552
1835,USGS,01351500,1944-10-09,A,3.0299025862
1836,USGS,01351500,1944-10-10,A,3.9077248308000003
1837,USGS,01351500,1944-10-11,A,3.0299025862
1838,USGS,01351500,1944-10-12,A,2.7184172736
1839,USGS,01351500,1944-10-13,A,2.406931961
1840,USGS,01351500,1944-10-14,A,2.4352488076
1841,USGS,01351500,1944-10-15,A,4.0776259104
1842,USGS,01351500,1944-10-16,A,5.1253492346
1843,USGS,01351500,1944-10-17,A,4.643962842400001
1844,USGS,01351500,1944-10-18,A,3.7378237512
1845,USGS,01351500,1944-10-19,A,3.256437359
1846,USGS,01351500,1944-10-20,A,2.9449520464
1847,USGS,01351500,1944-10-21,A,4.9837650016
1848,USGS,01351500,1944-10-22,A,24.4657554624
1849,USGS,01351500,1944-10-23,A,17.9528807444
1850,USGS,01351500,1944-10-24,A,11.8081250322
1851,USGS,01351500,1944-10-25,A,9.3728762246
1852,USGS,01351500,1944-10-26,A,8.2968360538
1853,USGS,01351500,1944-10-27,A,8.2968360538
1854,USGS,01351500,1944-10-28,A,8.2968360538
1855,USGS,01351500,1944-10-29,A,6.937627417
1856,USGS,01351500,1944-10-30,A,5.7200030132
1857,USGS,01351500,1944-10-31,A,5.1253492346
1858,USGS,01351500,1944-11-01,A,4.643962842400001
1859,USGS,01351500,1944-11-02,A,4.3324775298
1860,USGS,01351500,1944-11-03,A,4.0493090638
1861,USGS,01351500,1944-11-04,A,4.0493090638
1862,USGS,01351500,1944-11-05,A,3.9077248308000003
1863,USGS,01351500,1944-11-06,A,4.1908932968000006
1864,USGS,01351500,1944-11-07,A,3.9077248308000003
1865,USGS,01351500,1944-11-08,A,3.7378237512
1866,USGS,01351500,1944-11-09,A,3.7378237512
1867,USGS,01351500,1944-11-10,A,4.0493090638
1868,USGS,01351500,1944-11-11,A,5.3235671608
1869,USGS,01351500,1944-11-12,A,6.7394094908
1870,USGS,01351500,1944-11-13,A,5.3235671608
1871,USGS,01351500,1944-11-14,A,4.643962842400001
1872,USGS,01351500,1944-11-15,A,4.4740617628
1873,USGS,01351500,1944-11-16,A,6.1164388656
1874,USGS,01351500,1944-11-17,A,18.0944649774
1875,USGS,01351500,1944-11-18,A,19.963376853
1876,USGS,01351500,1944-11-19,A,16.1689194086
1877,USGS,01351500,1944-11-20,A,13.761987447600001
1878,USGS,01351500,1944-11-21,A,14.1017896068
1879,USGS,01351500,1944-11-22,A,17.698029125
1880,USGS,01351500,1944-11-23,A,16.9334742668
1881,USGS,01351500,1944-11-24,A,15.4893150902
1882,USGS,01351500,1944-11-25,A,14.1017896068
1883,USGS,01351500,1944-11-26,A,12.1196103448
1884,USGS,01351500,1944-11-27,A,11.8647587254
1885,USGS,01351500,1944-11-28,A,49.55448155
1886,USGS,01351500,1944-11-29,A,53.80200854
1887,USGS,01351500,1944-11-30,A,39.360416774
1888,USGS,01351500,1944-12-01,A,38.22774291
1889,USGS,01351500,1944-12-02,A,28.883183532
1890,USGS,01351500,1944-12-03,A,21.520803416
1891,USGS,01351500,1944-12-04,A,19.255455688
1892,USGS,01351500,1944-12-05,A,18.122781824
1893,USGS,01351500,1944-12-06,A,16.99010796
1894,USGS,01351500,1944-12-07,A,16.423771028
1895,USGS,01351500,1944-12-08,A,16.9334742668
1896,USGS,01351500,1944-12-09,A,65.12874718
1897,USGS,01351500,1944-12-10,A,48.988144618
1898,USGS,01351500,1944-12-11,A,31.714868192
1899,USGS,01351500,1944-12-12,A,26.617835804000002
1900,USGS,01351500,1944-12-13,A,22.65347728
1901,USGS,01351500,1944-12-14,A,19.82179262
1902,USGS,01351500,1944-12-15,A,18.122781824
1903,USGS,01351500,1944-12-16,A,16.99010796
1904,USGS,01351500,1944-12-17,A,16.1689194086
1905,USGS,01351500,1944-12-18,A,14.724760232000001
1906,USGS,01351500,1944-12-19,A,12.459412504
1907,USGS,01351500,1944-12-20,A,10.477233242
1908,USGS,01351500,1944-12-21,A,11.043570174000001
1909,USGS,01351500,1944-12-22,A,8.778222446000001
1910,USGS,01351500,1944-12-23,A,9.061390912
1911,USGS,01351500,1944-12-24,A,9.627727844
1912,USGS,01351500,1944-12-25,A,11.043570174000001
1913,USGS,01351500,1944-12-26,A,18.122781824
1914,USGS,01351500,1944-12-27,A,19.82179262
1915,USGS,01351500,1944-12-28,A,15.291097164
1916,USGS,01351500,1944-12-29,A,13.308917902000001
1917,USGS,01351500,1944-12-30,A,12.74258097
1918,USGS,01351500,1944-12-31,A,13.308917902000001
1919,USGS,01351500,1945-01-01,A,19.82179262
1920,USGS,01351500,1945-01-02,A,133.08917902000002
1921,USGS,01351500,1945-01-03,A,62.297062520000004
1922,USGS,01351500,1945-01-04,A,50.97032388
1923,USGS,01351500,1945-01-05,A,36.81190058
1924,USGS,01351500,1945-01-06,A,24.918825008
1925,USGS,01351500,1945-01-07,A,22.087140348000002
1926,USGS,01351500,1945-01-08,A,23.219814212
1927,USGS,01351500,1945-01-09,A,23.786151144
1928,USGS,01351500,1945-01-10,A,16.99010796
1929,USGS,01351500,1945-01-11,A,14.1584233
1930,USGS,01351500,1945-01-12,A,12.74258097
1931,USGS,01351500,1945-01-13,A,13.308917902000001
1932,USGS,01351500,1945-01-14,A,12.176244038
1933,USGS,01351500,1945-01-15,A,10.477233242
1934,USGS,01351500,1945-01-16,A,9.627727844
1935,USGS,01351500,1945-01-17,A,9.061390912
1936,USGS,01351500,1945-01-18,A,8.778222446000001
1937,USGS,01351500,1945-01-19,A,8.49505398
1938,USGS,01351500,1945-01-20,A,8.211885514
1939,USGS,01351500,1945-01-21,A,7.928717048
1940,USGS,01351500,1945-01-22,A,7.645548582
1941,USGS,01351500,1945-01-23,A,7.645548582
1942,USGS,01351500,1945-01-24,A,7.362380116000001
1943,USGS,01351500,1945-01-25,A,6.371290485
1944,USGS,01351500,1945-01-26,A,6.937627417
1945,USGS,01351500,1945-01-27,A,6.796043184
1946,USGS,01351500,1945-01-28,A,6.512874718
1947,USGS,01351500,1945-01-29,A,6.371290485
1948,USGS,01351500,1945-01-30,A,6.088122019
1949,USGS,01351500,1945-01-31,A,5.946537786
1950,USGS,01351500,1945-02-01,A,5.66336932
1951,USGS,01351500,1945-02-02,A,5.5217850870000005
1952,USGS,01351500,1945-02-03,A,5.380200854
1953,USGS,01351500,1945-02-04,A,5.238616621
1954,USGS,01351500,1945-02-05,A,5.238616621
1955,USGS,01351500,1945-02-06,A,5.097032388000001
1956,USGS,01351500,1945-02-07,A,4.955448155
1957,USGS,01351500,1945-02-08,A,4.955448155
1958,USGS,01351500,1945-02-09,A,5.097032388000001
1959,USGS,01351500,1945-02-10,A,5.380200854
1960,USGS,01351500,1945-02-11,A,5.66336932
1961,USGS,01351500,1945-02-12,A,5.946537786
1962,USGS,01351500,1945-02-13,A,5.66336932
1963,USGS,01351500,1945-02-14,A,5.380200854
1964,USGS,01351500,1945-02-15,A,5.380200854
1965,USGS,01351500,1945-02-16,A,5.66336932
1966,USGS,01351500,1945-02-17,A,6.088122019
1967,USGS,01351500,1945-02-18,A,6.371290485
1968,USGS,01351500,1945-02-19,A,5.946537786
1969,USGS,01351500,1945-02-20,A,5.66336932
1970,USGS,01351500,1945-02-21,A,5.946537786
1971,USGS,01351500,1945-02-22,A,9.061390912
1972,USGS,01351500,1945-02-23,A,60.88122019
1973,USGS,01351500,1945-02-24,A,110.43570174
1974,USGS,01351500,1945-02-25,A,82.11885514000001
1975,USGS,01351500,1945-02-26,A,70.7921165
1976,USGS,01351500,1945-02-27,A,110.43570174
1977,USGS,01351500,1945-02-28,A,95.994109974
1978,USGS,01351500,1945-03-01,A,71.924790364
1979,USGS,01351500,1945-03-02,A,60.031714792
1980,USGS,01351500,1945-03-03,A,113.2673864
1981,USGS,01351500,1945-03-04,A,269.859548098
1982,USGS,01351500,1945-03-05,A,152.627803174
1983,USGS,01351500,1945-03-06,A,175.281280454
1984,USGS,01351500,1945-03-07,A,179.528807444
1985,USGS,01351500,1945-03-08,A,105.90500628400001
1986,USGS,01351500,1945-03-09,A,83.53469747
1987,USGS,01351500,1945-03-10,A,69.093105704
1988,USGS,01351500,1945-03-11,A,53.518840074
1989,USGS,01351500,1945-03-12,A,48.988144618
1990,USGS,01351500,1945-03-13,A,43.607943764
1991,USGS,01351500,1945-03-14,A,58.615872462
1992,USGS,01351500,1945-03-15,A,103.922827022
1993,USGS,01351500,1945-03-16,A,171.883258862
1994,USGS,01351500,1945-03-17,A,231.065468256
1995,USGS,01351500,1945-03-18,A,294.49520464
1996,USGS,01351500,1945-03-19,A,214.924865694
1997,USGS,01351500,1945-03-20,A,161.972362552
1998,USGS,01351500,1945-03-21,A,190.855546084
1999,USGS,01351500,1945-03-22,A,265.612021108
2000,USGS,01351500,1945-03-23,A,144.132749194
2001,USGS,01351500,1945-03-24,A,94.86143611
2002,USGS,01351500,1945-03-25,A,67.677263374
2003,USGS,01351500,1945-03-26,A,51.536660812
2004,USGS,01351500,1945-03-27,A,43.607943764
2005,USGS,01351500,1945-03-28,A,52.102997744
2006,USGS,01351500,1945-03-29,A,46.439628424
2007,USGS,01351500,1945-03-30,A,52.38616621
2008,USGS,01351500,1945-03-31,A,52.669334676
2009,USGS,01351500,1945-04-01,A,48.421807686
2010,USGS,01351500,1945-04-02,A,41.625764502
2011,USGS,01351500,1945-04-03,A,44.174280696000004
2012,USGS,01351500,1945-04-04,A,43.607943764
2013,USGS,01351500,1945-04-05,A,90.61390912
2014,USGS,01351500,1945-04-06,A,104.205995488
2015,USGS,01351500,1945-04-07,A,69.093105704
2016,USGS,01351500,1945-04-08,A,54.651513938
2017,USGS,01351500,1945-04-09,A,47.005965356000004
2018,USGS,01351500,1945-04-10,A,40.493090638
2019,USGS,01351500,1945-04-11,A,35.39605825
2020,USGS,01351500,1945-04-12,A,31.148531260000002
2021,USGS,01351500,1945-04-13,A,28.0619949806
2022,USGS,01351500,1945-04-14,A,28.0619949806
2023,USGS,01351500,1945-04-15,A,27.0992221962
2024,USGS,01351500,1945-04-16,A,22.936645746
2025,USGS,01351500,1945-04-17,A,19.1988219948
2026,USGS,01351500,1945-04-18,A,14.1017896068
2027,USGS,01351500,1945-04-19,A,10.901985941
2028,USGS,01351500,1945-04-20,A,9.6560446906
2029,USGS,01351500,1945-04-21,A,9.1180246052
2030,USGS,01351500,1945-04-22,A,9.3728762246
2031,USGS,01351500,1945-04-23,A,9.3728762246
2032,USGS,01351500,1945-04-24,A,7.7588159684
2033,USGS,01351500,1945-04-25,A,10.7887185546
2034,USGS,01351500,1945-04-26,A,77.021822752
2035,USGS,01351500,1945-04-27,A,58.615872462
2036,USGS,01351500,1945-04-28,A,61.447557122
2037,USGS,01351500,1945-04-29,A,50.97032388
2038,USGS,01351500,1945-04-30,A,44.174280696000004
2039,USGS,01351500,1945-05-01,A,40.493090638
2040,USGS,01351500,1945-05-02,A,59.182209394000004
2041,USGS,01351500,1945-05-03,A,52.102997744
2042,USGS,01351500,1945-05-04,A,73.057464228
2043,USGS,01351500,1945-05-05,A,168.202068804
2044,USGS,01351500,1945-05-06,A,109.01985941000001
2045,USGS,01351500,1945-05-07,A,81.269349742
2046,USGS,01351500,1945-05-08,A,66.827757976
2047,USGS,01351500,1945-05-09,A,63.429736384
2048,USGS,01351500,1945-05-10,A,52.669334676
2049,USGS,01351500,1945-05-11,A,100.80797389600001
2050,USGS,01351500,1945-05-12,A,199.067431598
2051,USGS,01351500,1945-05-13,A,177.263459716
2052,USGS,01351500,1945-05-14,A,206.146643248
2053,USGS,01351500,1945-05-15,A,135.071358282
2054,USGS,01351500,1945-05-16,A,114.116891798
2055,USGS,01351500,1945-05-17,A,94.01193071200001
2056,USGS,01351500,1945-05-18,A,94.01193071200001
2057,USGS,01351500,1945-05-19,A,98.542626168
2058,USGS,01351500,1945-05-20,A,118.647587254
2059,USGS,01351500,1945-05-21,A,84.384202868
2060,USGS,01351500,1945-05-22,A,71.358453432
2061,USGS,01351500,1945-05-23,A,66.261421044
2062,USGS,01351500,1945-05-24,A,55.501019336
2063,USGS,01351500,1945-05-25,A,44.740617628
2064,USGS,01351500,1945-05-26,A,37.661405978
2065,USGS,01351500,1945-05-27,A,33.697047454
2066,USGS,01351500,1945-05-28,A,40.493090638
2067,USGS,01351500,1945-05-29,A,38.22774291
2068,USGS,01351500,1945-05-30,A,34.263384386
2069,USGS,01351500,1945-05-31,A,28.883183532
2070,USGS,01351500,1945-06-01,A,24.210903843
2071,USGS,01351500,1945-06-02,A,22.087140348000002
2072,USGS,01351500,1945-06-03,A,32.56437359
2073,USGS,01351500,1945-06-04,A,45.30695456
2074,USGS,01351500,1945-06-05,A,48.421807686
2075,USGS,01351500,1945-06-06,A,56.6336932
2076,USGS,01351500,1945-06-07,A,41.625764502
2077,USGS,01351500,1945-06-08,A,28.0619949806
2078,USGS,01351500,1945-06-09,A,22.087140348000002
2079,USGS,01351500,1945-06-10,A,25.6550630196
2080,USGS,01351500,1945-06-11,A,30.299025862
2081,USGS,01351500,1945-06-12,A,78.154496616
2082,USGS,01351500,1945-06-13,A,45.30695456
2083,USGS,01351500,1945-06-14,A,32.281205124
2084,USGS,01351500,1945-06-15,A,25.6550630196
2085,USGS,01351500,1945-06-16,A,89.19806679
2086,USGS,01351500,1945-06-17,A,88.065392926
2087,USGS,01351500,1945-06-18,A,71.924790364
2088,USGS,01351500,1945-06-19,A,50.120818482000004
2089,USGS,01351500,1945-06-20,A,50.97032388
2090,USGS,01351500,1945-06-21,A,71.924790364
2091,USGS,01351500,1945-06-22,A,57.200030132
2092,USGS,01351500,1945-06-23,A,45.873291492
2093,USGS,01351500,1945-06-24,A,34.263384386
2094,USGS,01351500,1945-06-25,A,28.0619949806
2095,USGS,01351500,1945-06-26,A,19.9916936996
2096,USGS,01351500,1945-06-27,A,18.6041682162
2097,USGS,01351500,1945-06-28,A,17.0750584998
2098,USGS,01351500,1945-06-29,A,13.4221852884
2099,USGS,01351500,1945-06-30,A,14.441591766
2100,USGS,01351500,1945-07-01,A,11.496639719600001
2101,USGS,01351500,1945-07-02,A,9.9675300032
2102,USGS,01351500,1945-07-03,A,9.3728762246
2103,USGS,01351500,1945-07-04,A,8.0136675878
2104,USGS,01351500,1945-07-05,A,6.5411915646
2105,USGS,01351500,1945-07-06,A,5.7200030132
2106,USGS,01351500,1945-07-07,A,4.9271313084
2107,USGS,01351500,1945-07-08,A,4.4740617628
2108,USGS,01351500,1945-07-09,A,4.0493090638
2109,USGS,01351500,1945-07-10,A,3.5962395182
2110,USGS,01351500,1945-07-11,A,3.9077248308000003
2111,USGS,01351500,1945-07-12,A,4.1908932968000006
2112,USGS,01351500,1945-07-13,A,3.4546552852000003
2113,USGS,01351500,1945-07-14,A,2.9449520464
2114,USGS,01351500,1945-07-15,A,3.1431699726
2115,USGS,01351500,1945-07-16,A,7.7588159684
2116,USGS,01351500,1945-07-17,A,8.580004519800001
2117,USGS,01351500,1945-07-18,A,6.1447557122
2118,USGS,01351500,1945-07-19,A,5.7200030132
2119,USGS,01351500,1945-07-20,A,14.016839067000001
2120,USGS,01351500,1945-07-21,A,102.223816226
2121,USGS,01351500,1945-07-22,A,72.491127296
2122,USGS,01351500,1945-07-23,A,84.101034402
2123,USGS,01351500,1945-07-24,A,54.085177006
2124,USGS,01351500,1945-07-25,A,36.528732114
2125,USGS,01351500,1945-07-26,A,55.21785087
2126,USGS,01351500,1945-07-27,A,46.156459958
2127,USGS,01351500,1945-07-28,A,28.883183532
2128,USGS,01351500,1945-07-29,A,36.528732114
2129,USGS,01351500,1945-07-30,A,73.906969626
2130,USGS,01351500,1945-07-31,A,48.988144618
2131,USGS,01351500,1945-08-01,A,37.095069046
2132,USGS,01351500,1945-08-02,A,28.883183532
2133,USGS,01351500,1945-08-03,A,24.6922902352
2134,USGS,01351500,1945-08-04,A,20.812882251
2135,USGS,01351500,1945-08-05,A,16.9334742668
2136,USGS,01351500,1945-08-06,A,15.149512931
2137,USGS,01351500,1945-08-07,A,20.5580306316
2138,USGS,01351500,1945-08-08,A,28.0619949806
2139,USGS,01351500,1945-08-09,A,21.662387649
2140,USGS,01351500,1945-08-10,A,18.066148130800002
2141,USGS,01351500,1945-08-11,A,15.2061466242
2142,USGS,01351500,1945-08-12,A,8.580004519800001
2143,USGS,01351500,1945-08-13,A,6.1447557122
2144,USGS,01351500,1945-08-14,A,4.9271313084
2145,USGS,01351500,1945-08-15,A,4.1908932968000006
2146,USGS,01351500,1945-08-16,A,3.5962395182
2147,USGS,01351500,1945-08-17,A,3.3413878988
2148,USGS,01351500,1945-08-18,A,3.1431699726
2149,USGS,01351500,1945-08-19,A,2.83168466
2150,USGS,01351500,1945-08-20,A,2.5201993474
2151,USGS,01351500,1945-08-21,A,2.265347728
2152,USGS,01351500,1945-08-22,A,2.123763495
2153,USGS,01351500,1945-08-23,A,1.9538624154000002
2154,USGS,01351500,1945-08-24,A,1.8972287222
2155,USGS,01351500,1945-08-25,A,2.0388129552
2156,USGS,01351500,1945-08-26,A,2.6051498872
2157,USGS,01351500,1945-08-27,A,2.83168466
2158,USGS,01351500,1945-08-28,A,2.406931961
2159,USGS,01351500,1945-08-29,A,2.265347728
2160,USGS,01351500,1945-08-30,A,2.0388129552
2161,USGS,01351500,1945-08-31,A,1.8122781824
2162,USGS,01351500,1945-09-01,A,1.7556444892
2163,USGS,01351500,1945-09-02,A,13.592086368
2164,USGS,01351500,1945-09-03,A,16.423771028
2165,USGS,01351500,1945-09-04,A,9.91089631
2166,USGS,01351500,1945-09-05,A,6.937627417
2167,USGS,01351500,1945-09-06,A,5.5217850870000005
2168,USGS,01351500,1945-09-07,A,4.3891112230000005
2169,USGS,01351500,1945-09-08,A,3.6811900580000003
2170,USGS,01351500,1945-09-09,A,3.3413878988
2171,USGS,01351500,1945-09-10,A,3.5962395182
2172,USGS,01351500,1945-09-11,A,3.9077248308000003
2173,USGS,01351500,1945-09-12,A,4.7855470754
2174,USGS,01351500,1945-09-13,A,4.7855470754
2175,USGS,01351500,1945-09-14,A,4.0493090638
2176,USGS,01351500,1945-09-15,A,6.4845578714
2177,USGS,01351500,1945-09-16,A,7.7588159684
2178,USGS,01351500,1945-09-17,A,5.3235671608
2179,USGS,01351500,1945-09-18,A,4.1908932968000006
2180,USGS,01351500,1945-09-19,A,55.784187802
2181,USGS,01351500,1945-09-20,A,33.697047454
2182,USGS,01351500,1945-09-21,A,19.0006040686
2183,USGS,01351500,1945-09-22,A,13.4221852884
2184,USGS,01351500,1945-09-23,A,10.590500628400001
2185,USGS,01351500,1945-09-24,A,9.3728762246
2186,USGS,01351500,1945-09-25,A,8.8348561392
2187,USGS,01351500,1945-09-26,A,8.8348561392
2188,USGS,01351500,1945-09-27,A,13.110699975800001
2189,USGS,01351500,1945-09-28,A,9.6560446906
2190,USGS,01351500,1945-09-29,A,7.220795883
2191,USGS,01351500,1945-09-30,A,6.7394094908
2192,USGS,01351500,1945-10-01,A,6.8243600306
2193,USGS,01351500,1945-10-02,A,40.493090638
2194,USGS,01351500,1945-10-03,A,45.873291492
2195,USGS,01351500,1945-10-04,A,23.899418530400002
2196,USGS,01351500,1945-10-05,A,17.698029125
2197,USGS,01351500,1945-10-06,A,15.149512931
2198,USGS,01351500,1945-10-07,A,14.441591766
2199,USGS,01351500,1945-10-08,A,15.4893150902
2200,USGS,01351500,1945-10-09,A,62.013894054000005
2201,USGS,01351500,1945-10-10,A,58.615872462
2202,USGS,01351500,1945-10-11,A,32.56437359
2203,USGS,01351500,1945-10-12,A,25.1736766274
2204,USGS,01351500,1945-10-13,A,23.786151144
2205,USGS,01351500,1945-10-14,A,20.812882251
2206,USGS,01351500,1945-10-15,A,27.0992221962
2207,USGS,01351500,1945-10-16,A,24.210903843
2208,USGS,01351500,1945-10-17,A,19.5952578472
2209,USGS,01351500,1945-10-18,A,16.5370384144
2210,USGS,01351500,1945-10-19,A,15.149512931
2211,USGS,01351500,1945-10-20,A,13.0823831292
2212,USGS,01351500,1945-10-21,A,12.1196103448
2213,USGS,01351500,1945-10-22,A,11.2134712536
2214,USGS,01351500,1945-10-23,A,10.590500628400001
2215,USGS,01351500,1945-10-24,A,12.4310956574
2216,USGS,01351500,1945-10-25,A,12.74258097
2217,USGS,01351500,1945-10-26,A,12.4310956574
2218,USGS,01351500,1945-10-27,A,14.1017896068
2219,USGS,01351500,1945-10-28,A,14.441591766
2220,USGS,01351500,1945-10-29,A,11.8081250322
2221,USGS,01351500,1945-10-30,A,10.2790153158
2222,USGS,01351500,1945-10-31,A,9.6560446906
2223,USGS,01351500,1945-11-01,A,8.8348561392
2224,USGS,01351500,1945-11-02,A,10.0807973896
2225,USGS,01351500,1945-11-03,A,56.6336932
2226,USGS,01351500,1945-11-04,A,55.784187802
2227,USGS,01351500,1945-11-05,A,32.281205124
2228,USGS,01351500,1945-11-06,A,24.6922902352
2229,USGS,01351500,1945-11-07,A,20.812882251
2230,USGS,01351500,1945-11-08,A,18.830702989
2231,USGS,01351500,1945-11-09,A,16.9334742668
2232,USGS,01351500,1945-11-10,A,15.4893150902
2233,USGS,01351500,1945-11-11,A,14.8097107718
2234,USGS,01351500,1945-11-12,A,22.511893047
2235,USGS,01351500,1945-11-13,A,22.087140348000002
2236,USGS,01351500,1945-11-14,A,27.5806085884
2237,USGS,01351500,1945-11-15,A,34.263384386
2238,USGS,01351500,1945-11-16,A,26.617835804000002
2239,USGS,01351500,1945-11-17,A,22.511893047
2240,USGS,01351500,1945-11-18,A,30.015857396
2241,USGS,01351500,1945-11-19,A,30.015857396
2242,USGS,01351500,1945-11-20,A,79.00400201400001
2243,USGS,01351500,1945-11-21,A,50.403986948000004
2244,USGS,01351500,1945-11-22,A,48.704976152
2245,USGS,01351500,1945-11-23,A,55.501019336
2246,USGS,01351500,1945-11-24,A,35.39605825
2247,USGS,01351500,1945-11-25,A,28.883183532
2248,USGS,01351500,1945-11-26,A,25.6550630196
2249,USGS,01351500,1945-11-27,A,22.511893047
2250,USGS,01351500,1945-11-28,A,20.812882251
2251,USGS,01351500,1945-11-29,A,24.6922902352
2252,USGS,01351500,1945-11-30,A,28.3168466
2253,USGS,01351500,1945-12-01,A,31.148531260000002
2254,USGS,01351500,1945-12-02,A,30.015857396
2255,USGS,01351500,1945-12-03,A,28.3168466
2256,USGS,01351500,1945-12-04,A,22.087140348000002
2257,USGS,01351500,1945-12-05,A,16.99010796
2258,USGS,01351500,1945-12-06,A,22.65347728
2259,USGS,01351500,1945-12-07,A,58.615872462
2260,USGS,01351500,1945-12-08,A,129.974325894
2261,USGS,01351500,1945-12-09,A,109.01985941000001
2262,USGS,01351500,1945-12-10,A,90.047572188
2263,USGS,01351500,1945-12-11,A,69.093105704
2264,USGS,01351500,1945-12-12,A,43.891112230000005
2265,USGS,01351500,1945-12-13,A,33.98021592
2266,USGS,01351500,1945-12-14,A,35.39605825
2267,USGS,01351500,1945-12-15,A,32.281205124
2268,USGS,01351500,1945-12-16,A,30.582194328
2269,USGS,01351500,1945-12-17,A,25.48516194
2270,USGS,01351500,1945-12-18,A,20.388129552000002
2271,USGS,01351500,1945-12-19,A,17.556444892000002
2272,USGS,01351500,1945-12-20,A,16.99010796
2273,USGS,01351500,1945-12-21,A,15.857434096
2274,USGS,01351500,1945-12-22,A,14.724760232000001
2275,USGS,01351500,1945-12-23,A,13.875254834
2276,USGS,01351500,1945-12-24,A,13.875254834
2277,USGS,01351500,1945-12-25,A,14.724760232000001
2278,USGS,01351500,1945-12-26,A,22.65347728
2279,USGS,01351500,1945-12-27,A,48.13863922
2280,USGS,01351500,1945-12-28,A,48.13863922
2281,USGS,01351500,1945-12-29,A,36.81190058
2282,USGS,01351500,1945-12-30,A,32.281205124
2283,USGS,01351500,1945-12-31,A,31.148531260000002
2284,USGS,01351500,1946-01-01,A,30.015857396
2285,USGS,01351500,1946-01-02,A,22.087140348000002
2286,USGS,01351500,1946-01-03,A,19.82179262
2287,USGS,01351500,1946-01-04,A,20.954466484
2288,USGS,01351500,1946-01-05,A,23.219814212
2289,USGS,01351500,1946-01-06,A,186.89118756
2290,USGS,01351500,1946-01-07,A,436.07943764000004
2291,USGS,01351500,1946-01-08,A,288.83183532
2292,USGS,01351500,1946-01-09,A,165.370384144
2293,USGS,01351500,1946-01-10,A,163.10503641600002
2294,USGS,01351500,1946-01-11,A,124.310956574
2295,USGS,01351500,1946-01-12,A,97.409952304
2296,USGS,01351500,1946-01-13,A,85.23370826600001
2297,USGS,01351500,1946-01-14,A,55.21785087
2298,USGS,01351500,1946-01-15,A,46.72279689
2299,USGS,01351500,1946-01-16,A,33.98021592
2300,USGS,01351500,1946-01-17,A,27.750509668
2301,USGS,01351500,1946-01-18,A,30.582194328
2302,USGS,01351500,1946-01-19,A,26.051498872
2303,USGS,01351500,1946-01-20,A,20.954466484
2304,USGS,01351500,1946-01-21,A,21.520803416
2305,USGS,01351500,1946-01-22,A,22.65347728
2306,USGS,01351500,1946-01-23,A,15.291097164
2307,USGS,01351500,1946-01-24,A,14.1584233
2308,USGS,01351500,1946-01-25,A,14.724760232000001
2309,USGS,01351500,1946-01-26,A,11.893075572
2310,USGS,01351500,1946-01-27,A,10.194064776000001
2311,USGS,01351500,1946-01-28,A,9.91089631
2312,USGS,01351500,1946-01-29,A,9.627727844
2313,USGS,01351500,1946-01-30,A,8.49505398
2314,USGS,01351500,1946-01-31,A,9.061390912
2315,USGS,01351500,1946-02-01,A,9.627727844
2316,USGS,01351500,1946-02-02,A,7.928717048
2317,USGS,01351500,1946-02-03,A,6.937627417
2318,USGS,01351500,1946-02-04,A,6.512874718
2319,USGS,01351500,1946-02-05,A,6.796043184
2320,USGS,01351500,1946-02-06,A,7.362380116000001
2321,USGS,01351500,1946-02-07,A,10.477233242
2322,USGS,01351500,1946-02-08,A,11.893075572
2323,USGS,01351500,1946-02-09,A,8.49505398
2324,USGS,01351500,1946-02-10,A,7.928717048
2325,USGS,01351500,1946-02-11,A,7.362380116000001
2326,USGS,01351500,1946-02-12,A,6.937627417
2327,USGS,01351500,1946-02-13,A,7.07921165
2328,USGS,01351500,1946-02-14,A,36.81190058
2329,USGS,01351500,1946-02-15,A,55.21785087
2330,USGS,01351500,1946-02-16,A,18.689118756
2331,USGS,01351500,1946-02-17,A,16.99010796
2332,USGS,01351500,1946-02-18,A,13.875254834
2333,USGS,01351500,1946-02-19,A,11.32673864
2334,USGS,01351500,1946-02-20,A,10.194064776000001
2335,USGS,01351500,1946-02-21,A,9.344559378
2336,USGS,01351500,1946-02-22,A,8.778222446000001
2337,USGS,01351500,1946-02-23,A,9.344559378
2338,USGS,01351500,1946-02-24,A,9.061390912
2339,USGS,01351500,1946-02-25,A,8.49505398
2340,USGS,01351500,1946-02-26,A,8.211885514
2341,USGS,01351500,1946-02-27,A,9.91089631
2342,USGS,01351500,1946-02-28,A,14.724760232000001
2343,USGS,01351500,1946-03-01,A,21.520803416
2344,USGS,01351500,1946-03-02,A,33.413878988
2345,USGS,01351500,1946-03-03,A,35.39605825
2346,USGS,01351500,1946-03-04,A,49.55448155
2347,USGS,01351500,1946-03-05,A,116.09907106
2348,USGS,01351500,1946-03-06,A,202.748621656
2349,USGS,01351500,1946-03-07,A,282.318960602
2350,USGS,01351500,1946-03-08,A,203.88129552
2351,USGS,01351500,1946-03-09,A,288.83183532
2352,USGS,01351500,1946-03-10,A,221.437740412
2353,USGS,01351500,1946-03-11,A,119.497092652
2354,USGS,01351500,1946-03-12,A,82.685192072
2355,USGS,01351500,1946-03-13,A,78.154496616
2356,USGS,01351500,1946-03-14,A,84.384202868
2357,USGS,01351500,1946-03-15,A,109.869364808
2358,USGS,01351500,1946-03-16,A,114.966397196
2359,USGS,01351500,1946-03-17,A,88.34856139200001
2360,USGS,01351500,1946-03-18,A,73.62380116
2361,USGS,01351500,1946-03-19,A,62.580230986000004
2362,USGS,01351500,1946-03-20,A,54.085177006
2363,USGS,01351500,1946-03-21,A,48.421807686
2364,USGS,01351500,1946-03-22,A,38.22774291
2365,USGS,01351500,1946-03-23,A,31.148531260000002
2366,USGS,01351500,1946-03-24,A,26.617835804000002
2367,USGS,01351500,1946-03-25,A,24.210903843
2368,USGS,01351500,1946-03-26,A,24.210903843
2369,USGS,01351500,1946-03-27,A,21.23763495
2370,USGS,01351500,1946-03-28,A,18.066148130800002
2371,USGS,01351500,1946-03-29,A,15.829117249400001
2372,USGS,01351500,1946-03-30,A,14.1017896068
2373,USGS,01351500,1946-03-31,A,12.74258097
2374,USGS,01351500,1946-04-01,A,11.2134712536
2375,USGS,01351500,1946-04-02,A,15.4893150902
2376,USGS,01351500,1946-04-03,A,18.066148130800002
2377,USGS,01351500,1946-04-04,A,15.4893150902
2378,USGS,01351500,1946-04-05,A,14.8097107718
2379,USGS,01351500,1946-04-06,A,14.441591766
2380,USGS,01351500,1946-04-07,A,13.0823831292
2381,USGS,01351500,1946-04-08,A,11.8081250322
2382,USGS,01351500,1946-04-09,A,11.8081250322
2383,USGS,01351500,1946-04-10,A,12.74258097
2384,USGS,01351500,1946-04-11,A,11.8081250322
2385,USGS,01351500,1946-04-12,A,10.2790153158
2386,USGS,01351500,1946-04-13,A,9.6560446906
2387,USGS,01351500,1946-04-14,A,9.1180246052
2388,USGS,01351500,1946-04-15,A,8.580004519800001
2389,USGS,01351500,1946-04-16,A,8.580004519800001
2390,USGS,01351500,1946-04-17,A,9.1180246052
2391,USGS,01351500,1946-04-18,A,8.0136675878
2392,USGS,01351500,1946-04-19,A,6.937627417
2393,USGS,01351500,1946-04-20,A,6.7394094908
2394,USGS,01351500,1946-04-21,A,6.7394094908
2395,USGS,01351500,1946-04-22,A,6.1447557122
2396,USGS,01351500,1946-04-23,A,5.7200030132
2397,USGS,01351500,1946-04-24,A,5.7200030132
2398,USGS,01351500,1946-04-25,A,5.7200030132
2399,USGS,01351500,1946-04-26,A,5.7200030132
2400,USGS,01351500,1946-04-27,A,6.3429736384
2401,USGS,01351500,1946-04-28,A,8.8348561392
2402,USGS,01351500,1946-04-29,A,11.2134712536
2403,USGS,01351500,1946-04-30,A,12.1196103448
2404,USGS,01351500,1946-05-01,A,10.901985941
2405,USGS,01351500,1946-05-02,A,8.8348561392
2406,USGS,01351500,1946-05-03,A,7.4756475024
2407,USGS,01351500,1946-05-04,A,6.937627417
2408,USGS,01351500,1946-05-05,A,6.7394094908
2409,USGS,01351500,1946-05-06,A,7.4756475024
2410,USGS,01351500,1946-05-07,A,7.4756475024
2411,USGS,01351500,1946-05-08,A,7.7588159684
2412,USGS,01351500,1946-05-09,A,10.2790153158
2413,USGS,01351500,1946-05-10,A,8.580004519800001
2414,USGS,01351500,1946-05-11,A,8.0136675878
2415,USGS,01351500,1946-05-12,A,11.2134712536
2416,USGS,01351500,1946-05-13,A,13.4221852884
2417,USGS,01351500,1946-05-14,A,10.901985941
2418,USGS,01351500,1946-05-15,A,15.8008004028
2419,USGS,01351500,1946-05-16,A,19.5952578472
2420,USGS,01351500,1946-05-17,A,28.600015066
2421,USGS,01351500,1946-05-18,A,104.489163954
2422,USGS,01351500,1946-05-19,A,67.677263374
2423,USGS,01351500,1946-05-20,A,44.740617628
2424,USGS,01351500,1946-05-21,A,89.481235256
2425,USGS,01351500,1946-05-22,A,95.710941508
2426,USGS,01351500,1946-05-23,A,52.102997744
2427,USGS,01351500,1946-05-24,A,35.962395182
2428,USGS,01351500,1946-05-25,A,28.0619949806
2429,USGS,01351500,1946-05-26,A,30.015857396
2430,USGS,01351500,1946-05-27,A,100.52480543
2431,USGS,01351500,1946-05-28,A,433.24775298000003
2432,USGS,01351500,1946-05-29,A,297.3268893
2433,USGS,01351500,1946-05-30,A,148.66344465
2434,USGS,01351500,1946-05-31,A,99.958468498
2435,USGS,01351500,1946-06-01,A,79.00400201400001
2436,USGS,01351500,1946-06-02,A,137.903042942
2437,USGS,01351500,1946-06-03,A,190.289209152
2438,USGS,01351500,1946-06-04,A,108.170354012
2439,USGS,01351500,1946-06-05,A,87.499055994
2440,USGS,01351500,1946-06-06,A,72.77429576200001
2441,USGS,01351500,1946-06-07,A,58.04953553
2442,USGS,01351500,1946-06-08,A,54.085177006
2443,USGS,01351500,1946-06-09,A,95.427773042
2444,USGS,01351500,1946-06-10,A,50.687155414
2445,USGS,01351500,1946-06-11,A,47.005965356000004
2446,USGS,01351500,1946-06-12,A,87.215887528
2447,USGS,01351500,1946-06-13,A,51.819829278
2448,USGS,01351500,1946-06-14,A,29.449520464000003
2449,USGS,01351500,1946-06-15,A,20.812882251
2450,USGS,01351500,1946-06-16,A,17.698029125
2451,USGS,01351500,1946-06-17,A,14.8097107718
2452,USGS,01351500,1946-06-18,A,18.2926829036
2453,USGS,01351500,1946-06-19,A,23.786151144
2454,USGS,01351500,1946-06-20,A,15.149512931
2455,USGS,01351500,1946-06-21,A,12.4310956574
2456,USGS,01351500,1946-06-22,A,11.496639719600001
2457,USGS,01351500,1946-06-23,A,9.9675300032
2458,USGS,01351500,1946-06-24,A,8.8348561392
2459,USGS,01351500,1946-06-25,A,7.4756475024
2460,USGS,01351500,1946-06-26,A,6.3429736384
2461,USGS,01351500,1946-06-27,A,5.7200030132
2462,USGS,01351500,1946-06-28,A,36.81190058
2463,USGS,01351500,1946-06-29,A,21.662387649
2464,USGS,01351500,1946-06-30,A,20.388129552000002
2465,USGS,01351500,1946-07-01,A,14.441591766
2466,USGS,01351500,1946-07-02,A,31.431699726
2467,USGS,01351500,1946-07-03,A,21.8889224218
2468,USGS,01351500,1946-07-04,A,12.1196103448
2469,USGS,01351500,1946-07-05,A,9.1180246052
2470,USGS,01351500,1946-07-06,A,7.220795883
2471,USGS,01351500,1946-07-07,A,5.7200030132
2472,USGS,01351500,1946-07-08,A,4.7855470754
2473,USGS,01351500,1946-07-09,A,5.1253492346
2474,USGS,01351500,1946-07-10,A,5.7200030132
2475,USGS,01351500,1946-07-11,A,4.9271313084
2476,USGS,01351500,1946-07-12,A,4.1908932968000006
2477,USGS,01351500,1946-07-13,A,4.0493090638
2478,USGS,01351500,1946-07-14,A,3.9077248308000003
2479,USGS,01351500,1946-07-15,A,3.256437359
2480,USGS,01351500,1946-07-16,A,2.6051498872
2481,USGS,01351500,1946-07-17,A,2.406931961
2482,USGS,01351500,1946-07-18,A,2.3219814212000003
2483,USGS,01351500,1946-07-19,A,2.0954466484000003
2484,USGS,01351500,1946-07-20,A,1.9538624154000002
2485,USGS,01351500,1946-07-21,A,2.0954466484000003
2486,USGS,01351500,1946-07-22,A,3.8794079842
2487,USGS,01351500,1946-07-23,A,7.815449661600001
2488,USGS,01351500,1946-07-24,A,12.1196103448
2489,USGS,01351500,1946-07-25,A,6.7394094908
2490,USGS,01351500,1946-07-26,A,4.643962842400001
2491,USGS,01351500,1946-07-27,A,3.3413878988
2492,USGS,01351500,1946-07-28,A,2.83168466
2493,USGS,01351500,1946-07-29,A,2.3219814212000003
2494,USGS,01351500,1946-07-30,A,2.0104961086
2495,USGS,01351500,1946-07-31,A,2.0104961086
2496,USGS,01351500,1946-08-01,A,2.5201993474
2497,USGS,01351500,1946-08-02,A,3.0299025862
2498,USGS,01351500,1946-08-03,A,2.9449520464
2499,USGS,01351500,1946-08-04,A,2.7184172736
2500,USGS,01351500,1946-08-05,A,2.406931961
2501,USGS,01351500,1946-08-06,A,2.3219814212000003
2502,USGS,01351500,1946-08-07,A,2.83168466
2503,USGS,01351500,1946-08-08,A,3.256437359
2504,USGS,01351500,1946-08-09,A,3.9077248308000003
2505,USGS,01351500,1946-08-10,A,3.4546552852000003
2506,USGS,01351500,1946-08-11,A,5.550101933600001
2507,USGS,01351500,1946-08-12,A,6.1447557122
2508,USGS,01351500,1946-08-13,A,4.0493090638
2509,USGS,01351500,1946-08-14,A,3.256437359
2510,USGS,01351500,1946-08-15,A,3.1431699726
2511,USGS,01351500,1946-08-16,A,2.83168466
2512,USGS,01351500,1946-08-17,A,2.5201993474
2513,USGS,01351500,1946-08-18,A,2.3219814212000003
2514,USGS,01351500,1946-08-19,A,2.2370308814
2515,USGS,01351500,1946-08-20,A,2.0954466484000003
2516,USGS,01351500,1946-08-21,A,1.9538624154000002
2517,USGS,01351500,1946-08-22,A,1.8122781824
2518,USGS,01351500,1946-08-23,A,1.699010796
2519,USGS,01351500,1946-08-24,A,1.5007928698000002
2520,USGS,01351500,1946-08-25,A,1.3875254834000001
2521,USGS,01351500,1946-08-26,A,1.2742580970000001
2522,USGS,01351500,1946-08-27,A,1.1893075572
2523,USGS,01351500,1946-08-28,A,1.0760401708
2524,USGS,01351500,1946-08-29,A,0.991089631
2525,USGS,01351500,1946-08-30,A,0.9061390912
2526,USGS,01351500,1946-08-31,A,0.8778222446
2527,USGS,01351500,1946-09-01,A,0.8211885514
2528,USGS,01351500,1946-09-02,A,0.7362380116
2529,USGS,01351500,1946-09-03,A,0.6796043184
2530,USGS,01351500,1946-09-04,A,0.6512874718
2531,USGS,01351500,1946-09-05,A,0.6229706252
2532,USGS,01351500,1946-09-06,A,0.5946537786
2533,USGS,01351500,1946-09-07,A,0.5946537786
2534,USGS,01351500,1946-09-08,A,0.5946537786
2535,USGS,01351500,1946-09-09,A,0.707921165
2536,USGS,01351500,1946-09-10,A,1.0194064776
2537,USGS,01351500,1946-09-11,A,0.849505398
2538,USGS,01351500,1946-09-12,A,0.7362380116
2539,USGS,01351500,1946-09-13,A,0.707921165
2540,USGS,01351500,1946-09-14,A,0.6796043184
2541,USGS,01351500,1946-09-15,A,0.6512874718
2542,USGS,01351500,1946-09-16,A,0.5946537786
2543,USGS,01351500,1946-09-17,A,0.5946537786
2544,USGS,01351500,1946-09-18,A,0.5946537786
2545,USGS,01351500,1946-09-19,A,0.566336932
2546,USGS,01351500,1946-09-20,A,0.5380200854
2547,USGS,01351500,1946-09-21,A,0.566336932
2548,USGS,01351500,1946-09-22,A,1.1043570174
2549,USGS,01351500,1946-09-23,A,1.1893075572
2550,USGS,01351500,1946-09-24,A,1.6423771028
2551,USGS,01351500,1946-09-25,A,7.362380116000001
2552,USGS,01351500,1946-09-26,A,3.1714868192
2553,USGS,01351500,1946-09-27,A,1.8689118756
2554,USGS,01351500,1946-09-28,A,1.2459412504
2555,USGS,01351500,1946-09-29,A,1.0477233242000001
2556,USGS,01351500,1946-09-30,A,1.4441591766
2557,USGS,01351500,1946-10-01,A,1.8689118756
2558,USGS,01351500,1946-10-02,A,4.0209922172
2559,USGS,01351500,1946-10-03,A,3.9077248308000003
2560,USGS,01351500,1946-10-04,A,3.1431699726
2561,USGS,01351500,1946-10-05,A,2.7184172736
2562,USGS,01351500,1946-10-06,A,2.1803971882
2563,USGS,01351500,1946-10-07,A,1.8689118756
2564,USGS,01351500,1946-10-08,A,1.557426563
2565,USGS,01351500,1946-10-09,A,1.4441591766
2566,USGS,01351500,1946-10-10,A,1.3308917902
2567,USGS,01351500,1946-10-11,A,1.2459412504
2568,USGS,01351500,1946-10-12,A,1.2459412504
2569,USGS,01351500,1946-10-13,A,1.3875254834000001
2570,USGS,01351500,1946-10-14,A,1.557426563
2571,USGS,01351500,1946-10-15,A,2.0954466484000003
2572,USGS,01351500,1946-10-16,A,2.0954466484000003
2573,USGS,01351500,1946-10-17,A,1.8122781824
2574,USGS,01351500,1946-10-18,A,1.7556444892
2575,USGS,01351500,1946-10-19,A,2.1803971882
2576,USGS,01351500,1946-10-20,A,3.256437359
2577,USGS,01351500,1946-10-21,A,3.256437359
2578,USGS,01351500,1946-10-22,A,2.7184172736
2579,USGS,01351500,1946-10-23,A,2.3219814212000003
2580,USGS,01351500,1946-10-24,A,2.1803971882
2581,USGS,01351500,1946-10-25,A,1.9538624154000002
2582,USGS,01351500,1946-10-26,A,1.9538624154000002
2583,USGS,01351500,1946-10-27,A,2.3219814212000003
2584,USGS,01351500,1946-10-28,A,3.7378237512
2585,USGS,01351500,1946-10-29,A,3.4546552852000003
2586,USGS,01351500,1946-10-30,A,3.3413878988
2587,USGS,01351500,1946-10-31,A,3.3413878988
2588,USGS,01351500,1946-11-01,A,3.256437359
2589,USGS,01351500,1946-11-02,A,2.9449520464
2590,USGS,01351500,1946-11-03,A,2.7184172736
2591,USGS,01351500,1946-11-04,A,2.5201993474
2592,USGS,01351500,1946-11-05,A,2.3219814212000003
2593,USGS,01351500,1946-11-06,A,2.0954466484000003
2594,USGS,01351500,1946-11-07,A,2.0104961086
2595,USGS,01351500,1946-11-08,A,2.1803971882
2596,USGS,01351500,1946-11-09,A,2.3219814212000003
2597,USGS,01351500,1946-11-10,A,2.6051498872
2598,USGS,01351500,1946-11-11,A,2.83168466
2599,USGS,01351500,1946-11-12,A,2.7184172736
2600,USGS,01351500,1946-11-13,A,2.6051498872
2601,USGS,01351500,1946-11-14,A,2.6051498872
2602,USGS,01351500,1946-11-15,A,2.406931961
2603,USGS,01351500,1946-11-16,A,2.2370308814
2604,USGS,01351500,1946-11-17,A,2.1803971882
2605,USGS,01351500,1946-11-18,A,2.0104961086
2606,USGS,01351500,1946-11-19,A,1.9538624154000002
2607,USGS,01351500,1946-11-20,A,1.8689118756
2608,USGS,01351500,1946-11-21,A,1.8122781824
2609,USGS,01351500,1946-11-22,A,1.7556444892
2610,USGS,01351500,1946-11-23,A,1.8122781824
2611,USGS,01351500,1946-11-24,A,1.699010796
2612,USGS,01351500,1946-11-25,A,1.699010796
2613,USGS,01351500,1946-11-26,A,1.699010796
2614,USGS,01351500,1946-11-27,A,1.699010796
2615,USGS,01351500,1946-11-28,A,2.0104961086
2616,USGS,01351500,1946-11-29,A,2.6051498872
2617,USGS,01351500,1946-11-30,A,2.5201993474
2618,USGS,01351500,1946-12-01,A,2.2370308814
2619,USGS,01351500,1946-12-02,A,1.6706939494
2620,USGS,01351500,1946-12-03,A,1.5007928698000002
2621,USGS,01351500,1946-12-04,A,1.8122781824
2622,USGS,01351500,1946-12-05,A,1.6140602562000002
2623,USGS,01351500,1946-12-06,A,1.557426563
2624,USGS,01351500,1946-12-07,A,1.6140602562000002
2625,USGS,01351500,1946-12-08,A,1.6140602562000002
2626,USGS,01351500,1946-12-09,A,1.699010796
2627,USGS,01351500,1946-12-10,A,1.7556444892
2628,USGS,01351500,1946-12-11,A,1.8689118756
2629,USGS,01351500,1946-12-12,A,1.9538624154000002
2630,USGS,01351500,1946-12-13,A,2.1520803416
2631,USGS,01351500,1946-12-14,A,1.7556444892
2632,USGS,01351500,1946-12-15,A,1.132673864
2633,USGS,01351500,1946-12-16,A,2.0388129552
2634,USGS,01351500,1946-12-17,A,1.8689118756
2635,USGS,01351500,1946-12-18,A,1.699010796
2636,USGS,01351500,1946-12-19,A,1.4724760232
2637,USGS,01351500,1946-12-20,A,1.1893075572
2638,USGS,01351500,1946-12-21,A,1.2742580970000001
2639,USGS,01351500,1946-12-22,A,1.2742580970000001
2640,USGS,01351500,1946-12-23,A,1.3875254834000001
2641,USGS,01351500,1946-12-24,A,1.8122781824
2642,USGS,01351500,1946-12-25,A,2.265347728
2643,USGS,01351500,1946-12-26,A,1.7556444892
2644,USGS,01351500,1946-12-27,A,1.3875254834000001
2645,USGS,01351500,1946-12-28,A,2.4352488076
2646,USGS,01351500,1946-12-29,A,3.4546552852000003
2647,USGS,01351500,1946-12-30,A,5.097032388000001
2648,USGS,01351500,1946-12-31,A,4.530695456
2649,USGS,01351500,1947-01-01,A,3.964358524
2650,USGS,01351500,1947-01-02,A,4.813863922
2651,USGS,01351500,1947-01-03,A,6.796043184
2652,USGS,01351500,1947-01-04,A,21.520803416
2653,USGS,01351500,1947-01-05,A,20.954466484
2654,USGS,01351500,1947-01-06,A,16.99010796
2655,USGS,01351500,1947-01-07,A,15.291097164
2656,USGS,01351500,1947-01-08,A,14.1584233
2657,USGS,01351500,1947-01-09,A,12.176244038
2658,USGS,01351500,1947-01-10,A,10.760401708
2659,USGS,01351500,1947-01-11,A,11.609907106
2660,USGS,01351500,1947-01-12,A,11.043570174000001
2661,USGS,01351500,1947-01-13,A,8.778222446000001
2662,USGS,01351500,1947-01-14,A,8.211885514
2663,USGS,01351500,1947-01-15,A,11.043570174000001
2664,USGS,01351500,1947-01-16,A,30.015857396
2665,USGS,01351500,1947-01-17,A,31.148531260000002
2666,USGS,01351500,1947-01-18,A,24.352488076
2667,USGS,01351500,1947-01-19,A,16.99010796
2668,USGS,01351500,1947-01-20,A,25.48516194
2669,USGS,01351500,1947-01-21,A,84.9505398
2670,USGS,01351500,1947-01-22,A,50.97032388
2671,USGS,01351500,1947-01-23,A,34.829721318000004
2672,USGS,01351500,1947-01-24,A,37.661405978
2673,USGS,01351500,1947-01-25,A,39.64358524
2674,USGS,01351500,1947-01-26,A,36.81190058
2675,USGS,01351500,1947-01-27,A,38.22774291
2676,USGS,01351500,1947-01-28,A,35.39605825
2677,USGS,01351500,1947-01-29,A,33.98021592
2678,USGS,01351500,1947-01-30,A,32.281205124
2679,USGS,01351500,1947-01-31,A,98.542626168
2680,USGS,01351500,1947-02-01,A,66.54458951000001
2681,USGS,01351500,1947-02-02,A,36.528732114
2682,USGS,01351500,1947-02-03,A,24.918825008
2683,USGS,01351500,1947-02-04,A,22.65347728
2684,USGS,01351500,1947-02-05,A,18.689118756
2685,USGS,01351500,1947-02-06,A,15.291097164
2686,USGS,01351500,1947-02-07,A,15.857434096
2687,USGS,01351500,1947-02-08,A,14.1584233
2688,USGS,01351500,1947-02-09,A,12.176244038
2689,USGS,01351500,1947-02-10,A,12.176244038
2690,USGS,01351500,1947-02-11,A,11.609907106
2691,USGS,01351500,1947-02-12,A,10.477233242
2692,USGS,01351500,1947-02-13,A,9.91089631
2693,USGS,01351500,1947-02-14,A,9.344559378
2694,USGS,01351500,1947-02-15,A,9.061390912
2695,USGS,01351500,1947-02-16,A,8.778222446000001
2696,USGS,01351500,1947-02-17,A,8.49505398
2697,USGS,01351500,1947-02-18,A,8.211885514
2698,USGS,01351500,1947-02-19,A,7.07921165
2699,USGS,01351500,1947-02-20,A,5.66336932
2700,USGS,01351500,1947-02-21,A,6.088122019
2701,USGS,01351500,1947-02-22,A,5.946537786
2702,USGS,01351500,1947-02-23,A,5.380200854
2703,USGS,01351500,1947-02-24,A,5.238616621
2704,USGS,01351500,1947-02-25,A,5.097032388000001
2705,USGS,01351500,1947-02-26,A,4.955448155
2706,USGS,01351500,1947-02-27,A,4.813863922
2707,USGS,01351500,1947-02-28,A,4.672279689
2708,USGS,01351500,1947-03-01,A,4.3891112230000005
2709,USGS,01351500,1947-03-02,A,4.3891112230000005
2710,USGS,01351500,1947-03-03,A,5.380200854
2711,USGS,01351500,1947-03-04,A,6.088122019
2712,USGS,01351500,1947-03-05,A,5.946537786
2713,USGS,01351500,1947-03-06,A,5.66336932
2714,USGS,01351500,1947-03-07,A,5.380200854
2715,USGS,01351500,1947-03-08,A,5.097032388000001
2716,USGS,01351500,1947-03-09,A,4.813863922
2717,USGS,01351500,1947-03-10,A,4.530695456
2718,USGS,01351500,1947-03-11,A,4.3891112230000005
2719,USGS,01351500,1947-03-12,A,4.530695456
2720,USGS,01351500,1947-03-13,A,5.380200854
2721,USGS,01351500,1947-03-14,A,96.27727844
2722,USGS,01351500,1947-03-15,A,221.154571946
2723,USGS,01351500,1947-03-16,A,130.54066282600002
2724,USGS,01351500,1947-03-17,A,81.269349742
2725,USGS,01351500,1947-03-18,A,52.102997744
2726,USGS,01351500,1947-03-19,A,40.493090638
2727,USGS,01351500,1947-03-20,A,39.360416774
2728,USGS,01351500,1947-03-21,A,42.192101434
2729,USGS,01351500,1947-03-22,A,48.421807686
2730,USGS,01351500,1947-03-23,A,37.095069046
2731,USGS,01351500,1947-03-24,A,86.083213664
2732,USGS,01351500,1947-03-25,A,180.944649774
2733,USGS,01351500,1947-03-26,A,118.93075572000001
2734,USGS,01351500,1947-03-27,A,63.429736384
2735,USGS,01351500,1947-03-28,A,45.873291492
2736,USGS,01351500,1947-03-29,A,41.625764502
2737,USGS,01351500,1947-03-30,A,35.962395182
2738,USGS,01351500,1947-03-31,A,28.600015066
2739,USGS,01351500,1947-04-01,A,31.714868192
2740,USGS,01351500,1947-04-02,A,52.102997744
2741,USGS,01351500,1947-04-03,A,90.047572188
2742,USGS,01351500,1947-04-04,A,72.77429576200001
2743,USGS,01351500,1947-04-05,A,143.566412262
2744,USGS,01351500,1947-04-06,A,255.984293264
2745,USGS,01351500,1947-04-07,A,176.130785852
2746,USGS,01351500,1947-04-08,A,89.19806679
2747,USGS,01351500,1947-04-09,A,75.88914888800001
2748,USGS,01351500,1947-04-10,A,91.746582984
2749,USGS,01351500,1947-04-11,A,79.570338946
2750,USGS,01351500,1947-04-12,A,104.489163954
2751,USGS,01351500,1947-04-13,A,96.843615372
2752,USGS,01351500,1947-04-14,A,63.429736384
2753,USGS,01351500,1947-04-15,A,46.439628424
2754,USGS,01351500,1947-04-16,A,35.39605825
2755,USGS,01351500,1947-04-17,A,33.130710522
2756,USGS,01351500,1947-04-18,A,26.617835804000002
2757,USGS,01351500,1947-04-19,A,25.6550630196
2758,USGS,01351500,1947-04-20,A,23.361398445
2759,USGS,01351500,1947-04-21,A,27.0992221962
2760,USGS,01351500,1947-04-22,A,32.281205124
2761,USGS,01351500,1947-04-23,A,60.314883258
2762,USGS,01351500,1947-04-24,A,73.057464228
2763,USGS,01351500,1947-04-25,A,48.988144618
2764,USGS,01351500,1947-04-26,A,56.6336932
2765,USGS,01351500,1947-04-27,A,50.120818482000004
2766,USGS,01351500,1947-04-28,A,54.085177006
2767,USGS,01351500,1947-04-29,A,38.22774291
2768,USGS,01351500,1947-04-30,A,32.56437359
2769,USGS,01351500,1947-05-01,A,58.04953553
2770,USGS,01351500,1947-05-02,A,71.358453432
2771,USGS,01351500,1947-05-03,A,68.243600306
2772,USGS,01351500,1947-05-04,A,66.827757976
2773,USGS,01351500,1947-05-05,A,95.710941508
2774,USGS,01351500,1947-05-06,A,379.44574444
2775,USGS,01351500,1947-05-07,A,275.522917418
2776,USGS,01351500,1947-05-08,A,222.28724581
2777,USGS,01351500,1947-05-09,A,119.497092652
2778,USGS,01351500,1947-05-10,A,80.419844344
2779,USGS,01351500,1947-05-11,A,77.304991218
2780,USGS,01351500,1947-05-12,A,64.845578714
2781,USGS,01351500,1947-05-13,A,53.518840074
2782,USGS,01351500,1947-05-14,A,38.794079842
2783,USGS,01351500,1947-05-15,A,27.5806085884
2784,USGS,01351500,1947-05-16,A,25.6550630196
2785,USGS,01351500,1947-05-17,A,34.829721318000004
2786,USGS,01351500,1947-05-18,A,32.56437359
2787,USGS,01351500,1947-05-19,A,41.059427570000004
2788,USGS,01351500,1947-05-20,A,26.617835804000002
2789,USGS,01351500,1947-05-21,A,18.4342671366
2790,USGS,01351500,1947-05-22,A,95.710941508
2791,USGS,01351500,1947-05-23,A,61.730725588
2792,USGS,01351500,1947-05-24,A,56.067356268000005
2793,USGS,01351500,1947-05-25,A,48.988144618
2794,USGS,01351500,1947-05-26,A,57.766367064
2795,USGS,01351500,1947-05-27,A,58.615872462
2796,USGS,01351500,1947-05-28,A,43.041606832
2797,USGS,01351500,1947-05-29,A,38.794079842
2798,USGS,01351500,1947-05-30,A,57.200030132
2799,USGS,01351500,1947-05-31,A,45.873291492
2800,USGS,01351500,1947-06-01,A,34.263384386
2801,USGS,01351500,1947-06-02,A,29.449520464000003
2802,USGS,01351500,1947-06-03,A,48.988144618
2803,USGS,01351500,1947-06-04,A,35.679226716
2804,USGS,01351500,1947-06-05,A,20.388129552000002
2805,USGS,01351500,1947-06-06,A,17.3015932726
2806,USGS,01351500,1947-06-07,A,21.662387649
2807,USGS,01351500,1947-06-08,A,26.1364494118
2808,USGS,01351500,1947-06-09,A,28.0619949806
2809,USGS,01351500,1947-06-10,A,19.5952578472
2810,USGS,01351500,1947-06-11,A,12.1196103448
2811,USGS,01351500,1947-06-12,A,9.3728762246
2812,USGS,01351500,1947-06-13,A,7.4756475024
2813,USGS,01351500,1947-06-14,A,6.7394094908
2814,USGS,01351500,1947-06-15,A,26.9859548098
2815,USGS,01351500,1947-06-16,A,19.963376853
2816,USGS,01351500,1947-06-17,A,12.74258097
2817,USGS,01351500,1947-06-18,A,10.2790153158
2818,USGS,01351500,1947-06-19,A,9.6560446906
2819,USGS,01351500,1947-06-20,A,8.2968360538
2820,USGS,01351500,1947-06-21,A,12.4310956574
2821,USGS,01351500,1947-06-22,A,9.3728762246
2822,USGS,01351500,1947-06-23,A,6.937627417
2823,USGS,01351500,1947-06-24,A,5.7200030132
2824,USGS,01351500,1947-06-25,A,5.5217850870000005
2825,USGS,01351500,1947-06-26,A,6.937627417
2826,USGS,01351500,1947-06-27,A,6.5411915646
2827,USGS,01351500,1947-06-28,A,5.5217850870000005
2828,USGS,01351500,1947-06-29,A,8.2968360538
2829,USGS,01351500,1947-06-30,A,5.7200030132
2830,USGS,01351500,1947-07-01,A,5.5217850870000005
2831,USGS,01351500,1947-07-02,A,5.7200030132
2832,USGS,01351500,1947-07-03,A,6.7394094908
2833,USGS,01351500,1947-07-04,A,4.7855470754
2834,USGS,01351500,1947-07-05,A,4.0493090638
2835,USGS,01351500,1947-07-06,A,3.4546552852000003
2836,USGS,01351500,1947-07-07,A,3.1431699726
2837,USGS,01351500,1947-07-08,A,4.3891112230000005
2838,USGS,01351500,1947-07-09,A,16.9334742668
2839,USGS,01351500,1947-07-10,A,11.496639719600001
2840,USGS,01351500,1947-07-11,A,7.220795883
2841,USGS,01351500,1947-07-12,A,5.5217850870000005
2842,USGS,01351500,1947-07-13,A,4.4740617628
2843,USGS,01351500,1947-07-14,A,3.9077248308000003
2844,USGS,01351500,1947-07-15,A,3.7378237512
2845,USGS,01351500,1947-07-16,A,3.3413878988
2846,USGS,01351500,1947-07-17,A,3.3413878988
2847,USGS,01351500,1947-07-18,A,3.256437359
2848,USGS,01351500,1947-07-19,A,3.256437359
2849,USGS,01351500,1947-07-20,A,3.3413878988
2850,USGS,01351500,1947-07-21,A,3.4546552852000003
2851,USGS,01351500,1947-07-22,A,5.8332703996
2852,USGS,01351500,1947-07-23,A,18.2077323638
2853,USGS,01351500,1947-07-24,A,9.1180246052
2854,USGS,01351500,1947-07-25,A,5.7200030132
2855,USGS,01351500,1947-07-26,A,4.3324775298
2856,USGS,01351500,1947-07-27,A,3.4546552852000003
2857,USGS,01351500,1947-07-28,A,2.9449520464
2858,USGS,01351500,1947-07-29,A,2.6051498872
2859,USGS,01351500,1947-07-30,A,2.406931961
2860,USGS,01351500,1947-07-31,A,2.2370308814
2861,USGS,01351500,1947-08-01,A,1.9538624154000002
2862,USGS,01351500,1947-08-02,A,1.7273276426000002
2863,USGS,01351500,1947-08-03,A,1.7273276426000002
2864,USGS,01351500,1947-08-04,A,1.6140602562000002
2865,USGS,01351500,1947-08-05,A,1.4724760232
2866,USGS,01351500,1947-08-06,A,1.3592086368
2867,USGS,01351500,1947-08-07,A,1.1609907106000001
2868,USGS,01351500,1947-08-08,A,1.0760401708
2869,USGS,01351500,1947-08-09,A,1.132673864
2870,USGS,01351500,1947-08-10,A,1.3592086368
2871,USGS,01351500,1947-08-11,A,1.5291097164
2872,USGS,01351500,1947-08-12,A,1.3025749436
2873,USGS,01351500,1947-08-13,A,1.132673864
2874,USGS,01351500,1947-08-14,A,1.0194064776
2875,USGS,01351500,1947-08-15,A,0.9061390912
2876,USGS,01351500,1947-08-16,A,0.9061390912
2877,USGS,01351500,1947-08-17,A,0.9061390912
2878,USGS,01351500,1947-08-18,A,0.9344559378
2879,USGS,01351500,1947-08-19,A,1.132673864
2880,USGS,01351500,1947-08-20,A,1.0760401708
2881,USGS,01351500,1947-08-21,A,0.9627727844
2882,USGS,01351500,1947-08-22,A,0.9061390912
2883,USGS,01351500,1947-08-23,A,0.8211885514
2884,USGS,01351500,1947-08-24,A,0.7645548582
2885,USGS,01351500,1947-08-25,A,0.707921165
2886,USGS,01351500,1947-08-26,A,0.6512874718
2887,USGS,01351500,1947-08-27,A,0.5946537786
2888,USGS,01351500,1947-08-28,A,0.566336932
2889,USGS,01351500,1947-08-29,A,0.5380200854
2890,USGS,01351500,1947-08-30,A,0.566336932
2891,USGS,01351500,1947-08-31,A,0.5380200854
2892,USGS,01351500,1947-09-01,A,0.5097032388
2893,USGS,01351500,1947-09-02,A,0.5097032388
2894,USGS,01351500,1947-09-03,A,0.5097032388
2895,USGS,01351500,1947-09-04,A,0.4813863922
2896,USGS,01351500,1947-09-05,A,0.5097032388
2897,USGS,01351500,1947-09-06,A,0.5097032388
2898,USGS,01351500,1947-09-07,A,0.5380200854
2899,USGS,01351500,1947-09-08,A,0.5097032388
2900,USGS,01351500,1947-09-09,A,0.4813863922
2901,USGS,01351500,1947-09-10,A,0.424752699
2902,USGS,01351500,1947-09-11,A,0.3964358524
2903,USGS,01351500,1947-09-12,A,0.3681190058
2904,USGS,01351500,1947-09-13,A,0.424752699
2905,USGS,01351500,1947-09-14,A,0.4530695456
2906,USGS,01351500,1947-09-15,A,0.424752699
2907,USGS,01351500,1947-09-16,A,0.3681190058
2908,USGS,01351500,1947-09-17,A,0.3398021592
2909,USGS,01351500,1947-09-18,A,0.3398021592
2910,USGS,01351500,1947-09-19,A,0.424752699
2911,USGS,01351500,1947-09-20,A,0.3964358524
2912,USGS,01351500,1947-09-21,A,0.3681190058
2913,USGS,01351500,1947-09-22,A,0.424752699
2914,USGS,01351500,1947-09-23,A,0.4813863922
2915,USGS,01351500,1947-09-24,A,0.5097032388
2916,USGS,01351500,1947-09-25,A,0.5380200854
2917,USGS,01351500,1947-09-26,A,0.5097032388
2918,USGS,01351500,1947-09-27,A,0.5097032388
2919,USGS,01351500,1947-09-28,A,0.4813863922
2920,USGS,01351500,1947-09-29,A,0.4530695456
2921,USGS,01351500,1947-09-30,A,0.424752699
2922,USGS,01351500,1947-10-01,A,0.424752699
2923,USGS,01351500,1947-10-02,A,0.3964358524
2924,USGS,01351500,1947-10-03,A,0.3681190058
2925,USGS,01351500,1947-10-04,A,0.3681190058
2926,USGS,01351500,1947-10-05,A,0.3681190058
2927,USGS,01351500,1947-10-06,A,0.3681190058
2928,USGS,01351500,1947-10-07,A,0.3398021592
2929,USGS,01351500,1947-10-08,A,0.3398021592
2930,USGS,01351500,1947-10-09,A,0.3114853126
2931,USGS,01351500,1947-10-10,A,0.28033678134
2932,USGS,01351500,1947-10-11,A,0.28033678134
2933,USGS,01351500,1947-10-12,A,0.28033678134
2934,USGS,01351500,1947-10-13,A,0.28033678134
2935,USGS,01351500,1947-10-14,A,0.28033678134
2936,USGS,01351500,1947-10-15,A,0.28033678134
2937,USGS,01351500,1947-10-16,A,0.28033678134
2938,USGS,01351500,1947-10-17,A,0.28033678134
2939,USGS,01351500,1947-10-18,A,0.28033678134
2940,USGS,01351500,1947-10-19,A,0.283168466
2941,USGS,01351500,1947-10-20,A,0.283168466
2942,USGS,01351500,1947-10-21,A,0.283168466
2943,USGS,01351500,1947-10-22,A,0.283168466
2944,USGS,01351500,1947-10-23,A,0.283168466
2945,USGS,01351500,1947-10-24,A,0.3114853126
2946,USGS,01351500,1947-10-25,A,0.283168466
2947,USGS,01351500,1947-10-26,A,0.283168466
2948,USGS,01351500,1947-10-27,A,0.3114853126
2949,USGS,01351500,1947-10-28,A,0.3114853126
2950,USGS,01351500,1947-10-29,A,0.3681190058
2951,USGS,01351500,1947-10-30,A,0.424752699
2952,USGS,01351500,1947-10-31,A,0.7362380116
2953,USGS,01351500,1947-11-01,A,1.2176244038
2954,USGS,01351500,1947-11-02,A,2.5201993474
2955,USGS,01351500,1947-11-03,A,1.9538624154000002
2956,USGS,01351500,1947-11-04,A,1.4724760232
2957,USGS,01351500,1947-11-05,A,1.2742580970000001
2958,USGS,01351500,1947-11-06,A,1.132673864
2959,USGS,01351500,1947-11-07,A,1.0760401708
2960,USGS,01351500,1947-11-08,A,1.699010796
2961,USGS,01351500,1947-11-09,A,10.9586196342
2962,USGS,01351500,1947-11-10,A,9.7126783838
2963,USGS,01351500,1947-11-11,A,5.7200030132
2964,USGS,01351500,1947-11-12,A,15.715849863
2965,USGS,01351500,1947-11-13,A,25.315260860400002
2966,USGS,01351500,1947-11-14,A,13.4221852884
2967,USGS,01351500,1947-11-15,A,9.6560446906
2968,USGS,01351500,1947-11-16,A,7.7588159684
2969,USGS,01351500,1947-11-17,A,6.7394094908
2970,USGS,01351500,1947-11-18,A,6.1447557122
2971,USGS,01351500,1947-11-19,A,5.1253492346
2972,USGS,01351500,1947-11-20,A,4.4740617628
2973,USGS,01351500,1947-11-21,A,3.9077248308000003
2974,USGS,01351500,1947-11-22,A,3.5962395182
2975,USGS,01351500,1947-11-23,A,3.4546552852000003
2976,USGS,01351500,1947-11-24,A,3.7378237512
2977,USGS,01351500,1947-11-25,A,4.643962842400001
2978,USGS,01351500,1947-11-26,A,6.5411915646
2979,USGS,01351500,1947-11-27,A,5.946537786
2980,USGS,01351500,1947-11-28,A,4.7855470754
2981,USGS,01351500,1947-11-29,A,4.3891112230000005
2982,USGS,01351500,1947-11-30,A,3.539605825
2983,USGS,01351500,1947-12-01,A,2.7184172736
2984,USGS,01351500,1947-12-02,A,3.0582194328
2985,USGS,01351500,1947-12-03,A,3.3413878988
2986,USGS,01351500,1947-12-04,A,4.955448155
2987,USGS,01351500,1947-12-05,A,5.5217850870000005
2988,USGS,01351500,1947-12-06,A,4.530695456
2989,USGS,01351500,1947-12-07,A,4.3891112230000005
2990,USGS,01351500,1947-12-08,A,6.088122019
2991,USGS,01351500,1947-12-09,A,15.291097164
2992,USGS,01351500,1947-12-10,A,10.477233242
2993,USGS,01351500,1947-12-11,A,9.061390912
2994,USGS,01351500,1947-12-12,A,8.211885514
2995,USGS,01351500,1947-12-13,A,7.362380116000001
2996,USGS,01351500,1947-12-14,A,5.5217850870000005
2997,USGS,01351500,1947-12-15,A,5.946537786
2998,USGS,01351500,1947-12-16,A,14.724760232000001
2999,USGS,01351500,1947-12-17,A,24.352488076
3000,USGS,01351500,1947-12-18,A,16.423771028
3001,USGS,01351500,1947-12-19,A,10.477233242
3002,USGS,01351500,1947-12-20,A,9.627727844
3003,USGS,01351500,1947-12-21,A,9.91089631
3004,USGS,01351500,1947-12-22,A,10.194064776000001
3005,USGS,01351500,1947-12-23,A,9.061390912
3006,USGS,01351500,1947-12-24,A,7.645548582
3007,USGS,01351500,1947-12-25,A,7.07921165
3008,USGS,01351500,1947-12-26,A,7.07921165
3009,USGS,01351500,1947-12-27,A,7.645548582
3010,USGS,01351500,1947-12-28,A,7.928717048
3011,USGS,01351500,1947-12-29,A,7.645548582
3012,USGS,01351500,1947-12-30,A,6.796043184
3013,USGS,01351500,1947-12-31,A,7.07921165
3014,USGS,01351500,1948-01-01,A,7.362380116000001
3015,USGS,01351500,1948-01-02,A,7.645548582
3016,USGS,01351500,1948-01-03,A,7.362380116000001
3017,USGS,01351500,1948-01-04,A,7.07921165
3018,USGS,01351500,1948-01-05,A,6.796043184
3019,USGS,01351500,1948-01-06,A,7.07921165
3020,USGS,01351500,1948-01-07,A,7.07921165
3021,USGS,01351500,1948-01-08,A,6.796043184
3022,USGS,01351500,1948-01-09,A,7.362380116000001
3023,USGS,01351500,1948-01-10,A,7.645548582
3024,USGS,01351500,1948-01-11,A,7.362380116000001
3025,USGS,01351500,1948-01-12,A,7.07921165
3026,USGS,01351500,1948-01-13,A,7.362380116000001
3027,USGS,01351500,1948-01-14,A,7.07921165
3028,USGS,01351500,1948-01-15,A,6.796043184
3029,USGS,01351500,1948-01-16,A,6.088122019
3030,USGS,01351500,1948-01-17,A,6.371290485
3031,USGS,01351500,1948-01-18,A,5.946537786
3032,USGS,01351500,1948-01-19,A,5.5217850870000005
3033,USGS,01351500,1948-01-20,A,5.380200854
3034,USGS,01351500,1948-01-21,A,5.66336932
3035,USGS,01351500,1948-01-22,A,5.5217850870000005
3036,USGS,01351500,1948-01-23,A,5.238616621
3037,USGS,01351500,1948-01-24,A,4.813863922
3038,USGS,01351500,1948-01-25,A,4.672279689
3039,USGS,01351500,1948-01-26,A,4.672279689
3040,USGS,01351500,1948-01-27,A,4.813863922
3041,USGS,01351500,1948-01-28,A,4.672279689
3042,USGS,01351500,1948-01-29,A,4.3891112230000005
3043,USGS,01351500,1948-01-30,A,4.105942757
3044,USGS,01351500,1948-01-31,A,3.822774291
3045,USGS,01351500,1948-02-01,A,3.822774291
3046,USGS,01351500,1948-02-02,A,3.964358524
3047,USGS,01351500,1948-02-03,A,3.964358524
3048,USGS,01351500,1948-02-04,A,3.822774291
3049,USGS,01351500,1948-02-05,A,3.539605825
3050,USGS,01351500,1948-02-06,A,3.398021592
3051,USGS,01351500,1948-02-07,A,3.398021592
3052,USGS,01351500,1948-02-08,A,3.3413878988
3053,USGS,01351500,1948-02-09,A,3.2281205124000003
3054,USGS,01351500,1948-02-10,A,3.114853126
3055,USGS,01351500,1948-02-11,A,3.0582194328
3056,USGS,01351500,1948-02-12,A,3.0582194328
3057,USGS,01351500,1948-02-13,A,3.1714868192
3058,USGS,01351500,1948-02-14,A,17.556444892000002
3059,USGS,01351500,1948-02-15,A,93.44559378
3060,USGS,01351500,1948-02-16,A,63.71290485
3061,USGS,01351500,1948-02-17,A,82.11885514000001
3062,USGS,01351500,1948-02-18,A,114.966397196
3063,USGS,01351500,1948-02-19,A,90.89707758600001
3064,USGS,01351500,1948-02-20,A,164.23771028000002
3065,USGS,01351500,1948-02-21,A,93.162425314
3066,USGS,01351500,1948-02-22,A,62.013894054000005
3067,USGS,01351500,1948-02-23,A,41.059427570000004
3068,USGS,01351500,1948-02-24,A,29.449520464000003
3069,USGS,01351500,1948-02-25,A,30.015857396
3070,USGS,01351500,1948-02-26,A,32.56437359
3071,USGS,01351500,1948-02-27,A,27.5806085884
3072,USGS,01351500,1948-02-28,A,28.3168466
3073,USGS,01351500,1948-02-29,A,24.352488076
3074,USGS,01351500,1948-03-01,A,17.556444892000002
3075,USGS,01351500,1948-03-02,A,16.99010796
3076,USGS,01351500,1948-03-03,A,16.99010796
3077,USGS,01351500,1948-03-04,A,16.423771028
3078,USGS,01351500,1948-03-05,A,11.609907106
3079,USGS,01351500,1948-03-06,A,11.893075572
3080,USGS,01351500,1948-03-07,A,15.291097164
3081,USGS,01351500,1948-03-08,A,15.857434096
3082,USGS,01351500,1948-03-09,A,15.291097164
3083,USGS,01351500,1948-03-10,A,13.308917902000001
3084,USGS,01351500,1948-03-11,A,12.176244038
3085,USGS,01351500,1948-03-12,A,11.32673864
3086,USGS,01351500,1948-03-13,A,10.760401708
3087,USGS,01351500,1948-03-14,A,10.760401708
3088,USGS,01351500,1948-03-15,A,11.32673864
3089,USGS,01351500,1948-03-16,A,169.9010796
3090,USGS,01351500,1948-03-17,A,339.8021592
3091,USGS,01351500,1948-03-18,A,139.31888527200002
3092,USGS,01351500,1948-03-19,A,120.91293498200001
3093,USGS,01351500,1948-03-20,A,317.14868192
3094,USGS,01351500,1948-03-21,A,228.516952062
3095,USGS,01351500,1948-03-22,A,319.98036658
3096,USGS,01351500,1948-03-23,A,325.6437359
3097,USGS,01351500,1948-03-24,A,170.46741653200002
3098,USGS,01351500,1948-03-25,A,113.2673864
3099,USGS,01351500,1948-03-26,A,79.00400201400001
3100,USGS,01351500,1948-03-27,A,61.447557122
3101,USGS,01351500,1948-03-28,A,75.03964349
3102,USGS,01351500,1948-03-29,A,65.411915646
3103,USGS,01351500,1948-03-30,A,44.174280696000004
3104,USGS,01351500,1948-03-31,A,31.148531260000002
3105,USGS,01351500,1948-04-01,A,27.5806085884
3106,USGS,01351500,1948-04-02,A,44.740617628
3107,USGS,01351500,1948-04-03,A,40.493090638
3108,USGS,01351500,1948-04-04,A,27.5806085884
3109,USGS,01351500,1948-04-05,A,20.388129552000002
3110,USGS,01351500,1948-04-06,A,17.3015932726
3111,USGS,01351500,1948-04-07,A,22.087140348000002
3112,USGS,01351500,1948-04-08,A,18.4342671366
3113,USGS,01351500,1948-04-09,A,16.9334742668
3114,USGS,01351500,1948-04-10,A,15.149512931
3115,USGS,01351500,1948-04-11,A,13.4221852884
3116,USGS,01351500,1948-04-12,A,21.039417023800002
3117,USGS,01351500,1948-04-13,A,22.511893047
3118,USGS,01351500,1948-04-14,A,37.095069046
3119,USGS,01351500,1948-04-15,A,127.992146632
3120,USGS,01351500,1948-04-16,A,101.374310828
3121,USGS,01351500,1948-04-17,A,79.570338946
3122,USGS,01351500,1948-04-18,A,56.6336932
3123,USGS,01351500,1948-04-19,A,41.625764502
3124,USGS,01351500,1948-04-20,A,33.697047454
3125,USGS,01351500,1948-04-21,A,48.704976152
3126,USGS,01351500,1948-04-22,A,44.740617628
3127,USGS,01351500,1948-04-23,A,31.714868192
3128,USGS,01351500,1948-04-24,A,26.617835804000002
3129,USGS,01351500,1948-04-25,A,24.210903843
3130,USGS,01351500,1948-04-26,A,22.511893047
3131,USGS,01351500,1948-04-27,A,18.830702989
3132,USGS,01351500,1948-04-28,A,16.5370384144
3133,USGS,01351500,1948-04-29,A,15.4893150902
3134,USGS,01351500,1948-04-30,A,15.829117249400001
3135,USGS,01351500,1948-05-01,A,24.3808049226
3136,USGS,01351500,1948-05-02,A,19.963376853
3137,USGS,01351500,1948-05-03,A,15.829117249400001
3138,USGS,01351500,1948-05-04,A,13.761987447600001
3139,USGS,01351500,1948-05-05,A,12.4310956574
3140,USGS,01351500,1948-05-06,A,11.496639719600001
3141,USGS,01351500,1948-05-07,A,11.496639719600001
3142,USGS,01351500,1948-05-08,A,20.274862165600002
3143,USGS,01351500,1948-05-09,A,18.066148130800002
3144,USGS,01351500,1948-05-10,A,15.149512931
3145,USGS,01351500,1948-05-11,A,16.1689194086
3146,USGS,01351500,1948-05-12,A,15.4893150902
3147,USGS,01351500,1948-05-13,A,23.361398445
3148,USGS,01351500,1948-05-14,A,109.58619634200001
3149,USGS,01351500,1948-05-15,A,130.25749436
3150,USGS,01351500,1948-05-16,A,91.746582984
3151,USGS,01351500,1948-05-17,A,109.869364808
3152,USGS,01351500,1948-05-18,A,97.409952304
3153,USGS,01351500,1948-05-19,A,108.170354012
3154,USGS,01351500,1948-05-20,A,80.419844344
3155,USGS,01351500,1948-05-21,A,64.845578714
3156,USGS,01351500,1948-05-22,A,60.598051724
3157,USGS,01351500,1948-05-23,A,52.669334676
3158,USGS,01351500,1948-05-24,A,114.116891798
3159,USGS,01351500,1948-05-25,A,129.974325894
3160,USGS,01351500,1948-05-26,A,96.843615372
3161,USGS,01351500,1948-05-27,A,71.358453432
3162,USGS,01351500,1948-05-28,A,57.200030132
3163,USGS,01351500,1948-05-29,A,47.855470754
3164,USGS,01351500,1948-05-30,A,42.192101434
3165,USGS,01351500,1948-05-31,A,39.926753706
3166,USGS,01351500,1948-06-01,A,34.263384386
3167,USGS,01351500,1948-06-02,A,28.0619949806
3168,USGS,01351500,1948-06-03,A,20.4730800918
3169,USGS,01351500,1948-06-04,A,12.4310956574
3170,USGS,01351500,1948-06-05,A,15.8008004028
3171,USGS,01351500,1948-06-06,A,27.0992221962
3172,USGS,01351500,1948-06-07,A,16.5370384144
3173,USGS,01351500,1948-06-08,A,38.794079842
3174,USGS,01351500,1948-06-09,A,42.192101434
3175,USGS,01351500,1948-06-10,A,36.528732114
3176,USGS,01351500,1948-06-11,A,31.714868192
3177,USGS,01351500,1948-06-12,A,22.511893047
3178,USGS,01351500,1948-06-13,A,19.5952578472
3179,USGS,01351500,1948-06-14,A,34.829721318000004
3180,USGS,01351500,1948-06-15,A,22.511893047
3181,USGS,01351500,1948-06-16,A,14.8097107718
3182,USGS,01351500,1948-06-17,A,11.8081250322
3183,USGS,01351500,1948-06-18,A,9.9675300032
3184,USGS,01351500,1948-06-19,A,8.8348561392
3185,USGS,01351500,1948-06-20,A,8.325152900400001
3186,USGS,01351500,1948-06-21,A,7.7588159684
3187,USGS,01351500,1948-06-22,A,6.5695084112
3188,USGS,01351500,1948-06-23,A,6.1730725588
3189,USGS,01351500,1948-06-24,A,15.4893150902
3190,USGS,01351500,1948-06-25,A,54.934682404
3191,USGS,01351500,1948-06-26,A,57.766367064
3192,USGS,01351500,1948-06-27,A,31.148531260000002
3193,USGS,01351500,1948-06-28,A,27.0992221962
3194,USGS,01351500,1948-06-29,A,34.829721318000004
3195,USGS,01351500,1948-06-30,A,28.883183532
3196,USGS,01351500,1948-07-01,A,18.4342671366
3197,USGS,01351500,1948-07-02,A,12.1196103448
3198,USGS,01351500,1948-07-03,A,9.4011930712
3199,USGS,01351500,1948-07-04,A,8.0419844344
3200,USGS,01351500,1948-07-05,A,6.9659442636
3201,USGS,01351500,1948-07-06,A,8.0419844344
3202,USGS,01351500,1948-07-07,A,17.3015932726
3203,USGS,01351500,1948-07-08,A,13.875254834
3204,USGS,01351500,1948-07-09,A,8.325152900400001
3205,USGS,01351500,1948-07-10,A,6.1730725588
3206,USGS,01351500,1948-07-11,A,4.9837650016
3207,USGS,01351500,1948-07-12,A,4.4174280696
3208,USGS,01351500,1948-07-13,A,4.5590123026
3209,USGS,01351500,1948-07-14,A,5.7766367064
3210,USGS,01351500,1948-07-15,A,5.380200854
3211,USGS,01351500,1948-07-16,A,4.105942757
3212,USGS,01351500,1948-07-17,A,3.4263384386
3213,USGS,01351500,1948-07-18,A,3.1431699726
3214,USGS,01351500,1948-07-19,A,4.105942757
3215,USGS,01351500,1948-07-20,A,4.4174280696
3216,USGS,01351500,1948-07-21,A,3.2281205124000003
3217,USGS,01351500,1948-07-22,A,2.83168466
3218,USGS,01351500,1948-07-23,A,2.9166351998
3219,USGS,01351500,1948-07-24,A,7.815449661600001
3220,USGS,01351500,1948-07-25,A,6.7677263374
3221,USGS,01351500,1948-07-26,A,4.4174280696
3222,USGS,01351500,1948-07-27,A,3.539605825
3223,USGS,01351500,1948-07-28,A,5.9748546326000005
3224,USGS,01351500,1948-07-29,A,4.5590123026
3225,USGS,01351500,1948-07-30,A,3.3413878988
3226,USGS,01351500,1948-07-31,A,2.7184172736
3227,USGS,01351500,1948-08-01,A,2.3502982678
3228,USGS,01351500,1948-08-02,A,2.0104961086
3229,USGS,01351500,1948-08-03,A,1.7839613358
3230,USGS,01351500,1948-08-04,A,1.6140602562000002
3231,USGS,01351500,1948-08-05,A,1.8405950290000002
3232,USGS,01351500,1948-08-06,A,20.6996148646
3233,USGS,01351500,1948-08-07,A,21.2942686432
3234,USGS,01351500,1948-08-08,A,10.590500628400001
3235,USGS,01351500,1948-08-09,A,6.7677263374
3236,USGS,01351500,1948-08-10,A,4.9837650016
3237,USGS,01351500,1948-08-11,A,4.105942757
3238,USGS,01351500,1948-08-12,A,3.539605825
3239,USGS,01351500,1948-08-13,A,3.822774291
3240,USGS,01351500,1948-08-14,A,4.24752699
3241,USGS,01351500,1948-08-15,A,3.822774291
3242,USGS,01351500,1948-08-16,A,3.1431699726
3243,USGS,01351500,1948-08-17,A,2.7184172736
3244,USGS,01351500,1948-08-18,A,2.3502982678
3245,USGS,01351500,1948-08-19,A,2.0954466484000003
3246,USGS,01351500,1948-08-20,A,1.9255455688
3247,USGS,01351500,1948-08-21,A,1.7839613358
3248,USGS,01351500,1948-08-22,A,1.7273276426000002
3249,USGS,01351500,1948-08-23,A,3.1431699726
3250,USGS,01351500,1948-08-24,A,4.5590123026
3251,USGS,01351500,1948-08-25,A,3.2281205124000003
3252,USGS,01351500,1948-08-26,A,2.5201993474
3253,USGS,01351500,1948-08-27,A,2.0954466484000003
3254,USGS,01351500,1948-08-28,A,1.6706939494
3255,USGS,01351500,1948-08-29,A,1.4441591766
3256,USGS,01351500,1948-08-30,A,1.3025749436
3257,USGS,01351500,1948-08-31,A,1.1893075572
3258,USGS,01351500,1948-09-01,A,1.0477233242000001
3259,USGS,01351500,1948-09-02,A,0.9627727844
3260,USGS,01351500,1948-09-03,A,0.9344559378
3261,USGS,01351500,1948-09-04,A,1.0760401708
3262,USGS,01351500,1948-09-05,A,1.7556444892
3263,USGS,01351500,1948-09-06,A,2.265347728
3264,USGS,01351500,1948-09-07,A,1.7839613358
3265,USGS,01351500,1948-09-08,A,1.4441591766
3266,USGS,01351500,1948-09-09,A,1.3592086368
3267,USGS,01351500,1948-09-10,A,1.5857434096
3268,USGS,01351500,1948-09-11,A,2.0104961086
3269,USGS,01351500,1948-09-12,A,1.6706939494
3270,USGS,01351500,1948-09-13,A,1.4441591766
3271,USGS,01351500,1948-09-14,A,1.2459412504
3272,USGS,01351500,1948-09-15,A,1.0760401708
3273,USGS,01351500,1948-09-16,A,0.9627727844
3274,USGS,01351500,1948-09-17,A,0.9061390912
3275,USGS,01351500,1948-09-18,A,0.8211885514
3276,USGS,01351500,1948-09-19,A,0.8211885514
3277,USGS,01351500,1948-09-20,A,0.8211885514
3278,USGS,01351500,1948-09-21,A,0.8211885514
3279,USGS,01351500,1948-09-22,A,0.849505398
3280,USGS,01351500,1948-09-23,A,0.849505398
3281,USGS,01351500,1948-09-24,A,0.8211885514
3282,USGS,01351500,1948-09-25,A,0.7928717048
3283,USGS,01351500,1948-09-26,A,0.7645548582
3284,USGS,01351500,1948-09-27,A,0.7362380116
3285,USGS,01351500,1948-09-28,A,0.707921165
3286,USGS,01351500,1948-09-29,A,0.6796043184
3287,USGS,01351500,1948-09-30,A,0.6796043184
3288,USGS,01351500,1948-10-01,A,0.6229706252
3289,USGS,01351500,1948-10-02,A,0.5946537786
3290,USGS,01351500,1948-10-03,A,0.566336932
3291,USGS,01351500,1948-10-04,A,0.5097032388
3292,USGS,01351500,1948-10-05,A,0.4813863922
3293,USGS,01351500,1948-10-06,A,0.4530695456
3294,USGS,01351500,1948-10-07,A,0.5946537786
3295,USGS,01351500,1948-10-08,A,0.6796043184
3296,USGS,01351500,1948-10-09,A,0.7928717048
3297,USGS,01351500,1948-10-10,A,0.9061390912
3298,USGS,01351500,1948-10-11,A,1.0477233242000001
3299,USGS,01351500,1948-10-12,A,1.1893075572
3300,USGS,01351500,1948-10-13,A,1.0760401708
3301,USGS,01351500,1948-10-14,A,0.9344559378
3302,USGS,01351500,1948-10-15,A,0.849505398
3303,USGS,01351500,1948-10-16,A,0.8211885514
3304,USGS,01351500,1948-10-17,A,0.7928717048
3305,USGS,01351500,1948-10-18,A,1.0477233242000001
3306,USGS,01351500,1948-10-19,A,1.7273276426000002
3307,USGS,01351500,1948-10-20,A,2.7184172736
3308,USGS,01351500,1948-10-21,A,2.3502982678
3309,USGS,01351500,1948-10-22,A,1.9255455688
3310,USGS,01351500,1948-10-23,A,1.7273276426000002
3311,USGS,01351500,1948-10-24,A,1.6140602562000002
3312,USGS,01351500,1948-10-25,A,1.5007928698000002
3313,USGS,01351500,1948-10-26,A,1.3875254834000001
3314,USGS,01351500,1948-10-27,A,1.3025749436
3315,USGS,01351500,1948-10-28,A,1.2459412504
3316,USGS,01351500,1948-10-29,A,1.2176244038
3317,USGS,01351500,1948-10-30,A,1.1893075572
3318,USGS,01351500,1948-10-31,A,1.132673864
3319,USGS,01351500,1948-11-01,A,1.132673864
3320,USGS,01351500,1948-11-02,A,1.0760401708
3321,USGS,01351500,1948-11-03,A,1.0194064776
3322,USGS,01351500,1948-11-04,A,0.9627727844
3323,USGS,01351500,1948-11-05,A,1.0194064776
3324,USGS,01351500,1948-11-06,A,1.1043570174
3325,USGS,01351500,1948-11-07,A,3.6811900580000003
3326,USGS,01351500,1948-11-08,A,14.2716906864
3327,USGS,01351500,1948-11-09,A,8.0986181276
3328,USGS,01351500,1948-11-10,A,5.9748546326000005
3329,USGS,01351500,1948-11-11,A,4.9837650016
3330,USGS,01351500,1948-11-12,A,4.5590123026
3331,USGS,01351500,1948-11-13,A,4.24752699
3332,USGS,01351500,1948-11-14,A,3.539605825
3333,USGS,01351500,1948-11-15,A,3.4263384386
3334,USGS,01351500,1948-11-16,A,3.4263384386
3335,USGS,01351500,1948-11-17,A,3.3413878988
3336,USGS,01351500,1948-11-18,A,3.1431699726
3337,USGS,01351500,1948-11-19,A,2.9166351998
3338,USGS,01351500,1948-11-20,A,3.4829721318
3339,USGS,01351500,1948-11-21,A,9.4578267644
3340,USGS,01351500,1948-11-22,A,8.580004519800001
3341,USGS,01351500,1948-11-23,A,8.8631729858
3342,USGS,01351500,1948-11-24,A,11.8081250322
3343,USGS,01351500,1948-11-25,A,9.4011930712
3344,USGS,01351500,1948-11-26,A,7.7588159684
3345,USGS,01351500,1948-11-27,A,7.503964349
3346,USGS,01351500,1948-11-28,A,9.4011930712
3347,USGS,01351500,1948-11-29,A,8.325152900400001
3348,USGS,01351500,1948-11-30,A,7.2491127296
3349,USGS,01351500,1948-12-01,A,6.7677263374
3350,USGS,01351500,1948-12-02,A,6.371290485
3351,USGS,01351500,1948-12-03,A,5.9748546326000005
3352,USGS,01351500,1948-12-04,A,5.5784187802
3353,USGS,01351500,1948-12-05,A,5.380200854
3354,USGS,01351500,1948-12-06,A,5.1819829278
3355,USGS,01351500,1948-12-07,A,5.380200854
3356,USGS,01351500,1948-12-08,A,7.2491127296
3357,USGS,01351500,1948-12-09,A,6.1730725588
3358,USGS,01351500,1948-12-10,A,5.380200854
3359,USGS,01351500,1948-12-11,A,4.8421807686000005
3360,USGS,01351500,1948-12-12,A,4.5590123026
3361,USGS,01351500,1948-12-13,A,4.8421807686000005
3362,USGS,01351500,1948-12-14,A,6.1730725588
3363,USGS,01351500,1948-12-15,A,5.1819829278
3364,USGS,01351500,1948-12-16,A,4.24752699
3365,USGS,01351500,1948-12-17,A,4.7005965356
3366,USGS,01351500,1948-12-18,A,4.813863922
3367,USGS,01351500,1948-12-19,A,2.7184172736
3368,USGS,01351500,1948-12-20,A,3.2281205124000003
3369,USGS,01351500,1948-12-21,A,3.0582194328
3370,USGS,01351500,1948-12-22,A,3.2281205124000003
3371,USGS,01351500,1948-12-23,A,2.9449520464
3372,USGS,01351500,1948-12-24,A,2.5485161940000003
3373,USGS,01351500,1948-12-25,A,1.982179262
3374,USGS,01351500,1948-12-26,A,2.0388129552
3375,USGS,01351500,1948-12-27,A,2.2087140348
3376,USGS,01351500,1948-12-28,A,2.6051498872
3377,USGS,01351500,1948-12-29,A,5.380200854
3378,USGS,01351500,1948-12-30,A,164.23771028000002
3379,USGS,01351500,1948-12-31,A,399.26753706
3380,USGS,01351500,1949-01-01,A,140.734727602
3381,USGS,01351500,1949-01-02,A,127.14264123400001
3382,USGS,01351500,1949-01-03,A,88.065392926
3383,USGS,01351500,1949-01-04,A,60.031714792
3384,USGS,01351500,1949-01-05,A,49.55448155
3385,USGS,01351500,1949-01-06,A,334.13878988
3386,USGS,01351500,1949-01-07,A,258.249640992
3387,USGS,01351500,1949-01-08,A,137.619874476
3388,USGS,01351500,1949-01-09,A,97.69312077000001
3389,USGS,01351500,1949-01-10,A,73.340632694
3390,USGS,01351500,1949-01-11,A,60.031714792
3391,USGS,01351500,1949-01-12,A,42.192101434
3392,USGS,01351500,1949-01-13,A,33.98021592
3393,USGS,01351500,1949-01-14,A,30.015857396
3394,USGS,01351500,1949-01-15,A,19.255455688
3395,USGS,01351500,1949-01-16,A,22.4552593538
3396,USGS,01351500,1949-01-17,A,35.962395182
3397,USGS,01351500,1949-01-18,A,39.360416774
3398,USGS,01351500,1949-01-19,A,51.253492346
3399,USGS,01351500,1949-01-20,A,52.38616621
3400,USGS,01351500,1949-01-21,A,25.48516194
3401,USGS,01351500,1949-01-22,A,26.051498872
3402,USGS,01351500,1949-01-23,A,26.5895189574
3403,USGS,01351500,1949-01-24,A,23.8144679906
3404,USGS,01351500,1949-01-25,A,31.431699726
3405,USGS,01351500,1949-01-26,A,23.219814212
3406,USGS,01351500,1949-01-27,A,20.954466484
3407,USGS,01351500,1949-01-28,A,25.48516194
3408,USGS,01351500,1949-01-29,A,36.81190058
3409,USGS,01351500,1949-01-30,A,24.918825008
3410,USGS,01351500,1949-01-31,A,22.65347728
3411,USGS,01351500,1949-02-01,A,23.219814212
3412,USGS,01351500,1949-02-02,A,21.520803416
3413,USGS,01351500,1949-02-03,A,17.556444892000002
3414,USGS,01351500,1949-02-04,A,18.689118756
3415,USGS,01351500,1949-02-05,A,16.423771028
3416,USGS,01351500,1949-02-06,A,14.724760232000001
3417,USGS,01351500,1949-02-07,A,15.857434096
3418,USGS,01351500,1949-02-08,A,15.291097164
3419,USGS,01351500,1949-02-09,A,15.857434096
3420,USGS,01351500,1949-02-10,A,14.1584233
3421,USGS,01351500,1949-02-11,A,12.74258097
3422,USGS,01351500,1949-02-12,A,11.893075572
3423,USGS,01351500,1949-02-13,A,14.1584233
3424,USGS,01351500,1949-02-14,A,23.219814212
3425,USGS,01351500,1949-02-15,A,116.09907106
3426,USGS,01351500,1949-02-16,A,147.24760232
3427,USGS,01351500,1949-02-17,A,76.172317354
3428,USGS,01351500,1949-02-18,A,49.271313084
3429,USGS,01351500,1949-02-19,A,45.023786094
3430,USGS,01351500,1949-02-20,A,40.776259104000005
3431,USGS,01351500,1949-02-21,A,35.962395182
3432,USGS,01351500,1949-02-22,A,30.015857396
3433,USGS,01351500,1949-02-23,A,45.873291492
3434,USGS,01351500,1949-02-24,A,41.625764502
3435,USGS,01351500,1949-02-25,A,40.493090638
3436,USGS,01351500,1949-02-26,A,42.192101434
3437,USGS,01351500,1949-02-27,A,24.918825008
3438,USGS,01351500,1949-02-28,A,23.219814212
3439,USGS,01351500,1949-03-01,A,21.520803416
3440,USGS,01351500,1949-03-02,A,19.82179262
3441,USGS,01351500,1949-03-03,A,18.122781824
3442,USGS,01351500,1949-03-04,A,16.99010796
3443,USGS,01351500,1949-03-05,A,21.7190213422
3444,USGS,01351500,1949-03-06,A,80.986181276
3445,USGS,01351500,1949-03-07,A,68.526768772
3446,USGS,01351500,1949-03-08,A,36.528732114
3447,USGS,01351500,1949-03-09,A,32.56437359
3448,USGS,01351500,1949-03-10,A,30.582194328
3449,USGS,01351500,1949-03-11,A,28.600015066
3450,USGS,01351500,1949-03-12,A,28.033678134000002
3451,USGS,01351500,1949-03-13,A,22.9083288994
3452,USGS,01351500,1949-03-14,A,21.5491202626
3453,USGS,01351500,1949-03-15,A,24.2675375362
3454,USGS,01351500,1949-03-16,A,18.547534523
3455,USGS,01351500,1949-03-17,A,16.99010796
3456,USGS,01351500,1949-03-18,A,14.1584233
3457,USGS,01351500,1949-03-19,A,10.477233242
3458,USGS,01351500,1949-03-20,A,9.627727844
3459,USGS,01351500,1949-03-21,A,12.034659805
3460,USGS,01351500,1949-03-22,A,16.4804047212
3461,USGS,01351500,1949-03-23,A,22.9083288994
3462,USGS,01351500,1949-03-24,A,23.361398445
3463,USGS,01351500,1949-03-25,A,18.972287222000002
3464,USGS,01351500,1949-03-26,A,17.698029125
3465,USGS,01351500,1949-03-27,A,17.698029125
3466,USGS,01351500,1949-03-28,A,17.698029125
3467,USGS,01351500,1949-03-29,A,15.6875330164
3468,USGS,01351500,1949-03-30,A,13.7903042942
3469,USGS,01351500,1949-03-31,A,12.6859472768
3470,USGS,01351500,1949-04-01,A,12.6859472768
3471,USGS,01351500,1949-04-02,A,12.3461451176
3472,USGS,01351500,1949-04-03,A,11.3550554866
3473,USGS,01351500,1949-04-04,A,11.0152533274
3474,USGS,01351500,1949-04-05,A,10.6754511682
3475,USGS,01351500,1949-04-06,A,11.1285207138
3476,USGS,01351500,1949-04-07,A,23.786151144
3477,USGS,01351500,1949-04-08,A,20.671298018
3478,USGS,01351500,1949-04-09,A,19.397039921
3479,USGS,01351500,1949-04-10,A,16.0839688688
3480,USGS,01351500,1949-04-11,A,13.7903042942
3481,USGS,01351500,1949-04-12,A,12.3461451176
3482,USGS,01351500,1949-04-13,A,11.6948576458
3483,USGS,01351500,1949-04-14,A,11.3550554866
3484,USGS,01351500,1949-04-15,A,12.034659805
3485,USGS,01351500,1949-04-16,A,13.4221852884
3486,USGS,01351500,1949-04-17,A,12.6859472768
3487,USGS,01351500,1949-04-18,A,10.6754511682
3488,USGS,01351500,1949-04-19,A,14.215056993200001
3489,USGS,01351500,1949-04-20,A,26.108132565200002
3490,USGS,01351500,1949-04-21,A,19.397039921
3491,USGS,01351500,1949-04-22,A,15.319414010600001
3492,USGS,01351500,1949-04-23,A,18.9439703754
3493,USGS,01351500,1949-04-24,A,24.2675375362
3494,USGS,01351500,1949-04-25,A,19.82179262
3495,USGS,01351500,1949-04-26,A,17.273276426
3496,USGS,01351500,1949-04-27,A,36.528732114
3497,USGS,01351500,1949-04-28,A,37.661405978
3498,USGS,01351500,1949-04-29,A,30.865362794
3499,USGS,01351500,1949-04-30,A,28.033678134000002
3500,USGS,01351500,1949-05-01,A,25.1736766274
3501,USGS,01351500,1949-05-02,A,24.7206070818
3502,USGS,01351500,1949-05-03,A,31.714868192
3503,USGS,01351500,1949-05-04,A,37.661405978
3504,USGS,01351500,1949-05-05,A,26.108132565200002
3505,USGS,01351500,1949-05-06,A,25.1736766274
3506,USGS,01351500,1949-05-07,A,32.847542056
3507,USGS,01351500,1949-05-08,A,28.883183532
3508,USGS,01351500,1949-05-09,A,23.361398445
3509,USGS,01351500,1949-05-10,A,17.698029125
3510,USGS,01351500,1949-05-11,A,12.6859472768
3511,USGS,01351500,1949-05-12,A,10.0241636964
3512,USGS,01351500,1949-05-13,A,8.8631729858
3513,USGS,01351500,1949-05-14,A,8.0419844344
3514,USGS,01351500,1949-05-15,A,7.2491127296
3515,USGS,01351500,1949-05-16,A,6.5695084112
3516,USGS,01351500,1949-05-17,A,7.7871328150000005
3517,USGS,01351500,1949-05-18,A,6.7677263374
3518,USGS,01351500,1949-05-19,A,5.7766367064
3519,USGS,01351500,1949-05-20,A,17.131692193
3520,USGS,01351500,1949-05-21,A,35.39605825
3521,USGS,01351500,1949-05-22,A,18.0378312842
3522,USGS,01351500,1949-05-23,A,13.7903042942
3523,USGS,01351500,1949-05-24,A,13.4221852884
3524,USGS,01351500,1949-05-25,A,43.041606832
3525,USGS,01351500,1949-05-26,A,54.368345472
3526,USGS,01351500,1949-05-27,A,45.023786094
3527,USGS,01351500,1949-05-28,A,38.794079842
3528,USGS,01351500,1949-05-29,A,32.56437359
3529,USGS,01351500,1949-05-30,A,28.600015066
3530,USGS,01351500,1949-05-31,A,24.7206070818
3531,USGS,01351500,1949-06-01,A,16.763573187200002
3532,USGS,01351500,1949-06-02,A,8.8631729858
3533,USGS,01351500,1949-06-03,A,7.2491127296
3534,USGS,01351500,1949-06-04,A,6.1730725588
3535,USGS,01351500,1949-06-05,A,5.380200854
3536,USGS,01351500,1949-06-06,A,4.5590123026
3537,USGS,01351500,1949-06-07,A,4.105942757
3538,USGS,01351500,1949-06-08,A,3.4263384386
3539,USGS,01351500,1949-06-09,A,3.2281205124000003
3540,USGS,01351500,1949-06-10,A,3.0299025862
3541,USGS,01351500,1949-06-11,A,2.7184172736
3542,USGS,01351500,1949-06-12,A,2.5201993474
3543,USGS,01351500,1949-06-13,A,2.3502982678
3544,USGS,01351500,1949-06-14,A,2.0954466484000003
3545,USGS,01351500,1949-06-15,A,1.7839613358
3546,USGS,01351500,1949-06-16,A,1.6140602562000002
3547,USGS,01351500,1949-06-17,A,1.5007928698000002
3548,USGS,01351500,1949-06-18,A,1.3875254834000001
3549,USGS,01351500,1949-06-19,A,1.3025749436
3550,USGS,01351500,1949-06-20,A,1.2459412504
3551,USGS,01351500,1949-06-21,A,1.2176244038
3552,USGS,01351500,1949-06-22,A,1.2459412504
3553,USGS,01351500,1949-06-23,A,1.3025749436
3554,USGS,01351500,1949-06-24,A,1.3875254834000001
3555,USGS,01351500,1949-06-25,A,1.6423771028
3556,USGS,01351500,1949-06-26,A,1.8122781824
3557,USGS,01351500,1949-06-27,A,3.539605825
3558,USGS,01351500,1949-06-28,A,2.4352488076
3559,USGS,01351500,1949-06-29,A,1.7839613358
3560,USGS,01351500,1949-06-30,A,1.4441591766
3561,USGS,01351500,1949-07-01,A,1.2176244038
3562,USGS,01351500,1949-07-02,A,1.0760401708
3563,USGS,01351500,1949-07-03,A,0.9627727844
3564,USGS,01351500,1949-07-04,A,0.849505398
3565,USGS,01351500,1949-07-05,A,0.7362380116
3566,USGS,01351500,1949-07-06,A,0.6512874718
3567,USGS,01351500,1949-07-07,A,0.5946537786
3568,USGS,01351500,1949-07-08,A,0.566336932
3569,USGS,01351500,1949-07-09,A,0.5380200854
3570,USGS,01351500,1949-07-10,A,0.6796043184
3571,USGS,01351500,1949-07-11,A,0.6229706252
3572,USGS,01351500,1949-07-12,A,0.5946537786
3573,USGS,01351500,1949-07-13,A,0.566336932
3574,USGS,01351500,1949-07-14,A,0.5097032388
3575,USGS,01351500,1949-07-15,A,0.5097032388
3576,USGS,01351500,1949-07-16,A,0.5380200854
3577,USGS,01351500,1949-07-17,A,0.6512874718
3578,USGS,01351500,1949-07-18,A,0.707921165
3579,USGS,01351500,1949-07-19,A,0.7928717048
3580,USGS,01351500,1949-07-20,A,0.7362380116
3581,USGS,01351500,1949-07-21,A,0.6229706252
3582,USGS,01351500,1949-07-22,A,0.5380200854
3583,USGS,01351500,1949-07-23,A,0.4813863922
3584,USGS,01351500,1949-07-24,A,0.424752699
3585,USGS,01351500,1949-07-25,A,0.5097032388
3586,USGS,01351500,1949-07-26,A,0.566336932
3587,USGS,01351500,1949-07-27,A,0.5380200854
3588,USGS,01351500,1949-07-28,A,0.6229706252
3589,USGS,01351500,1949-07-29,A,0.6229706252
3590,USGS,01351500,1949-07-30,A,0.5097032388
3591,USGS,01351500,1949-07-31,A,0.6796043184
3592,USGS,01351500,1949-08-01,A,1.1609907106000001
3593,USGS,01351500,1949-08-02,A,1.0760401708
3594,USGS,01351500,1949-08-03,A,1.0194064776
3595,USGS,01351500,1949-08-04,A,0.849505398
3596,USGS,01351500,1949-08-05,A,0.6512874718
3597,USGS,01351500,1949-08-06,A,0.5946537786
3598,USGS,01351500,1949-08-07,A,0.5380200854
3599,USGS,01351500,1949-08-08,A,0.4813863922
3600,USGS,01351500,1949-08-09,A,0.424752699
3601,USGS,01351500,1949-08-10,A,0.3681190058
3602,USGS,01351500,1949-08-11,A,0.3681190058
3603,USGS,01351500,1949-08-12,A,0.3964358524
3604,USGS,01351500,1949-08-13,A,0.3681190058
3605,USGS,01351500,1949-08-14,A,0.3398021592
3606,USGS,01351500,1949-08-15,A,0.3398021592
3607,USGS,01351500,1949-08-16,A,0.3114853126
3608,USGS,01351500,1949-08-17,A,0.283168466
3609,USGS,01351500,1949-08-18,A,0.28033678134
3610,USGS,01351500,1949-08-19,A,0.26617835804
3611,USGS,01351500,1949-08-20,A,0.23786151144
3612,USGS,01351500,1949-08-21,A,0.2265347728
3613,USGS,01351500,1949-08-22,A,0.21520803416
3614,USGS,01351500,1949-08-23,A,0.20388129552
3615,USGS,01351500,1949-08-24,A,0.20388129552
3616,USGS,01351500,1949-08-25,A,0.19255455688
3617,USGS,01351500,1949-08-26,A,0.19255455688
3618,USGS,01351500,1949-08-27,A,0.19255455688
3619,USGS,01351500,1949-08-28,A,0.21803971882
3620,USGS,01351500,1949-08-29,A,0.5380200854
3621,USGS,01351500,1949-08-30,A,6.1447557122
3622,USGS,01351500,1949-08-31,A,4.643962842400001
3623,USGS,01351500,1949-09-01,A,2.6617835804
3624,USGS,01351500,1949-09-02,A,1.7273276426000002
3625,USGS,01351500,1949-09-03,A,1.3025749436
3626,USGS,01351500,1949-09-04,A,1.0760401708
3627,USGS,01351500,1949-09-05,A,0.9627727844
3628,USGS,01351500,1949-09-06,A,0.8211885514
3629,USGS,01351500,1949-09-07,A,0.6796043184
3630,USGS,01351500,1949-09-08,A,0.6796043184
3631,USGS,01351500,1949-09-09,A,0.6512874718
3632,USGS,01351500,1949-09-10,A,0.6229706252
3633,USGS,01351500,1949-09-11,A,0.566336932
3634,USGS,01351500,1949-09-12,A,0.5380200854
3635,USGS,01351500,1949-09-13,A,0.5097032388
3636,USGS,01351500,1949-09-14,A,0.566336932
3637,USGS,01351500,1949-09-15,A,0.5097032388
3638,USGS,01351500,1949-09-16,A,0.4530695456
3639,USGS,01351500,1949-09-17,A,0.424752699
3640,USGS,01351500,1949-09-18,A,0.4813863922
3641,USGS,01351500,1949-09-19,A,0.5946537786
3642,USGS,01351500,1949-09-20,A,0.6229706252
3643,USGS,01351500,1949-09-21,A,0.7362380116
3644,USGS,01351500,1949-09-22,A,1.1609907106000001
3645,USGS,01351500,1949-09-23,A,1.0760401708
3646,USGS,01351500,1949-09-24,A,1.0194064776
3647,USGS,01351500,1949-09-25,A,0.9627727844
3648,USGS,01351500,1949-09-26,A,1.0194064776
3649,USGS,01351500,1949-09-27,A,1.0194064776
3650,USGS,01351500,1949-09-28,A,0.9627727844
3651,USGS,01351500,1949-09-29,A,0.991089631
3652,USGS,01351500,1949-09-30,A,1.0760401708
3653,USGS,01351500,1949-10-01,A,1.7556444892
3654,USGS,01351500,1949-10-02,A,2.6334667338
3655,USGS,01351500,1949-10-03,A,2.0104961086
3656,USGS,01351500,1949-10-04,A,1.6140602562000002
3657,USGS,01351500,1949-10-05,A,1.3875254834000001
3658,USGS,01351500,1949-10-06,A,1.1609907106000001
3659,USGS,01351500,1949-10-07,A,1.132673864
3660,USGS,01351500,1949-10-08,A,1.132673864
3661,USGS,01351500,1949-10-09,A,1.132673864
3662,USGS,01351500,1949-10-10,A,1.0760401708
3663,USGS,01351500,1949-10-11,A,1.0477233242000001
3664,USGS,01351500,1949-10-12,A,1.0194064776
3665,USGS,01351500,1949-10-13,A,0.8778222446
3666,USGS,01351500,1949-10-14,A,0.8211885514
3667,USGS,01351500,1949-10-15,A,0.9627727844
3668,USGS,01351500,1949-10-16,A,1.132673864
3669,USGS,01351500,1949-10-17,A,2.3786151144
3670,USGS,01351500,1949-10-18,A,2.4352488076
3671,USGS,01351500,1949-10-19,A,1.9255455688
3672,USGS,01351500,1949-10-20,A,1.6706939494
3673,USGS,01351500,1949-10-21,A,1.5007928698000002
3674,USGS,01351500,1949-10-22,A,1.4441591766
3675,USGS,01351500,1949-10-23,A,1.2459412504
3676,USGS,01351500,1949-10-24,A,1.1609907106000001
3677,USGS,01351500,1949-10-25,A,1.0477233242000001
3678,USGS,01351500,1949-10-26,A,1.1609907106000001
3679,USGS,01351500,1949-10-27,A,1.3025749436
3680,USGS,01351500,1949-10-28,A,1.7273276426000002
3681,USGS,01351500,1949-10-29,A,1.9255455688
3682,USGS,01351500,1949-10-30,A,1.7273276426000002
3683,USGS,01351500,1949-10-31,A,1.7273276426000002
3684,USGS,01351500,1949-11-01,A,1.6706939494
3685,USGS,01351500,1949-11-02,A,2.0104961086
3686,USGS,01351500,1949-11-03,A,2.265347728
3687,USGS,01351500,1949-11-04,A,2.4352488076
3688,USGS,01351500,1949-11-05,A,4.672279689
3689,USGS,01351500,1949-11-06,A,6.1730725588
3690,USGS,01351500,1949-11-07,A,5.1819829278
3691,USGS,01351500,1949-11-08,A,4.5590123026
3692,USGS,01351500,1949-11-09,A,4.24752699
3693,USGS,01351500,1949-11-10,A,3.822774291
3694,USGS,01351500,1949-11-11,A,3.4263384386
3695,USGS,01351500,1949-11-12,A,3.3413878988
3696,USGS,01351500,1949-11-13,A,3.539605825
3697,USGS,01351500,1949-11-14,A,5.2952503142000005
3698,USGS,01351500,1949-11-15,A,12.034659805
3699,USGS,01351500,1949-11-16,A,8.8631729858
3700,USGS,01351500,1949-11-17,A,7.7871328150000005
3701,USGS,01351500,1949-11-18,A,6.7677263374
3702,USGS,01351500,1949-11-19,A,6.1730725588
3703,USGS,01351500,1949-11-20,A,5.9748546326000005
3704,USGS,01351500,1949-11-21,A,5.9748546326000005
3705,USGS,01351500,1949-11-22,A,5.7766367064
3706,USGS,01351500,1949-11-23,A,4.7005965356
3707,USGS,01351500,1949-11-24,A,4.105942757
3708,USGS,01351500,1949-11-25,A,4.24752699
3709,USGS,01351500,1949-11-26,A,4.105942757
3710,USGS,01351500,1949-11-27,A,3.114853126
3711,USGS,01351500,1949-11-28,A,3.4263384386
3712,USGS,01351500,1949-11-29,A,4.24752699
3713,USGS,01351500,1949-11-30,A,4.5590123026
3714,USGS,01351500,1949-12-01,A,4.9837650016
3715,USGS,01351500,1949-12-02,A,4.5590123026
3716,USGS,01351500,1949-12-03,A,4.105942757
3717,USGS,01351500,1949-12-04,A,3.114853126
3718,USGS,01351500,1949-12-05,A,3.0582194328
3719,USGS,01351500,1949-12-06,A,2.9449520464
3720,USGS,01351500,1949-12-07,A,3.2281205124000003
3721,USGS,01351500,1949-12-08,A,3.114853126
3722,USGS,01351500,1949-12-09,A,2.83168466
3723,USGS,01351500,1949-12-10,A,2.5485161940000003
3724,USGS,01351500,1949-12-11,A,2.7184172736
3725,USGS,01351500,1949-12-12,A,5.238616621
3726,USGS,01351500,1949-12-13,A,50.97032388
3727,USGS,01351500,1949-12-14,A,36.245563648
3728,USGS,01351500,1949-12-15,A,20.388129552000002
3729,USGS,01351500,1949-12-16,A,16.423771028
3730,USGS,01351500,1949-12-17,A,13.308917902000001
3731,USGS,01351500,1949-12-18,A,15.319414010600001
3732,USGS,01351500,1949-12-19,A,15.319414010600001
3733,USGS,01351500,1949-12-20,A,13.025749436
3734,USGS,01351500,1949-12-21,A,11.0152533274
3735,USGS,01351500,1949-12-22,A,10.6754511682
3736,USGS,01351500,1949-12-23,A,11.6948576458
3737,USGS,01351500,1949-12-24,A,17.273276426
3738,USGS,01351500,1949-12-25,A,12.034659805
3739,USGS,01351500,1949-12-26,A,10.0241636964
3740,USGS,01351500,1949-12-27,A,21.5491202626
3741,USGS,01351500,1949-12-28,A,25.626746173
3742,USGS,01351500,1949-12-29,A,20.246545319
3743,USGS,01351500,1949-12-30,A,11.609907106
3744,USGS,01351500,1949-12-31,A,10.760401708
3745,USGS,01351500,1950-01-01,A,13.308917902000001
3746,USGS,01351500,1950-01-02,A,13.4221852884
3747,USGS,01351500,1950-01-03,A,12.034659805
3748,USGS,01351500,1950-01-04,A,14.9512950048
3749,USGS,01351500,1950-01-05,A,14.1584233
3750,USGS,01351500,1950-01-06,A,20.784565404400002
3751,USGS,01351500,1950-01-07,A,64.562410248
3752,USGS,01351500,1950-01-08,A,31.714868192
3753,USGS,01351500,1950-01-09,A,19.82179262
3754,USGS,01351500,1950-01-10,A,33.98021592
3755,USGS,01351500,1950-01-11,A,98.825794634
3756,USGS,01351500,1950-01-12,A,41.625764502
3757,USGS,01351500,1950-01-13,A,33.98021592
3758,USGS,01351500,1950-01-14,A,43.324775298
3759,USGS,01351500,1950-01-15,A,32.847542056
3760,USGS,01351500,1950-01-16,A,37.378237512
3761,USGS,01351500,1950-01-17,A,27.184172736
3762,USGS,01351500,1950-01-18,A,20.954466484
3763,USGS,01351500,1950-01-19,A,17.556444892000002
3764,USGS,01351500,1950-01-20,A,14.724760232000001
3765,USGS,01351500,1950-01-21,A,13.875254834
3766,USGS,01351500,1950-01-22,A,18.972287222000002
3767,USGS,01351500,1950-01-23,A,22.0021898082
3768,USGS,01351500,1950-01-24,A,21.096050717
3769,USGS,01351500,1950-01-25,A,39.64358524
3770,USGS,01351500,1950-01-26,A,49.837650016
3771,USGS,01351500,1950-01-27,A,43.324775298
3772,USGS,01351500,1950-01-28,A,23.786151144
3773,USGS,01351500,1950-01-29,A,22.4552593538
3774,USGS,01351500,1950-01-30,A,30.015857396
3775,USGS,01351500,1950-01-31,A,21.096050717
3776,USGS,01351500,1950-02-01,A,16.423771028
3777,USGS,01351500,1950-02-02,A,18.122781824
3778,USGS,01351500,1950-02-03,A,16.423771028
3779,USGS,01351500,1950-02-04,A,13.875254834
3780,USGS,01351500,1950-02-05,A,11.893075572
3781,USGS,01351500,1950-02-06,A,12.459412504
3782,USGS,01351500,1950-02-07,A,11.893075572
3783,USGS,01351500,1950-02-08,A,9.627727844
3784,USGS,01351500,1950-02-09,A,12.459412504
3785,USGS,01351500,1950-02-10,A,46.72279689
3786,USGS,01351500,1950-02-11,A,37.661405978
3787,USGS,01351500,1950-02-12,A,34.546552852
3788,USGS,01351500,1950-02-13,A,26.108132565200002
3789,USGS,01351500,1950-02-14,A,22.4552593538
3790,USGS,01351500,1950-02-15,A,22.0021898082
3791,USGS,01351500,1950-02-16,A,24.7206070818
3792,USGS,01351500,1950-02-17,A,20.246545319
3793,USGS,01351500,1950-02-18,A,20.671298018
3794,USGS,01351500,1950-02-19,A,17.556444892000002
3795,USGS,01351500,1950-02-20,A,14.1584233
3796,USGS,01351500,1950-02-21,A,15.857434096
3797,USGS,01351500,1950-02-22,A,16.99010796
3798,USGS,01351500,1950-02-23,A,15.857434096
3799,USGS,01351500,1950-02-24,A,14.724760232000001
3800,USGS,01351500,1950-02-25,A,14.1584233
3801,USGS,01351500,1950-02-26,A,13.875254834
3802,USGS,01351500,1950-02-27,A,13.308917902000001
3803,USGS,01351500,1950-02-28,A,12.176244038
3804,USGS,01351500,1950-03-01,A,12.74258097
3805,USGS,01351500,1950-03-02,A,11.893075572
3806,USGS,01351500,1950-03-03,A,11.32673864
3807,USGS,01351500,1950-03-04,A,10.760401708
3808,USGS,01351500,1950-03-05,A,10.477233242
3809,USGS,01351500,1950-03-06,A,10.194064776000001
3810,USGS,01351500,1950-03-07,A,9.91089631
3811,USGS,01351500,1950-03-08,A,28.3168466
3812,USGS,01351500,1950-03-09,A,110.43570174
3813,USGS,01351500,1950-03-10,A,113.2673864
3814,USGS,01351500,1950-03-11,A,80.136675878
3815,USGS,01351500,1950-03-12,A,69.093105704
3816,USGS,01351500,1950-03-13,A,62.297062520000004
3817,USGS,01351500,1950-03-14,A,47.855470754
3818,USGS,01351500,1950-03-15,A,39.360416774
3819,USGS,01351500,1950-03-16,A,33.413878988
3820,USGS,01351500,1950-03-17,A,27.750509668
3821,USGS,01351500,1950-03-18,A,26.051498872
3822,USGS,01351500,1950-03-19,A,20.954466484
3823,USGS,01351500,1950-03-20,A,19.82179262
3824,USGS,01351500,1950-03-21,A,22.4552593538
3825,USGS,01351500,1950-03-22,A,23.8144679906
3826,USGS,01351500,1950-03-23,A,34.546552852
3827,USGS,01351500,1950-03-24,A,35.962395182
3828,USGS,01351500,1950-03-25,A,47.005965356000004
3829,USGS,01351500,1950-03-26,A,67.394094908
3830,USGS,01351500,1950-03-27,A,85.23370826600001
3831,USGS,01351500,1950-03-28,A,267.59420037
3832,USGS,01351500,1950-03-29,A,322.81205124
3833,USGS,01351500,1950-03-30,A,172.166427328
3834,USGS,01351500,1950-03-31,A,99.1089631
3835,USGS,01351500,1950-04-01,A,81.55251820800001
3836,USGS,01351500,1950-04-02,A,71.358453432
3837,USGS,01351500,1950-04-03,A,82.11885514000001
3838,USGS,01351500,1950-04-04,A,155.45948783400002
3839,USGS,01351500,1950-04-05,A,203.314958588
3840,USGS,01351500,1950-04-06,A,111.568375604
3841,USGS,01351500,1950-04-07,A,68.243600306
3842,USGS,01351500,1950-04-08,A,66.827757976
3843,USGS,01351500,1950-04-09,A,53.518840074
3844,USGS,01351500,1950-04-10,A,43.041606832
3845,USGS,01351500,1950-04-11,A,34.829721318000004
3846,USGS,01351500,1950-04-12,A,37.095069046
3847,USGS,01351500,1950-04-13,A,31.714868192
3848,USGS,01351500,1950-04-14,A,30.582194328
3849,USGS,01351500,1950-04-15,A,37.661405978
3850,USGS,01351500,1950-04-16,A,32.281205124
3851,USGS,01351500,1950-04-17,A,28.600015066
3852,USGS,01351500,1950-04-18,A,26.617835804000002
3853,USGS,01351500,1950-04-19,A,24.210903843
3854,USGS,01351500,1950-04-20,A,58.04953553
3855,USGS,01351500,1950-04-21,A,109.869364808
3856,USGS,01351500,1950-04-22,A,80.986181276
3857,USGS,01351500,1950-04-23,A,55.501019336
3858,USGS,01351500,1950-04-24,A,43.607943764
3859,USGS,01351500,1950-04-25,A,32.56437359
3860,USGS,01351500,1950-04-26,A,27.0992221962
3861,USGS,01351500,1950-04-27,A,24.6922902352
3862,USGS,01351500,1950-04-28,A,20.812882251
3863,USGS,01351500,1950-04-29,A,18.4342671366
3864,USGS,01351500,1950-04-30,A,16.5370384144
3865,USGS,01351500,1950-05-01,A,20.529713785000002
3866,USGS,01351500,1950-05-02,A,28.600015066
3867,USGS,01351500,1950-05-03,A,19.963376853
3868,USGS,01351500,1950-05-04,A,16.5370384144
3869,USGS,01351500,1950-05-05,A,15.4893150902
3870,USGS,01351500,1950-05-06,A,16.1689194086
3871,USGS,01351500,1950-05-07,A,14.441591766
3872,USGS,01351500,1950-05-08,A,12.1196103448
3873,USGS,01351500,1950-05-09,A,10.901985941
3874,USGS,01351500,1950-05-10,A,12.1196103448
3875,USGS,01351500,1950-05-11,A,16.5370384144
3876,USGS,01351500,1950-05-12,A,12.74258097
3877,USGS,01351500,1950-05-13,A,10.901985941
3878,USGS,01351500,1950-05-14,A,10.590500628400001
3879,USGS,01351500,1950-05-15,A,10.2790153158
3880,USGS,01351500,1950-05-16,A,11.496639719600001
3881,USGS,01351500,1950-05-17,A,11.496639719600001
3882,USGS,01351500,1950-05-18,A,12.9407988962
3883,USGS,01351500,1950-05-19,A,33.697047454
3884,USGS,01351500,1950-05-20,A,64.562410248
3885,USGS,01351500,1950-05-21,A,38.794079842
3886,USGS,01351500,1950-05-22,A,26.617835804000002
3887,USGS,01351500,1950-05-23,A,21.23763495
3888,USGS,01351500,1950-05-24,A,19.1988219948
3889,USGS,01351500,1950-05-25,A,18.830702989
3890,USGS,01351500,1950-05-26,A,17.698029125
3891,USGS,01351500,1950-05-27,A,15.149512931
3892,USGS,01351500,1950-05-28,A,12.4310956574
3893,USGS,01351500,1950-05-29,A,11.8081250322
3894,USGS,01351500,1950-05-30,A,13.4221852884
3895,USGS,01351500,1950-05-31,A,11.2134712536
3896,USGS,01351500,1950-06-01,A,9.9675300032
3897,USGS,01351500,1950-06-02,A,9.4011930712
3898,USGS,01351500,1950-06-03,A,8.8348561392
3899,USGS,01351500,1950-06-04,A,17.6413954318
3900,USGS,01351500,1950-06-05,A,28.600015066
3901,USGS,01351500,1950-06-06,A,25.6550630196
3902,USGS,01351500,1950-06-07,A,19.1988219948
3903,USGS,01351500,1950-06-08,A,10.901985941
3904,USGS,01351500,1950-06-09,A,6.371290485
3905,USGS,01351500,1950-06-10,A,4.9837650016
3906,USGS,01351500,1950-06-11,A,4.7005965356
3907,USGS,01351500,1950-06-12,A,5.380200854
3908,USGS,01351500,1950-06-13,A,4.5590123026
3909,USGS,01351500,1950-06-14,A,3.822774291
3910,USGS,01351500,1950-06-15,A,3.6811900580000003
3911,USGS,01351500,1950-06-16,A,3.539605825
3912,USGS,01351500,1950-06-17,A,3.539605825
3913,USGS,01351500,1950-06-18,A,3.822774291
3914,USGS,01351500,1950-06-19,A,4.24752699
3915,USGS,01351500,1950-06-20,A,3.4263384386
3916,USGS,01351500,1950-06-21,A,3.1431699726
3917,USGS,01351500,1950-06-22,A,2.83168466
3918,USGS,01351500,1950-06-23,A,2.5201993474
3919,USGS,01351500,1950-06-24,A,2.4352488076
3920,USGS,01351500,1950-06-25,A,2.265347728
3921,USGS,01351500,1950-06-26,A,2.1803971882
3922,USGS,01351500,1950-06-27,A,2.265347728
3923,USGS,01351500,1950-06-28,A,1.8405950290000002
3924,USGS,01351500,1950-06-29,A,1.557426563
3925,USGS,01351500,1950-06-30,A,1.5007928698000002
3926,USGS,01351500,1950-07-01,A,1.3592086368
3927,USGS,01351500,1950-07-02,A,1.1893075572
3928,USGS,01351500,1950-07-03,A,1.1893075572
3929,USGS,01351500,1950-07-04,A,1.2176244038
3930,USGS,01351500,1950-07-05,A,1.3025749436
3931,USGS,01351500,1950-07-06,A,2.0954466484000003
3932,USGS,01351500,1950-07-07,A,2.0954466484000003
3933,USGS,01351500,1950-07-08,A,1.6706939494
3934,USGS,01351500,1950-07-09,A,1.3875254834000001
3935,USGS,01351500,1950-07-10,A,1.2176244038
3936,USGS,01351500,1950-07-11,A,1.0760401708
3937,USGS,01351500,1950-07-12,A,1.0760401708
3938,USGS,01351500,1950-07-13,A,1.0477233242000001
3939,USGS,01351500,1950-07-14,A,1.0477233242000001
3940,USGS,01351500,1950-07-15,A,0.9627727844
3941,USGS,01351500,1950-07-16,A,0.9344559378
3942,USGS,01351500,1950-07-17,A,0.9061390912
3943,USGS,01351500,1950-07-18,A,0.849505398
3944,USGS,01351500,1950-07-19,A,0.7362380116
3945,USGS,01351500,1950-07-20,A,0.7645548582
3946,USGS,01351500,1950-07-21,A,1.1043570174
3947,USGS,01351500,1950-07-22,A,2.0954466484000003
3948,USGS,01351500,1950-07-23,A,1.8405950290000002
3949,USGS,01351500,1950-07-24,A,1.3592086368
3950,USGS,01351500,1950-07-25,A,1.132673864
3951,USGS,01351500,1950-07-26,A,0.9344559378
3952,USGS,01351500,1950-07-27,A,0.7645548582
3953,USGS,01351500,1950-07-28,A,0.7362380116
3954,USGS,01351500,1950-07-29,A,0.7362380116
3955,USGS,01351500,1950-07-30,A,0.6796043184
3956,USGS,01351500,1950-07-31,A,0.707921165
3957,USGS,01351500,1950-08-01,A,0.8211885514
3958,USGS,01351500,1950-08-02,A,0.849505398
3959,USGS,01351500,1950-08-03,A,0.8211885514
3960,USGS,01351500,1950-08-04,A,0.7645548582
3961,USGS,01351500,1950-08-05,A,0.8778222446
3962,USGS,01351500,1950-08-06,A,0.9344559378
3963,USGS,01351500,1950-08-07,A,0.9061390912
3964,USGS,01351500,1950-08-08,A,0.849505398
3965,USGS,01351500,1950-08-09,A,0.7645548582
3966,USGS,01351500,1950-08-10,A,0.6796043184
3967,USGS,01351500,1950-08-11,A,0.5946537786
3968,USGS,01351500,1950-08-12,A,0.5097032388
3969,USGS,01351500,1950-08-13,A,0.4530695456
3970,USGS,01351500,1950-08-14,A,0.4530695456
3971,USGS,01351500,1950-08-15,A,0.424752699
3972,USGS,01351500,1950-08-16,A,0.4813863922
3973,USGS,01351500,1950-08-17,A,0.5946537786
3974,USGS,01351500,1950-08-18,A,0.4530695456
3975,USGS,01351500,1950-08-19,A,1.2176244038
3976,USGS,01351500,1950-08-20,A,3.6811900580000003
3977,USGS,01351500,1950-08-21,A,4.5590123026
3978,USGS,01351500,1950-08-22,A,3.3413878988
3979,USGS,01351500,1950-08-23,A,2.0954466484000003
3980,USGS,01351500,1950-08-24,A,1.4441591766
3981,USGS,01351500,1950-08-25,A,1.1893075572
3982,USGS,01351500,1950-08-26,A,1.0194064776
3983,USGS,01351500,1950-08-27,A,0.9061390912
3984,USGS,01351500,1950-08-28,A,0.849505398
3985,USGS,01351500,1950-08-29,A,1.0194064776
3986,USGS,01351500,1950-08-30,A,1.0194064776
3987,USGS,01351500,1950-08-31,A,8.4384202868
3988,USGS,01351500,1950-09-01,A,119.497092652
3989,USGS,01351500,1950-09-02,A,70.22577956800001
3990,USGS,01351500,1950-09-03,A,23.757834297400002
3991,USGS,01351500,1950-09-04,A,14.8097107718
3992,USGS,01351500,1950-09-05,A,10.590500628400001
3993,USGS,01351500,1950-09-06,A,7.7588159684
3994,USGS,01351500,1950-09-07,A,5.7766367064
3995,USGS,01351500,1950-09-08,A,4.7005965356
3996,USGS,01351500,1950-09-09,A,4.105942757
3997,USGS,01351500,1950-09-10,A,3.6811900580000003
3998,USGS,01351500,1950-09-11,A,3.539605825
3999,USGS,01351500,1950-09-12,A,4.24752699
4000,USGS,01351500,1950-09-13,A,5.1819829278
4001,USGS,01351500,1950-09-14,A,4.5590123026
4002,USGS,01351500,1950-09-15,A,4.8421807686000005
4003,USGS,01351500,1950-09-16,A,4.4174280696
4004,USGS,01351500,1950-09-17,A,3.6811900580000003
4005,USGS,01351500,1950-09-18,A,3.2281205124000003
4006,USGS,01351500,1950-09-19,A,2.83168466
4007,USGS,01351500,1950-09-20,A,2.5201993474
4008,USGS,01351500,1950-09-21,A,2.4352488076
4009,USGS,01351500,1950-09-22,A,2.265347728
4010,USGS,01351500,1950-09-23,A,2.0954466484000003
4011,USGS,01351500,1950-09-24,A,1.9255455688
4012,USGS,01351500,1950-09-25,A,1.7839613358
4013,USGS,01351500,1950-09-26,A,1.7273276426000002
4014,USGS,01351500,1950-09-27,A,1.6706939494
4015,USGS,01351500,1950-09-28,A,1.6140602562000002
4016,USGS,01351500,1950-09-29,A,1.557426563
4017,USGS,01351500,1950-09-30,A,1.5007928698000002
4018,USGS,01351500,1950-10-01,A,1.4441591766
4019,USGS,01351500,1950-10-02,A,1.3592086368
4020,USGS,01351500,1950-10-03,A,1.3025749436
4021,USGS,01351500,1950-10-04,A,1.2176244038
4022,USGS,01351500,1950-10-05,A,1.0477233242000001
4023,USGS,01351500,1950-10-06,A,1.0760401708
4024,USGS,01351500,1950-10-07,A,1.0477233242000001
4025,USGS,01351500,1950-10-08,A,0.9344559378
4026,USGS,01351500,1950-10-09,A,0.9061390912
4027,USGS,01351500,1950-10-10,A,1.1043570174
4028,USGS,01351500,1950-10-11,A,2.8033678134
4029,USGS,01351500,1950-10-12,A,7.2491127296
4030,USGS,01351500,1950-10-13,A,4.8421807686000005
4031,USGS,01351500,1950-10-14,A,5.1819829278
4032,USGS,01351500,1950-10-15,A,4.7005965356
4033,USGS,01351500,1950-10-16,A,3.822774291
4034,USGS,01351500,1950-10-17,A,3.2281205124000003
4035,USGS,01351500,1950-10-18,A,2.9166351998
4036,USGS,01351500,1950-10-19,A,2.7184172736
4037,USGS,01351500,1950-10-20,A,2.5201993474
4038,USGS,01351500,1950-10-21,A,2.3502982678
4039,USGS,01351500,1950-10-22,A,2.1803971882
4040,USGS,01351500,1950-10-23,A,2.0954466484000003
4041,USGS,01351500,1950-10-24,A,2.0954466484000003
4042,USGS,01351500,1950-10-25,A,2.265347728
4043,USGS,01351500,1950-10-26,A,2.3502982678
4044,USGS,01351500,1950-10-27,A,2.1803971882
4045,USGS,01351500,1950-10-28,A,2.0104961086
4046,USGS,01351500,1950-10-29,A,1.9255455688
4047,USGS,01351500,1950-10-30,A,1.8405950290000002
4048,USGS,01351500,1950-10-31,A,1.8405950290000002
4049,USGS,01351500,1950-11-01,A,1.7839613358
4050,USGS,01351500,1950-11-02,A,1.7839613358
4051,USGS,01351500,1950-11-03,A,1.7273276426000002
4052,USGS,01351500,1950-11-04,A,1.7273276426000002
4053,USGS,01351500,1950-11-05,A,2.8883183532
4054,USGS,01351500,1950-11-06,A,6.9659442636
4055,USGS,01351500,1950-11-07,A,5.5784187802
4056,USGS,01351500,1950-11-08,A,4.4174280696
4057,USGS,01351500,1950-11-09,A,3.964358524
4058,USGS,01351500,1950-11-10,A,3.6811900580000003
4059,USGS,01351500,1950-11-11,A,3.539605825
4060,USGS,01351500,1950-11-12,A,3.3413878988
4061,USGS,01351500,1950-11-13,A,3.1431699726
4062,USGS,01351500,1950-11-14,A,2.9166351998
4063,USGS,01351500,1950-11-15,A,2.7184172736
4064,USGS,01351500,1950-11-16,A,2.6334667338
4065,USGS,01351500,1950-11-17,A,2.5201993474
4066,USGS,01351500,1950-11-18,A,2.5201993474
4067,USGS,01351500,1950-11-19,A,2.5201993474
4068,USGS,01351500,1950-11-20,A,2.5201993474
4069,USGS,01351500,1950-11-21,A,3.9926753706
4070,USGS,01351500,1950-11-22,A,6.371290485
4071,USGS,01351500,1950-11-23,A,4.9837650016
4072,USGS,01351500,1950-11-24,A,4.24752699
4073,USGS,01351500,1950-11-25,A,17.4431775056
4074,USGS,01351500,1950-11-26,A,328.47542056000003
4075,USGS,01351500,1950-11-27,A,95.144604576
4076,USGS,01351500,1950-11-28,A,56.916861666
4077,USGS,01351500,1950-11-29,A,58.04953553
4078,USGS,01351500,1950-11-30,A,41.059427570000004
4079,USGS,01351500,1950-12-01,A,30.582194328
4080,USGS,01351500,1950-12-02,A,23.361398445
4081,USGS,01351500,1950-12-03,A,21.23763495
4082,USGS,01351500,1950-12-04,A,130.823831292
4083,USGS,01351500,1950-12-05,A,455.90123026000003
4084,USGS,01351500,1950-12-06,A,166.219889542
4085,USGS,01351500,1950-12-07,A,94.295099178
4086,USGS,01351500,1950-12-08,A,146.964433854
4087,USGS,01351500,1950-12-09,A,246.073396954
4088,USGS,01351500,1950-12-10,A,126.859472768
4089,USGS,01351500,1950-12-11,A,95.994109974
4090,USGS,01351500,1950-12-12,A,81.269349742
4091,USGS,01351500,1950-12-13,A,64.845578714
4092,USGS,01351500,1950-12-14,A,52.102997744
4093,USGS,01351500,1950-12-15,A,43.607943764
4094,USGS,01351500,1950-12-16,A,35.962395182
4095,USGS,01351500,1950-12-17,A,28.883183532
4096,USGS,01351500,1950-12-18,A,23.786151144
4097,USGS,01351500,1950-12-19,A,20.954466484
4098,USGS,01351500,1950-12-20,A,18.122781824
4099,USGS,01351500,1950-12-21,A,15.291097164
4100,USGS,01351500,1950-12-22,A,15.857434096
4101,USGS,01351500,1950-12-23,A,16.423771028
4102,USGS,01351500,1950-12-24,A,16.423771028
4103,USGS,01351500,1950-12-25,A,14.724760232000001
4104,USGS,01351500,1950-12-26,A,11.609907106
4105,USGS,01351500,1950-12-27,A,9.344559378
4106,USGS,01351500,1950-12-28,A,9.344559378
4107,USGS,01351500,1950-12-29,A,10.760401708
4108,USGS,01351500,1950-12-30,A,14.1584233
4109,USGS,01351500,1950-12-31,A,15.857434096
4110,USGS,01351500,1951-01-01,A,11.32673864
4111,USGS,01351500,1951-01-02,A,10.760401708
4112,USGS,01351500,1951-01-03,A,14.1584233
4113,USGS,01351500,1951-01-04,A,152.91097164
4114,USGS,01351500,1951-01-05,A,148.946613116
4115,USGS,01351500,1951-01-06,A,73.340632694
4116,USGS,01351500,1951-01-07,A,51.253492346
4117,USGS,01351500,1951-01-08,A,35.39605825
4118,USGS,01351500,1951-01-09,A,30.015857396
4119,USGS,01351500,1951-01-10,A,28.3168466
4120,USGS,01351500,1951-01-11,A,28.883183532
4121,USGS,01351500,1951-01-12,A,26.051498872
4122,USGS,01351500,1951-01-13,A,21.520803416
4123,USGS,01351500,1951-01-14,A,19.82179262
4124,USGS,01351500,1951-01-15,A,30.582194328
4125,USGS,01351500,1951-01-16,A,56.067356268000005
4126,USGS,01351500,1951-01-17,A,30.015857396
4127,USGS,01351500,1951-01-18,A,27.127539042800002
4128,USGS,01351500,1951-01-19,A,32.847542056
4129,USGS,01351500,1951-01-20,A,56.6336932
4130,USGS,01351500,1951-01-21,A,67.677263374
4131,USGS,01351500,1951-01-22,A,38.22774291
4132,USGS,01351500,1951-01-23,A,24.352488076
4133,USGS,01351500,1951-01-24,A,44.457449162
4134,USGS,01351500,1951-01-25,A,115.24956566200001
4135,USGS,01351500,1951-01-26,A,63.71290485
4136,USGS,01351500,1951-01-27,A,43.891112230000005
4137,USGS,01351500,1951-01-28,A,36.81190058
4138,USGS,01351500,1951-01-29,A,31.148531260000002
4139,USGS,01351500,1951-01-30,A,27.184172736
4140,USGS,01351500,1951-01-31,A,22.65347728
4141,USGS,01351500,1951-02-01,A,96.27727844
4142,USGS,01351500,1951-02-02,A,317.14868192
4143,USGS,01351500,1951-02-03,A,93.162425314
4144,USGS,01351500,1951-02-04,A,55.21785087
4145,USGS,01351500,1951-02-05,A,51.253492346
4146,USGS,01351500,1951-02-06,A,44.740617628
4147,USGS,01351500,1951-02-07,A,78.154496616
4148,USGS,01351500,1951-02-08,A,175.56444892000002
4149,USGS,01351500,1951-02-09,A,59.465377860000004
4150,USGS,01351500,1951-02-10,A,46.72279689
4151,USGS,01351500,1951-02-11,A,39.64358524
4152,USGS,01351500,1951-02-12,A,45.30695456
4153,USGS,01351500,1951-02-13,A,101.94064776
4154,USGS,01351500,1951-02-14,A,157.724835562
4155,USGS,01351500,1951-02-15,A,76.45548582
4156,USGS,01351500,1951-02-16,A,52.38616621
4157,USGS,01351500,1951-02-17,A,48.13863922
4158,USGS,01351500,1951-02-18,A,57.483198598
4159,USGS,01351500,1951-02-19,A,58.332703996
4160,USGS,01351500,1951-02-20,A,74.756475024
4161,USGS,01351500,1951-02-21,A,117.231744924
4162,USGS,01351500,1951-02-22,A,207.562485578
4163,USGS,01351500,1951-02-23,A,111.285207138
4164,USGS,01351500,1951-02-24,A,59.465377860000004
4165,USGS,01351500,1951-02-25,A,49.55448155
4166,USGS,01351500,1951-02-26,A,56.6336932
4167,USGS,01351500,1951-02-27,A,64.845578714
4168,USGS,01351500,1951-02-28,A,63.996073316
4169,USGS,01351500,1951-03-01,A,47.289133822000004
4170,USGS,01351500,1951-03-02,A,41.908932968
4171,USGS,01351500,1951-03-03,A,36.528732114
4172,USGS,01351500,1951-03-04,A,33.98021592
4173,USGS,01351500,1951-03-05,A,32.847542056
4174,USGS,01351500,1951-03-06,A,35.39605825
4175,USGS,01351500,1951-03-07,A,64.562410248
4176,USGS,01351500,1951-03-08,A,118.36441878800001
4177,USGS,01351500,1951-03-09,A,76.45548582
4178,USGS,01351500,1951-03-10,A,45.30695456
4179,USGS,01351500,1951-03-11,A,35.39605825
4180,USGS,01351500,1951-03-12,A,41.908932968
4181,USGS,01351500,1951-03-13,A,46.72279689
4182,USGS,01351500,1951-03-14,A,52.38616621
4183,USGS,01351500,1951-03-15,A,83.817865936
4184,USGS,01351500,1951-03-16,A,68.526768772
4185,USGS,01351500,1951-03-17,A,58.332703996
4186,USGS,01351500,1951-03-18,A,48.704976152
4187,USGS,01351500,1951-03-19,A,46.156459958
4188,USGS,01351500,1951-03-20,A,79.28717048
4189,USGS,01351500,1951-03-21,A,84.66737133400001
4190,USGS,01351500,1951-03-22,A,72.491127296
4191,USGS,01351500,1951-03-23,A,56.067356268000005
4192,USGS,01351500,1951-03-24,A,139.602053738
4193,USGS,01351500,1951-03-25,A,154.043645504
4194,USGS,01351500,1951-03-26,A,85.516876732
4195,USGS,01351500,1951-03-27,A,61.164388656
4196,USGS,01351500,1951-03-28,A,62.580230986000004
4197,USGS,01351500,1951-03-29,A,89.481235256
4198,USGS,01351500,1951-03-30,A,198.501094666
4199,USGS,01351500,1951-03-31,A,733.40632694
4200,USGS,01351500,1951-04-01,A,267.027863438
4201,USGS,01351500,1951-04-02,A,163.954541814
4202,USGS,01351500,1951-04-03,A,147.813939252
4203,USGS,01351500,1951-04-04,A,141.017896068
4204,USGS,01351500,1951-04-05,A,137.903042942
4205,USGS,01351500,1951-04-06,A,113.550554866
4206,USGS,01351500,1951-04-07,A,104.205995488
4207,USGS,01351500,1951-04-08,A,88.914898324
4208,USGS,01351500,1951-04-09,A,77.87132815
4209,USGS,01351500,1951-04-10,A,74.756475024
4210,USGS,01351500,1951-04-11,A,95.710941508
4211,USGS,01351500,1951-04-12,A,91.746582984
4212,USGS,01351500,1951-04-13,A,137.903042942
4213,USGS,01351500,1951-04-14,A,149.512950048
4214,USGS,01351500,1951-04-15,A,107.037680148
4215,USGS,01351500,1951-04-16,A,83.817865936
4216,USGS,01351500,1951-04-17,A,70.7921165
4217,USGS,01351500,1951-04-18,A,63.996073316
4218,USGS,01351500,1951-04-19,A,55.501019336
4219,USGS,01351500,1951-04-20,A,50.120818482000004
4220,USGS,01351500,1951-04-21,A,42.4752699
4221,USGS,01351500,1951-04-22,A,37.661405978
4222,USGS,01351500,1951-04-23,A,37.095069046
4223,USGS,01351500,1951-04-24,A,41.908932968
4224,USGS,01351500,1951-04-25,A,40.493090638
4225,USGS,01351500,1951-04-26,A,41.059427570000004
4226,USGS,01351500,1951-04-27,A,38.22774291
4227,USGS,01351500,1951-04-28,A,35.39605825
4228,USGS,01351500,1951-04-29,A,33.697047454
4229,USGS,01351500,1951-04-30,A,32.281205124
4230,USGS,01351500,1951-05-01,A,29.449520464000003
4231,USGS,01351500,1951-05-02,A,26.108132565200002
4232,USGS,01351500,1951-05-03,A,23.361398445
4233,USGS,01351500,1951-05-04,A,21.096050717
4234,USGS,01351500,1951-05-05,A,18.972287222000002
4235,USGS,01351500,1951-05-06,A,12.9691157428
4236,USGS,01351500,1951-05-07,A,9.684361537200001
4237,USGS,01351500,1951-05-08,A,8.126934974200001
4238,USGS,01351500,1951-05-09,A,7.6172317354
4239,USGS,01351500,1951-05-10,A,6.909310570400001
4240,USGS,01351500,1951-05-11,A,7.5889148888
4241,USGS,01351500,1951-05-12,A,16.9334742668
4242,USGS,01351500,1951-05-13,A,15.291097164
4243,USGS,01351500,1951-05-14,A,11.32673864
4244,USGS,01351500,1951-05-15,A,9.1746582984
4245,USGS,01351500,1951-05-16,A,8.126934974200001
4246,USGS,01351500,1951-05-17,A,7.1075284966000005
4247,USGS,01351500,1951-05-18,A,6.909310570400001
4248,USGS,01351500,1951-05-19,A,6.512874718
4249,USGS,01351500,1951-05-20,A,6.1164388656
4250,USGS,01351500,1951-05-21,A,5.9182209394
4251,USGS,01351500,1951-05-22,A,6.512874718
4252,USGS,01351500,1951-05-23,A,6.1164388656
4253,USGS,01351500,1951-05-24,A,5.3235671608
4254,USGS,01351500,1951-05-25,A,5.1253492346
4255,USGS,01351500,1951-05-26,A,4.8421807686000005
4256,USGS,01351500,1951-05-27,A,4.8421807686000005
4257,USGS,01351500,1951-05-28,A,7.362380116000001
4258,USGS,01351500,1951-05-29,A,8.126934974200001
4259,USGS,01351500,1951-05-30,A,6.7110926442
4260,USGS,01351500,1951-05-31,A,6.909310570400001
4261,USGS,01351500,1951-06-01,A,6.909310570400001
4262,USGS,01351500,1951-06-02,A,5.3235671608
4263,USGS,01351500,1951-06-03,A,4.530695456
4264,USGS,01351500,1951-06-04,A,4.105942757
4265,USGS,01351500,1951-06-05,A,3.9360416774
4266,USGS,01351500,1951-06-06,A,3.6528732114
4267,USGS,01351500,1951-06-07,A,3.2281205124000003
4268,USGS,01351500,1951-06-08,A,2.8033678134
4269,USGS,01351500,1951-06-09,A,2.6051498872
4270,USGS,01351500,1951-06-10,A,2.3502982678
4271,USGS,01351500,1951-06-11,A,2.1803971882
4272,USGS,01351500,1951-06-12,A,2.0954466484000003
4273,USGS,01351500,1951-06-13,A,2.0954466484000003
4274,USGS,01351500,1951-06-14,A,2.6051498872
4275,USGS,01351500,1951-06-15,A,4.24752699
4276,USGS,01351500,1951-06-16,A,6.3146567918
4277,USGS,01351500,1951-06-17,A,5.3235671608
4278,USGS,01351500,1951-06-18,A,4.24752699
4279,USGS,01351500,1951-06-19,A,3.6528732114
4280,USGS,01351500,1951-06-20,A,3.539605825
4281,USGS,01351500,1951-06-21,A,3.2281205124000003
4282,USGS,01351500,1951-06-22,A,2.7184172736
4283,USGS,01351500,1951-06-23,A,2.9166351998
4284,USGS,01351500,1951-06-24,A,3.6528732114
4285,USGS,01351500,1951-06-25,A,6.512874718
4286,USGS,01351500,1951-06-26,A,6.7110926442
4287,USGS,01351500,1951-06-27,A,5.9182209394
4288,USGS,01351500,1951-06-28,A,4.105942757
4289,USGS,01351500,1951-06-29,A,5.4368345472
4290,USGS,01351500,1951-06-30,A,16.848523727
4291,USGS,01351500,1951-07-01,A,22.4552593538
4292,USGS,01351500,1951-07-02,A,18.547534523
4293,USGS,01351500,1951-07-03,A,11.9780261118
4294,USGS,01351500,1951-07-04,A,8.381786593600001
4295,USGS,01351500,1951-07-05,A,6.7110926442
4296,USGS,01351500,1951-07-06,A,15.5176319368
4297,USGS,01351500,1951-07-07,A,15.9707014824
4298,USGS,01351500,1951-07-08,A,9.4295099178
4299,USGS,01351500,1951-07-09,A,6.909310570400001
4300,USGS,01351500,1951-07-10,A,5.7200030132
4301,USGS,01351500,1951-07-11,A,4.672279689
4302,USGS,01351500,1951-07-12,A,7.1075284966000005
4303,USGS,01351500,1951-07-13,A,23.8144679906
4304,USGS,01351500,1951-07-14,A,14.5265423058
4305,USGS,01351500,1951-07-15,A,8.6649550596
4306,USGS,01351500,1951-07-16,A,6.7110926442
4307,USGS,01351500,1951-07-17,A,5.9182209394
4308,USGS,01351500,1951-07-18,A,11.1568375604
4309,USGS,01351500,1951-07-19,A,22.1154571946
4310,USGS,01351500,1951-07-20,A,41.625764502
4311,USGS,01351500,1951-07-21,A,21.096050717
4312,USGS,01351500,1951-07-22,A,14.1301064534
4313,USGS,01351500,1951-07-23,A,12.317828271
4314,USGS,01351500,1951-07-24,A,10.0241636964
4315,USGS,01351500,1951-07-25,A,7.8720833548
4316,USGS,01351500,1951-07-26,A,6.512874718
4317,USGS,01351500,1951-07-27,A,5.5217850870000005
4318,USGS,01351500,1951-07-28,A,5.1253492346
4319,USGS,01351500,1951-07-29,A,9.061390912
4320,USGS,01351500,1951-07-30,A,7.8720833548
4321,USGS,01351500,1951-07-31,A,5.5217850870000005
4322,USGS,01351500,1951-08-01,A,5.6067356268
4323,USGS,01351500,1951-08-02,A,4.9837650016
4324,USGS,01351500,1951-08-03,A,4.8421807686000005
4325,USGS,01351500,1951-08-04,A,9.684361537200001
4326,USGS,01351500,1951-08-05,A,5.9182209394
4327,USGS,01351500,1951-08-06,A,3.9360416774
4328,USGS,01351500,1951-08-07,A,3.114853126
4329,USGS,01351500,1951-08-08,A,2.7184172736
4330,USGS,01351500,1951-08-09,A,2.4352488076
4331,USGS,01351500,1951-08-10,A,2.4352488076
4332,USGS,01351500,1951-08-11,A,2.265347728
4333,USGS,01351500,1951-08-12,A,2.0104961086
4334,USGS,01351500,1951-08-13,A,1.9255455688
4335,USGS,01351500,1951-08-14,A,1.9255455688
4336,USGS,01351500,1951-08-15,A,2.0954466484000003
4337,USGS,01351500,1951-08-16,A,7.1641621898
4338,USGS,01351500,1951-08-17,A,19.7651589268
4339,USGS,01351500,1951-08-18,A,9.684361537200001
4340,USGS,01351500,1951-08-19,A,5.5217850870000005
4341,USGS,01351500,1951-08-20,A,4.105942757
4342,USGS,01351500,1951-08-21,A,3.3413878988
4343,USGS,01351500,1951-08-22,A,3.7944574444
4344,USGS,01351500,1951-08-23,A,3.6528732114
4345,USGS,01351500,1951-08-24,A,3.0299025862
4346,USGS,01351500,1951-08-25,A,2.6051498872
4347,USGS,01351500,1951-08-26,A,2.265347728
4348,USGS,01351500,1951-08-27,A,2.0104961086
4349,USGS,01351500,1951-08-28,A,1.7556444892
4350,USGS,01351500,1951-08-29,A,1.6140602562000002
4351,USGS,01351500,1951-08-30,A,1.4441591766
4352,USGS,01351500,1951-08-31,A,1.3025749436
4353,USGS,01351500,1951-09-01,A,1.2459412504
4354,USGS,01351500,1951-09-02,A,6.1164388656
4355,USGS,01351500,1951-09-03,A,16.4520878746
4356,USGS,01351500,1951-09-04,A,10.0241636964
4357,USGS,01351500,1951-09-05,A,6.1164388656
4358,USGS,01351500,1951-09-06,A,4.530695456
4359,USGS,01351500,1951-09-07,A,4.24752699
4360,USGS,01351500,1951-09-08,A,3.9360416774
4361,USGS,01351500,1951-09-09,A,3.539605825
4362,USGS,01351500,1951-09-10,A,3.0299025862
4363,USGS,01351500,1951-09-11,A,2.5201993474
4364,USGS,01351500,1951-09-12,A,2.265347728
4365,USGS,01351500,1951-09-13,A,2.0954466484000003
4366,USGS,01351500,1951-09-14,A,2.0954466484000003
4367,USGS,01351500,1951-09-15,A,4.7855470754
4368,USGS,01351500,1951-09-16,A,7.362380116000001
4369,USGS,01351500,1951-09-17,A,5.3235671608
4370,USGS,01351500,1951-09-18,A,3.9360416774
4371,USGS,01351500,1951-09-19,A,3.2281205124000003
4372,USGS,01351500,1951-09-20,A,2.7184172736
4373,USGS,01351500,1951-09-21,A,2.4352488076
4374,USGS,01351500,1951-09-22,A,2.0954466484000003
4375,USGS,01351500,1951-09-23,A,1.8405950290000002
4376,USGS,01351500,1951-09-24,A,1.557426563
4377,USGS,01351500,1951-09-25,A,1.6140602562000002
4378,USGS,01351500,1951-09-26,A,1.7556444892
4379,USGS,01351500,1951-09-27,A,1.9255455688
4380,USGS,01351500,1951-09-28,A,2.0954466484000003
4381,USGS,01351500,1951-09-29,A,1.8405950290000002
4382,USGS,01351500,1951-09-30,A,1.6140602562000002
4383,USGS,01351500,1951-10-01,A,1.557426563
4384,USGS,01351500,1951-10-02,A,1.5007928698000002
4385,USGS,01351500,1951-10-03,A,1.4441591766
4386,USGS,01351500,1951-10-04,A,1.3875254834000001
4387,USGS,01351500,1951-10-05,A,1.3592086368
4388,USGS,01351500,1951-10-06,A,1.3025749436
4389,USGS,01351500,1951-10-07,A,1.7556444892
4390,USGS,01351500,1951-10-08,A,15.9140677892
4391,USGS,01351500,1951-10-09,A,14.6964433854
4392,USGS,01351500,1951-10-10,A,7.8720833548
4393,USGS,01351500,1951-10-11,A,8.2685192072
4394,USGS,01351500,1951-10-12,A,41.059427570000004
4395,USGS,01351500,1951-10-13,A,24.352488076
4396,USGS,01351500,1951-10-14,A,13.6770369078
4397,USGS,01351500,1951-10-15,A,10.0241636964
4398,USGS,01351500,1951-10-16,A,8.381786593600001
4399,USGS,01351500,1951-10-17,A,7.1075284966000005
4400,USGS,01351500,1951-10-18,A,6.3146567918
4401,USGS,01351500,1951-10-19,A,5.5217850870000005
4402,USGS,01351500,1951-10-20,A,5.1253492346
4403,USGS,01351500,1951-10-21,A,4.8421807686000005
4404,USGS,01351500,1951-10-22,A,4.530695456
4405,USGS,01351500,1951-10-23,A,4.3891112230000005
4406,USGS,01351500,1951-10-24,A,6.3429736384
4407,USGS,01351500,1951-10-25,A,39.360416774
4408,USGS,01351500,1951-10-26,A,25.48516194
4409,USGS,01351500,1951-10-27,A,16.0839688688
4410,USGS,01351500,1951-10-28,A,12.6293135836
4411,USGS,01351500,1951-10-29,A,12.9691157428
4412,USGS,01351500,1951-10-30,A,12.6293135836
4413,USGS,01351500,1951-10-31,A,10.6754511682
4414,USGS,01351500,1951-11-01,A,9.684361537200001
4415,USGS,01351500,1951-11-02,A,10.335649009
4416,USGS,01351500,1951-11-03,A,73.906969626
4417,USGS,01351500,1951-11-04,A,79.00400201400001
4418,USGS,01351500,1951-11-05,A,43.891112230000005
4419,USGS,01351500,1951-11-06,A,31.714868192
4420,USGS,01351500,1951-11-07,A,86.932719062
4421,USGS,01351500,1951-11-08,A,234.18032138200002
4422,USGS,01351500,1951-11-09,A,88.34856139200001
4423,USGS,01351500,1951-11-10,A,56.067356268000005
4424,USGS,01351500,1951-11-11,A,43.607943764
4425,USGS,01351500,1951-11-12,A,36.528732114
4426,USGS,01351500,1951-11-13,A,31.148531260000002
4427,USGS,01351500,1951-11-14,A,28.0903118272
4428,USGS,01351500,1951-11-15,A,34.829721318000004
4429,USGS,01351500,1951-11-16,A,30.865362794
4430,USGS,01351500,1951-11-17,A,34.263384386
4431,USGS,01351500,1951-11-18,A,27.127539042800002
4432,USGS,01351500,1951-11-19,A,22.9083288994
4433,USGS,01351500,1951-11-20,A,18.972287222000002
4434,USGS,01351500,1951-11-21,A,14.724760232000001
4435,USGS,01351500,1951-11-22,A,14.1584233
4436,USGS,01351500,1951-11-23,A,18.6608019094
4437,USGS,01351500,1951-11-24,A,43.891112230000005
4438,USGS,01351500,1951-11-25,A,39.077248308
4439,USGS,01351500,1951-11-26,A,28.3168466
4440,USGS,01351500,1951-11-27,A,26.617835804000002
4441,USGS,01351500,1951-11-28,A,17.556444892000002
4442,USGS,01351500,1951-11-29,A,19.82179262
4443,USGS,01351500,1951-11-30,A,18.972287222000002
4444,USGS,01351500,1951-12-01,A,19.397039921
4445,USGS,01351500,1951-12-02,A,24.7206070818
4446,USGS,01351500,1951-12-03,A,23.361398445
4447,USGS,01351500,1951-12-04,A,19.82179262
4448,USGS,01351500,1951-12-05,A,25.0320923944
4449,USGS,01351500,1951-12-06,A,36.528732114
4450,USGS,01351500,1951-12-07,A,28.0903118272
4451,USGS,01351500,1951-12-08,A,29.449520464000003
4452,USGS,01351500,1951-12-09,A,42.758438366
4453,USGS,01351500,1951-12-10,A,60.598051724
4454,USGS,01351500,1951-12-11,A,43.041606832
4455,USGS,01351500,1951-12-12,A,35.962395182
4456,USGS,01351500,1951-12-13,A,28.0903118272
4457,USGS,01351500,1951-12-14,A,20.954466484
4458,USGS,01351500,1951-12-15,A,21.520803416
4459,USGS,01351500,1951-12-16,A,19.82179262
4460,USGS,01351500,1951-12-17,A,18.689118756
4461,USGS,01351500,1951-12-18,A,19.255455688
4462,USGS,01351500,1951-12-19,A,18.689118756
4463,USGS,01351500,1951-12-20,A,16.99010796
4464,USGS,01351500,1951-12-21,A,50.97032388
4465,USGS,01351500,1951-12-22,A,198.2179262
4466,USGS,01351500,1951-12-23,A,82.402023606
4467,USGS,01351500,1951-12-24,A,56.6336932
4468,USGS,01351500,1951-12-25,A,39.64358524
4469,USGS,01351500,1951-12-26,A,32.281205124
4470,USGS,01351500,1951-12-27,A,28.3168466
4471,USGS,01351500,1951-12-28,A,22.65347728
4472,USGS,01351500,1951-12-29,A,28.3168466
4473,USGS,01351500,1951-12-30,A,35.679226716
4474,USGS,01351500,1951-12-31,A,92.02975145
4475,USGS,01351500,1952-01-01,A,135.92086368
4476,USGS,01351500,1952-01-02,A,183.493165968
4477,USGS,01351500,1952-01-03,A,106.47134321600001
4478,USGS,01351500,1952-01-04,A,69.942611102
4479,USGS,01351500,1952-01-05,A,60.314883258
4480,USGS,01351500,1952-01-06,A,38.22774291
4481,USGS,01351500,1952-01-07,A,31.148531260000002
4482,USGS,01351500,1952-01-08,A,27.184172736
4483,USGS,01351500,1952-01-09,A,27.184172736
4484,USGS,01351500,1952-01-10,A,24.918825008
4485,USGS,01351500,1952-01-11,A,21.520803416
4486,USGS,01351500,1952-01-12,A,22.65347728
4487,USGS,01351500,1952-01-13,A,22.0021898082
4488,USGS,01351500,1952-01-14,A,19.82179262
4489,USGS,01351500,1952-01-15,A,41.059427570000004
4490,USGS,01351500,1952-01-16,A,86.083213664
4491,USGS,01351500,1952-01-17,A,48.988144618
4492,USGS,01351500,1952-01-18,A,93.728762246
4493,USGS,01351500,1952-01-19,A,77.021822752
4494,USGS,01351500,1952-01-20,A,54.651513938
4495,USGS,01351500,1952-01-21,A,51.536660812
4496,USGS,01351500,1952-01-22,A,25.48516194
4497,USGS,01351500,1952-01-23,A,41.059427570000004
4498,USGS,01351500,1952-01-24,A,50.97032388
4499,USGS,01351500,1952-01-25,A,25.48516194
4500,USGS,01351500,1952-01-26,A,53.80200854
4501,USGS,01351500,1952-01-27,A,226.5347728
4502,USGS,01351500,1952-01-28,A,134.788189816
4503,USGS,01351500,1952-01-29,A,70.7921165
4504,USGS,01351500,1952-01-30,A,38.22774291
4505,USGS,01351500,1952-01-31,A,35.112889784000004
4506,USGS,01351500,1952-02-01,A,38.22774291
4507,USGS,01351500,1952-02-02,A,58.04953553
4508,USGS,01351500,1952-02-03,A,56.350524734000004
4509,USGS,01351500,1952-02-04,A,56.350524734000004
4510,USGS,01351500,1952-02-05,A,117.231744924
4511,USGS,01351500,1952-02-06,A,74.756475024
4512,USGS,01351500,1952-02-07,A,54.651513938
4513,USGS,01351500,1952-02-08,A,44.174280696000004
4514,USGS,01351500,1952-02-09,A,45.023786094
4515,USGS,01351500,1952-02-10,A,39.360416774
4516,USGS,01351500,1952-02-11,A,38.22774291
4517,USGS,01351500,1952-02-12,A,35.39605825
4518,USGS,01351500,1952-02-13,A,22.65347728
4519,USGS,01351500,1952-02-14,A,21.520803416
4520,USGS,01351500,1952-02-15,A,21.520803416
4521,USGS,01351500,1952-02-16,A,20.388129552000002
4522,USGS,01351500,1952-02-17,A,19.255455688
4523,USGS,01351500,1952-02-18,A,18.122781824
4524,USGS,01351500,1952-02-19,A,16.423771028
4525,USGS,01351500,1952-02-20,A,14.724760232000001
4526,USGS,01351500,1952-02-21,A,12.74258097
4527,USGS,01351500,1952-02-22,A,11.043570174000001
4528,USGS,01351500,1952-02-23,A,9.627727844
4529,USGS,01351500,1952-02-24,A,8.49505398
4530,USGS,01351500,1952-02-25,A,7.928717048
4531,USGS,01351500,1952-02-26,A,7.928717048
4532,USGS,01351500,1952-02-27,A,7.928717048
4533,USGS,01351500,1952-02-28,A,7.645548582
4534,USGS,01351500,1952-02-29,A,7.362380116000001
4535,USGS,01351500,1952-03-01,A,7.362380116000001
4536,USGS,01351500,1952-03-02,A,7.07921165
4537,USGS,01351500,1952-03-03,A,6.6544589510000005
4538,USGS,01351500,1952-03-04,A,6.371290485
4539,USGS,01351500,1952-03-05,A,6.6544589510000005
4540,USGS,01351500,1952-03-06,A,7.07921165
4541,USGS,01351500,1952-03-07,A,6.6544589510000005
4542,USGS,01351500,1952-03-08,A,6.371290485
4543,USGS,01351500,1952-03-09,A,6.088122019
4544,USGS,01351500,1952-03-10,A,6.088122019
4545,USGS,01351500,1952-03-11,A,33.98021592
4546,USGS,01351500,1952-03-12,A,123.744619642
4547,USGS,01351500,1952-03-13,A,74.756475024
4548,USGS,01351500,1952-03-14,A,47.005965356000004
4549,USGS,01351500,1952-03-15,A,30.582194328
4550,USGS,01351500,1952-03-16,A,23.786151144
4551,USGS,01351500,1952-03-17,A,22.200407734400002
4552,USGS,01351500,1952-03-18,A,28.600015066
4553,USGS,01351500,1952-03-19,A,30.582194328
4554,USGS,01351500,1952-03-20,A,27.042588503
4555,USGS,01351500,1952-03-21,A,50.403986948000004
4556,USGS,01351500,1952-03-22,A,108.453522478
4557,USGS,01351500,1952-03-23,A,96.27727844
4558,USGS,01351500,1952-03-24,A,143.00007533000002
4559,USGS,01351500,1952-03-25,A,142.716906864
4560,USGS,01351500,1952-03-26,A,162.82186795
4561,USGS,01351500,1952-03-27,A,218.03971882000002
4562,USGS,01351500,1952-03-28,A,169.051574202
4563,USGS,01351500,1952-03-29,A,114.400060264
4564,USGS,01351500,1952-03-30,A,97.976289236
4565,USGS,01351500,1952-03-31,A,101.657479294
4566,USGS,01351500,1952-04-01,A,123.461451176
4567,USGS,01351500,1952-04-02,A,297.3268893
4568,USGS,01351500,1952-04-03,A,271.275390428
4569,USGS,01351500,1952-04-04,A,168.202068804
4570,USGS,01351500,1952-04-05,A,220.021898082
4571,USGS,01351500,1952-04-06,A,603.14883258
4572,USGS,01351500,1952-04-07,A,234.463489848
4573,USGS,01351500,1952-04-08,A,147.24760232
4574,USGS,01351500,1952-04-09,A,108.453522478
4575,USGS,01351500,1952-04-10,A,85.516876732
4576,USGS,01351500,1952-04-11,A,72.491127296
4577,USGS,01351500,1952-04-12,A,61.730725588
4578,USGS,01351500,1952-04-13,A,56.067356268000005
4579,USGS,01351500,1952-04-14,A,108.170354012
4580,USGS,01351500,1952-04-15,A,148.380276184
4581,USGS,01351500,1952-04-16,A,96.27727844
4582,USGS,01351500,1952-04-17,A,70.7921165
4583,USGS,01351500,1952-04-18,A,59.465377860000004
4584,USGS,01351500,1952-04-19,A,51.253492346
4585,USGS,01351500,1952-04-20,A,46.72279689
4586,USGS,01351500,1952-04-21,A,41.908932968
4587,USGS,01351500,1952-04-22,A,35.962395182
4588,USGS,01351500,1952-04-23,A,33.697047454
4589,USGS,01351500,1952-04-24,A,32.281205124
4590,USGS,01351500,1952-04-25,A,28.600015066
4591,USGS,01351500,1952-04-26,A,37.661405978
4592,USGS,01351500,1952-04-27,A,35.39605825
4593,USGS,01351500,1952-04-28,A,28.883183532
4594,USGS,01351500,1952-04-29,A,129.124820496
4595,USGS,01351500,1952-04-30,A,87.78222446000001
4596,USGS,01351500,1952-05-01,A,58.899040928000005
4597,USGS,01351500,1952-05-02,A,41.059427570000004
4598,USGS,01351500,1952-05-03,A,32.847542056
4599,USGS,01351500,1952-05-04,A,27.127539042800002
4600,USGS,01351500,1952-05-05,A,23.361398445
4601,USGS,01351500,1952-05-06,A,18.40595029
4602,USGS,01351500,1952-05-07,A,13.733670601
4603,USGS,01351500,1952-05-08,A,11.9780261118
4604,USGS,01351500,1952-05-09,A,10.6754511682
4605,USGS,01351500,1952-05-10,A,9.684361537200001
4606,USGS,01351500,1952-05-11,A,11.0152533274
4607,USGS,01351500,1952-05-12,A,142.150569932
4608,USGS,01351500,1952-05-13,A,265.612021108
4609,USGS,01351500,1952-05-14,A,129.974325894
4610,USGS,01351500,1952-05-15,A,91.746582984
4611,USGS,01351500,1952-05-16,A,83.53469747
4612,USGS,01351500,1952-05-17,A,61.730725588
4613,USGS,01351500,1952-05-18,A,56.067356268000005
4614,USGS,01351500,1952-05-19,A,52.669334676
4615,USGS,01351500,1952-05-20,A,43.041606832
4616,USGS,01351500,1952-05-21,A,49.55448155
4617,USGS,01351500,1952-05-22,A,59.465377860000004
4618,USGS,01351500,1952-05-23,A,45.873291492
4619,USGS,01351500,1952-05-24,A,37.095069046
4620,USGS,01351500,1952-05-25,A,44.740617628
4621,USGS,01351500,1952-05-26,A,71.641621898
4622,USGS,01351500,1952-05-27,A,55.784187802
4623,USGS,01351500,1952-05-28,A,42.4752699
4624,USGS,01351500,1952-05-29,A,36.528732114
4625,USGS,01351500,1952-05-30,A,35.962395182
4626,USGS,01351500,1952-05-31,A,32.281205124
4627,USGS,01351500,1952-06-01,A,56.6336932
4628,USGS,01351500,1952-06-02,A,218.03971882000002
4629,USGS,01351500,1952-06-03,A,105.90500628400001
4630,USGS,01351500,1952-06-04,A,69.093105704
4631,USGS,01351500,1952-06-05,A,73.340632694
4632,USGS,01351500,1952-06-06,A,56.6336932
4633,USGS,01351500,1952-06-07,A,64.845578714
4634,USGS,01351500,1952-06-08,A,51.253492346
4635,USGS,01351500,1952-06-09,A,38.794079842
4636,USGS,01351500,1952-06-10,A,37.095069046
4637,USGS,01351500,1952-06-11,A,29.449520464000003
4638,USGS,01351500,1952-06-12,A,25.1736766274
4639,USGS,01351500,1952-06-13,A,22.0021898082
4640,USGS,01351500,1952-06-14,A,18.547534523
4641,USGS,01351500,1952-06-15,A,16.0839688688
4642,USGS,01351500,1952-06-16,A,13.733670601
4643,USGS,01351500,1952-06-17,A,11.32673864
4644,USGS,01351500,1952-06-18,A,8.6649550596
4645,USGS,01351500,1952-06-19,A,8.126934974200001
4646,USGS,01351500,1952-06-20,A,6.3146567918
4647,USGS,01351500,1952-06-21,A,5.5217850870000005
4648,USGS,01351500,1952-06-22,A,4.8421807686000005
4649,USGS,01351500,1952-06-23,A,4.530695456
4650,USGS,01351500,1952-06-24,A,4.3891112230000005
4651,USGS,01351500,1952-06-25,A,4.105942757
4652,USGS,01351500,1952-06-26,A,3.539605825
4653,USGS,01351500,1952-06-27,A,3.539605825
4654,USGS,01351500,1952-06-28,A,3.3413878988
4655,USGS,01351500,1952-06-29,A,3.2281205124000003
4656,USGS,01351500,1952-06-30,A,3.2281205124000003
4657,USGS,01351500,1952-07-01,A,3.2281205124000003
4658,USGS,01351500,1952-07-02,A,3.0299025862
4659,USGS,01351500,1952-07-03,A,2.5201993474
4660,USGS,01351500,1952-07-04,A,2.265347728
4661,USGS,01351500,1952-07-05,A,2.0954466484000003
4662,USGS,01351500,1952-07-06,A,1.8405950290000002
4663,USGS,01351500,1952-07-07,A,1.6706939494
4664,USGS,01351500,1952-07-08,A,1.557426563
4665,USGS,01351500,1952-07-09,A,1.6140602562000002
4666,USGS,01351500,1952-07-10,A,5.6916861666
4667,USGS,01351500,1952-07-11,A,21.6340708024
4668,USGS,01351500,1952-07-12,A,9.8259457702
4669,USGS,01351500,1952-07-13,A,6.371290485
4670,USGS,01351500,1952-07-14,A,4.672279689
4671,USGS,01351500,1952-07-15,A,3.7095069046
4672,USGS,01351500,1952-07-16,A,2.973268893
4673,USGS,01351500,1952-07-17,A,2.5201993474
4674,USGS,01351500,1952-07-18,A,2.2370308814
4675,USGS,01351500,1952-07-19,A,1.9255455688
4676,USGS,01351500,1952-07-20,A,1.8405950290000002
4677,USGS,01351500,1952-07-21,A,1.8405950290000002
4678,USGS,01351500,1952-07-22,A,2.123763495
4679,USGS,01351500,1952-07-23,A,3.398021592
4680,USGS,01351500,1952-07-24,A,2.8883183532
4681,USGS,01351500,1952-07-25,A,3.4546552852000003
4682,USGS,01351500,1952-07-26,A,2.8883183532
4683,USGS,01351500,1952-07-27,A,2.6051498872
4684,USGS,01351500,1952-07-28,A,2.2370308814
4685,USGS,01351500,1952-07-29,A,1.9255455688
4686,USGS,01351500,1952-07-30,A,1.6423771028
4687,USGS,01351500,1952-07-31,A,1.41584233
4688,USGS,01351500,1952-08-01,A,1.2742580970000001
4689,USGS,01351500,1952-08-02,A,1.1893075572
4690,USGS,01351500,1952-08-03,A,1.0760401708
4691,USGS,01351500,1952-08-04,A,1.0194064776
4692,USGS,01351500,1952-08-05,A,1.1893075572
4693,USGS,01351500,1952-08-06,A,1.132673864
4694,USGS,01351500,1952-08-07,A,1.0194064776
4695,USGS,01351500,1952-08-08,A,1.0760401708
4696,USGS,01351500,1952-08-09,A,1.0760401708
4697,USGS,01351500,1952-08-10,A,1.1893075572
4698,USGS,01351500,1952-08-11,A,1.41584233
4699,USGS,01351500,1952-08-12,A,1.982179262
4700,USGS,01351500,1952-08-13,A,2.3502982678
4701,USGS,01351500,1952-08-14,A,2.3502982678
4702,USGS,01351500,1952-08-15,A,1.982179262
4703,USGS,01351500,1952-08-16,A,1.699010796
4704,USGS,01351500,1952-08-17,A,1.557426563
4705,USGS,01351500,1952-08-18,A,1.557426563
4706,USGS,01351500,1952-08-19,A,1.557426563
4707,USGS,01351500,1952-08-20,A,1.4724760232
4708,USGS,01351500,1952-08-21,A,1.2742580970000001
4709,USGS,01351500,1952-08-22,A,1.1893075572
4710,USGS,01351500,1952-08-23,A,1.0194064776
4711,USGS,01351500,1952-08-24,A,0.8778222446
4712,USGS,01351500,1952-08-25,A,0.8211885514
4713,USGS,01351500,1952-08-26,A,0.7645548582
4714,USGS,01351500,1952-08-27,A,0.6796043184
4715,USGS,01351500,1952-08-28,A,0.6229706252
4716,USGS,01351500,1952-08-29,A,0.5946537786
4717,USGS,01351500,1952-08-30,A,0.5097032388
4718,USGS,01351500,1952-08-31,A,0.4813863922
4719,USGS,01351500,1952-09-01,A,0.7928717048
4720,USGS,01351500,1952-09-02,A,14.724760232000001
4721,USGS,01351500,1952-09-03,A,13.761987447600001
4722,USGS,01351500,1952-09-04,A,8.8065392926
4723,USGS,01351500,1952-09-05,A,5.9748546326000005
4724,USGS,01351500,1952-09-06,A,4.5023786094
4725,USGS,01351500,1952-09-07,A,3.3413878988
4726,USGS,01351500,1952-09-08,A,2.690100427
4727,USGS,01351500,1952-09-09,A,2.3502982678
4728,USGS,01351500,1952-09-10,A,2.0671298018
4729,USGS,01351500,1952-09-11,A,1.8405950290000002
4730,USGS,01351500,1952-09-12,A,1.699010796
4731,USGS,01351500,1952-09-13,A,1.4724760232
4732,USGS,01351500,1952-09-14,A,1.3308917902
4733,USGS,01351500,1952-09-15,A,1.2459412504
4734,USGS,01351500,1952-09-16,A,1.2742580970000001
4735,USGS,01351500,1952-09-17,A,1.2742580970000001
4736,USGS,01351500,1952-09-18,A,1.2459412504
4737,USGS,01351500,1952-09-19,A,1.2459412504
4738,USGS,01351500,1952-09-20,A,1.2459412504
4739,USGS,01351500,1952-09-21,A,1.1893075572
4740,USGS,01351500,1952-09-22,A,1.132673864
4741,USGS,01351500,1952-09-23,A,1.0760401708
4742,USGS,01351500,1952-09-24,A,1.0194064776
4743,USGS,01351500,1952-09-25,A,0.991089631
4744,USGS,01351500,1952-09-26,A,0.8778222446
4745,USGS,01351500,1952-09-27,A,0.8211885514
4746,USGS,01351500,1952-09-28,A,0.7645548582
4747,USGS,01351500,1952-09-29,A,0.7362380116
4748,USGS,01351500,1952-09-30,A,0.6796043184
4749,USGS,01351500,1952-10-01,A,0.6512874718
4750,USGS,01351500,1952-10-02,A,0.6512874718
4751,USGS,01351500,1952-10-03,A,0.7928717048
4752,USGS,01351500,1952-10-04,A,0.8778222446
4753,USGS,01351500,1952-10-05,A,1.3308917902
4754,USGS,01351500,1952-10-06,A,1.4724760232
4755,USGS,01351500,1952-10-07,A,1.41584233
4756,USGS,01351500,1952-10-08,A,1.3308917902
4757,USGS,01351500,1952-10-09,A,1.3308917902
4758,USGS,01351500,1952-10-10,A,1.1893075572
4759,USGS,01351500,1952-10-11,A,1.0760401708
4760,USGS,01351500,1952-10-12,A,1.0194064776
4761,USGS,01351500,1952-10-13,A,1.0194064776
4762,USGS,01351500,1952-10-14,A,0.991089631
4763,USGS,01351500,1952-10-15,A,0.8211885514
4764,USGS,01351500,1952-10-16,A,0.7645548582
4765,USGS,01351500,1952-10-17,A,0.6512874718
4766,USGS,01351500,1952-10-18,A,0.6229706252
4767,USGS,01351500,1952-10-19,A,0.6512874718
4768,USGS,01351500,1952-10-20,A,0.6512874718
4769,USGS,01351500,1952-10-21,A,0.5946537786
4770,USGS,01351500,1952-10-22,A,0.5946537786
4771,USGS,01351500,1952-10-23,A,0.5946537786
4772,USGS,01351500,1952-10-24,A,0.566336932
4773,USGS,01351500,1952-10-25,A,0.5380200854
4774,USGS,01351500,1952-10-26,A,0.566336932
4775,USGS,01351500,1952-10-27,A,0.6229706252
4776,USGS,01351500,1952-10-28,A,0.7362380116
4777,USGS,01351500,1952-10-29,A,0.7362380116
4778,USGS,01351500,1952-10-30,A,0.707921165
4779,USGS,01351500,1952-10-31,A,0.6796043184
4780,USGS,01351500,1952-11-01,A,0.707921165
4781,USGS,01351500,1952-11-02,A,0.7362380116
4782,USGS,01351500,1952-11-03,A,0.7362380116
4783,USGS,01351500,1952-11-04,A,0.707921165
4784,USGS,01351500,1952-11-05,A,0.7362380116
4785,USGS,01351500,1952-11-06,A,0.7645548582
4786,USGS,01351500,1952-11-07,A,0.7928717048
4787,USGS,01351500,1952-11-08,A,0.7362380116
4788,USGS,01351500,1952-11-09,A,0.7362380116
4789,USGS,01351500,1952-11-10,A,0.7645548582
4790,USGS,01351500,1952-11-11,A,0.7645548582
4791,USGS,01351500,1952-11-12,A,0.8211885514
4792,USGS,01351500,1952-11-13,A,0.7928717048
4793,USGS,01351500,1952-11-14,A,0.849505398
4794,USGS,01351500,1952-11-15,A,0.9061390912
4795,USGS,01351500,1952-11-16,A,1.132673864
4796,USGS,01351500,1952-11-17,A,1.1609907106000001
4797,USGS,01351500,1952-11-18,A,1.1609907106000001
4798,USGS,01351500,1952-11-19,A,1.3308917902
4799,USGS,01351500,1952-11-20,A,1.3308917902
4800,USGS,01351500,1952-11-21,A,1.2742580970000001
4801,USGS,01351500,1952-11-22,A,1.4724760232
4802,USGS,01351500,1952-11-23,A,5.6067356268
4803,USGS,01351500,1952-11-24,A,11.2134712536
4804,USGS,01351500,1952-11-25,A,7.3906969626
4805,USGS,01351500,1952-11-26,A,5.4651513938
4806,USGS,01351500,1952-11-27,A,4.813863922
4807,USGS,01351500,1952-11-28,A,4.0776259104
4808,USGS,01351500,1952-11-29,A,3.7095069046
4809,USGS,01351500,1952-11-30,A,3.3413878988
4810,USGS,01351500,1952-12-01,A,2.6051498872
4811,USGS,01351500,1952-12-02,A,2.265347728
4812,USGS,01351500,1952-12-03,A,2.265347728
4813,USGS,01351500,1952-12-04,A,2.1520803416
4814,USGS,01351500,1952-12-05,A,2.2936645746
4815,USGS,01351500,1952-12-06,A,3.7378237512
4816,USGS,01351500,1952-12-07,A,9.8259457702
4817,USGS,01351500,1952-12-08,A,7.5889148888
4818,USGS,01351500,1952-12-09,A,6.371290485
4819,USGS,01351500,1952-12-10,A,5.9748546326000005
4820,USGS,01351500,1952-12-11,A,96.560446906
4821,USGS,01351500,1952-12-12,A,180.944649774
4822,USGS,01351500,1952-12-13,A,69.093105704
4823,USGS,01351500,1952-12-14,A,84.66737133400001
4824,USGS,01351500,1952-12-15,A,57.483198598
4825,USGS,01351500,1952-12-16,A,37.095069046
4826,USGS,01351500,1952-12-17,A,25.1736766274
4827,USGS,01351500,1952-12-18,A,19.878426313200002
4828,USGS,01351500,1952-12-19,A,14.1584233
4829,USGS,01351500,1952-12-20,A,11.043570174000001
4830,USGS,01351500,1952-12-21,A,10.335649009
4831,USGS,01351500,1952-12-22,A,10.335649009
4832,USGS,01351500,1952-12-23,A,10.0807973896
4833,USGS,01351500,1952-12-24,A,10.335649009
4834,USGS,01351500,1952-12-25,A,13.818621140800001
4835,USGS,01351500,1952-12-26,A,13.818621140800001
4836,USGS,01351500,1952-12-27,A,11.609907106
4837,USGS,01351500,1952-12-28,A,5.946537786
4838,USGS,01351500,1952-12-29,A,6.229706252
4839,USGS,01351500,1952-12-30,A,7.928717048
4840,USGS,01351500,1952-12-31,A,7.07921165
4841,USGS,01351500,1953-01-01,A,6.796043184
4842,USGS,01351500,1953-01-02,A,6.512874718
4843,USGS,01351500,1953-01-03,A,7.07921165
4844,USGS,01351500,1953-01-04,A,6.796043184
4845,USGS,01351500,1953-01-05,A,5.5217850870000005
4846,USGS,01351500,1953-01-06,A,5.946537786
4847,USGS,01351500,1953-01-07,A,4.813863922
4848,USGS,01351500,1953-01-08,A,4.3891112230000005
4849,USGS,01351500,1953-01-09,A,3.4546552852000003
4850,USGS,01351500,1953-01-10,A,6.229706252
4851,USGS,01351500,1953-01-11,A,8.778222446000001
4852,USGS,01351500,1953-01-12,A,9.627727844
4853,USGS,01351500,1953-01-13,A,7.645548582
4854,USGS,01351500,1953-01-14,A,6.229706252
4855,USGS,01351500,1953-01-15,A,5.946537786
4856,USGS,01351500,1953-01-16,A,19.255455688
4857,USGS,01351500,1953-01-17,A,84.9505398
4858,USGS,01351500,1953-01-18,A,107.60401708
4859,USGS,01351500,1953-01-19,A,127.4258097
4860,USGS,01351500,1953-01-20,A,63.71290485
4861,USGS,01351500,1953-01-21,A,41.059427570000004
4862,USGS,01351500,1953-01-22,A,30.582194328
4863,USGS,01351500,1953-01-23,A,23.786151144
4864,USGS,01351500,1953-01-24,A,133.08917902000002
4865,USGS,01351500,1953-01-25,A,244.657554624
4866,USGS,01351500,1953-01-26,A,82.11885514000001
4867,USGS,01351500,1953-01-27,A,42.4752699
4868,USGS,01351500,1953-01-28,A,49.55448155
4869,USGS,01351500,1953-01-29,A,78.154496616
4870,USGS,01351500,1953-01-30,A,50.97032388
4871,USGS,01351500,1953-01-31,A,45.590123026
4872,USGS,01351500,1953-02-01,A,62.297062520000004
4873,USGS,01351500,1953-02-02,A,43.891112230000005
4874,USGS,01351500,1953-02-03,A,35.39605825
4875,USGS,01351500,1953-02-04,A,35.39605825
4876,USGS,01351500,1953-02-05,A,28.3168466
4877,USGS,01351500,1953-02-06,A,26.617835804000002
4878,USGS,01351500,1953-02-07,A,49.55448155
4879,USGS,01351500,1953-02-08,A,86.649550596
4880,USGS,01351500,1953-02-09,A,52.669334676
4881,USGS,01351500,1953-02-10,A,39.360416774
4882,USGS,01351500,1953-02-11,A,29.449520464000003
4883,USGS,01351500,1953-02-12,A,29.449520464000003
4884,USGS,01351500,1953-02-13,A,28.3168466
4885,USGS,01351500,1953-02-14,A,26.617835804000002
4886,USGS,01351500,1953-02-15,A,25.48516194
4887,USGS,01351500,1953-02-16,A,25.48516194
4888,USGS,01351500,1953-02-17,A,24.352488076
4889,USGS,01351500,1953-02-18,A,22.087140348000002
4890,USGS,01351500,1953-02-19,A,20.274862165600002
4891,USGS,01351500,1953-02-20,A,21.5491202626
4892,USGS,01351500,1953-02-21,A,189.72287222
4893,USGS,01351500,1953-02-22,A,207.279317112
4894,USGS,01351500,1953-02-23,A,90.330740654
4895,USGS,01351500,1953-02-24,A,72.491127296
4896,USGS,01351500,1953-02-25,A,64.845578714
4897,USGS,01351500,1953-02-26,A,54.085177006
4898,USGS,01351500,1953-02-27,A,50.687155414
4899,USGS,01351500,1953-02-28,A,46.72279689
4900,USGS,01351500,1953-03-01,A,33.98021592
4901,USGS,01351500,1953-03-02,A,24.918825008
4902,USGS,01351500,1953-03-03,A,23.219814212
4903,USGS,01351500,1953-03-04,A,41.059427570000004
4904,USGS,01351500,1953-03-05,A,72.491127296
4905,USGS,01351500,1953-03-06,A,42.4752699
4906,USGS,01351500,1953-03-07,A,35.112889784000004
4907,USGS,01351500,1953-03-08,A,28.3168466
4908,USGS,01351500,1953-03-09,A,24.918825008
4909,USGS,01351500,1953-03-10,A,23.219814212
4910,USGS,01351500,1953-03-11,A,19.82179262
4911,USGS,01351500,1953-03-12,A,21.096050717
4912,USGS,01351500,1953-03-13,A,27.608925435
4913,USGS,01351500,1953-03-14,A,53.235671608000004
4914,USGS,01351500,1953-03-15,A,53.235671608000004
4915,USGS,01351500,1953-03-16,A,113.550554866
4916,USGS,01351500,1953-03-17,A,112.13471253600001
4917,USGS,01351500,1953-03-18,A,73.057464228
4918,USGS,01351500,1953-03-19,A,77.87132815
4919,USGS,01351500,1953-03-20,A,103.35649009000001
4920,USGS,01351500,1953-03-21,A,76.45548582
4921,USGS,01351500,1953-03-22,A,61.730725588
4922,USGS,01351500,1953-03-23,A,55.501019336
4923,USGS,01351500,1953-03-24,A,64.279241782
4924,USGS,01351500,1953-03-25,A,181.79415517200002
4925,USGS,01351500,1953-03-26,A,282.035792136
4926,USGS,01351500,1953-03-27,A,419.08932968
4927,USGS,01351500,1953-03-28,A,286.00015066000003
4928,USGS,01351500,1953-03-29,A,162.538699484
4929,USGS,01351500,1953-03-30,A,143.849580728
4930,USGS,01351500,1953-03-31,A,174.14860659
4931,USGS,01351500,1953-04-01,A,119.497092652
4932,USGS,01351500,1953-04-02,A,101.657479294
4933,USGS,01351500,1953-04-03,A,90.047572188
4934,USGS,01351500,1953-04-04,A,72.491127296
4935,USGS,01351500,1953-04-05,A,66.261421044
4936,USGS,01351500,1953-04-06,A,58.332703996
4937,USGS,01351500,1953-04-07,A,81.55251820800001
4938,USGS,01351500,1953-04-08,A,122.328777312
4939,USGS,01351500,1953-04-09,A,85.516876732
4940,USGS,01351500,1953-04-10,A,73.906969626
4941,USGS,01351500,1953-04-11,A,80.419844344
4942,USGS,01351500,1953-04-12,A,63.996073316
4943,USGS,01351500,1953-04-13,A,65.978252578
4944,USGS,01351500,1953-04-14,A,97.976289236
4945,USGS,01351500,1953-04-15,A,70.7921165
4946,USGS,01351500,1953-04-16,A,63.996073316
4947,USGS,01351500,1953-04-17,A,70.7921165
4948,USGS,01351500,1953-04-18,A,62.580230986000004
4949,USGS,01351500,1953-04-19,A,58.899040928000005
4950,USGS,01351500,1953-04-20,A,59.465377860000004
4951,USGS,01351500,1953-04-21,A,57.483198598
4952,USGS,01351500,1953-04-22,A,50.120818482000004
4953,USGS,01351500,1953-04-23,A,43.607943764
4954,USGS,01351500,1953-04-24,A,39.360416774
4955,USGS,01351500,1953-04-25,A,35.962395182
4956,USGS,01351500,1953-04-26,A,37.661405978
4957,USGS,01351500,1953-04-27,A,108.170354012
4958,USGS,01351500,1953-04-28,A,122.328777312
4959,USGS,01351500,1953-04-29,A,81.269349742
4960,USGS,01351500,1953-04-30,A,62.580230986000004
4961,USGS,01351500,1953-05-01,A,174.714943522
4962,USGS,01351500,1953-05-02,A,237.578342974
4963,USGS,01351500,1953-05-03,A,172.73276426
4964,USGS,01351500,1953-05-04,A,121.47927191400001
4965,USGS,01351500,1953-05-05,A,126.00996737
4966,USGS,01351500,1953-05-06,A,114.68322873
4967,USGS,01351500,1953-05-07,A,83.817865936
4968,USGS,01351500,1953-05-08,A,76.45548582
4969,USGS,01351500,1953-05-09,A,110.43570174
4970,USGS,01351500,1953-05-10,A,93.162425314
4971,USGS,01351500,1953-05-11,A,66.261421044
4972,USGS,01351500,1953-05-12,A,54.651513938
4973,USGS,01351500,1953-05-13,A,87.215887528
4974,USGS,01351500,1953-05-14,A,111.568375604
4975,USGS,01351500,1953-05-15,A,82.11885514000001
4976,USGS,01351500,1953-05-16,A,88.914898324
4977,USGS,01351500,1953-05-17,A,145.83175999
4978,USGS,01351500,1953-05-18,A,128.275315098
4979,USGS,01351500,1953-05-19,A,84.66737133400001
4980,USGS,01351500,1953-05-20,A,65.411915646
4981,USGS,01351500,1953-05-21,A,52.669334676
4982,USGS,01351500,1953-05-22,A,44.740617628
4983,USGS,01351500,1953-05-23,A,39.360416774
4984,USGS,01351500,1953-05-24,A,37.661405978
4985,USGS,01351500,1953-05-25,A,30.582194328
4986,USGS,01351500,1953-05-26,A,25.1736766274
4987,USGS,01351500,1953-05-27,A,44.457449162
4988,USGS,01351500,1953-05-28,A,44.174280696000004
4989,USGS,01351500,1953-05-29,A,29.166351998
4990,USGS,01351500,1953-05-30,A,22.9083288994
4991,USGS,01351500,1953-05-31,A,23.361398445
4992,USGS,01351500,1953-06-01,A,21.096050717
4993,USGS,01351500,1953-06-02,A,16.848523727
4994,USGS,01351500,1953-06-03,A,13.733670601
4995,USGS,01351500,1953-06-04,A,10.9869364808
4996,USGS,01351500,1953-06-05,A,9.4295099178
4997,USGS,01351500,1953-06-06,A,8.381786593600001
4998,USGS,01351500,1953-06-07,A,7.1075284966000005
4999,USGS,01351500,1953-06-08,A,6.3146567918
5000,USGS,01351500,1953-06-09,A,5.9182209394
5001,USGS,01351500,1953-06-10,A,4.8421807686000005
5002,USGS,01351500,1953-06-11,A,4.3891112230000005
5003,USGS,01351500,1953-06-12,A,3.9360416774
5004,USGS,01351500,1953-06-13,A,3.6528732114
5005,USGS,01351500,1953-06-14,A,3.4546552852000003
5006,USGS,01351500,1953-06-15,A,3.3413878988
5007,USGS,01351500,1953-06-16,A,3.114853126
5008,USGS,01351500,1953-06-17,A,2.9166351998
5009,USGS,01351500,1953-06-18,A,2.6051498872
5010,USGS,01351500,1953-06-19,A,2.4352488076
5011,USGS,01351500,1953-06-20,A,2.1803971882
5012,USGS,01351500,1953-06-21,A,2.1520803416
5013,USGS,01351500,1953-06-22,A,2.0954466484000003
5014,USGS,01351500,1953-06-23,A,1.8122781824
5015,USGS,01351500,1953-06-24,A,1.5857434096
5016,USGS,01351500,1953-06-25,A,1.4724760232
5017,USGS,01351500,1953-06-26,A,1.4441591766
5018,USGS,01351500,1953-06-27,A,1.3592086368
5019,USGS,01351500,1953-06-28,A,1.4441591766
5020,USGS,01351500,1953-06-29,A,2.7467341202
5021,USGS,01351500,1953-06-30,A,4.8704976152
5022,USGS,01351500,1953-07-01,A,3.539605825
5023,USGS,01351500,1953-07-02,A,2.5485161940000003
5024,USGS,01351500,1953-07-03,A,2.0954466484000003
5025,USGS,01351500,1953-07-04,A,1.7839613358
5026,USGS,01351500,1953-07-05,A,1.7273276426000002
5027,USGS,01351500,1953-07-06,A,1.557426563
5028,USGS,01351500,1953-07-07,A,1.3875254834000001
5029,USGS,01351500,1953-07-08,A,1.2459412504
5030,USGS,01351500,1953-07-09,A,1.1043570174
5031,USGS,01351500,1953-07-10,A,1.0760401708
5032,USGS,01351500,1953-07-11,A,1.0194064776
5033,USGS,01351500,1953-07-12,A,1.0477233242000001
5034,USGS,01351500,1953-07-13,A,1.1609907106000001
5035,USGS,01351500,1953-07-14,A,1.1893075572
5036,USGS,01351500,1953-07-15,A,1.1043570174
5037,USGS,01351500,1953-07-16,A,0.9627727844
5038,USGS,01351500,1953-07-17,A,0.8778222446
5039,USGS,01351500,1953-07-18,A,0.8211885514
5040,USGS,01351500,1953-07-19,A,0.9344559378
5041,USGS,01351500,1953-07-20,A,1.0194064776
5042,USGS,01351500,1953-07-21,A,1.3025749436
5043,USGS,01351500,1953-07-22,A,1.5291097164
5044,USGS,01351500,1953-07-23,A,1.3875254834000001
5045,USGS,01351500,1953-07-24,A,1.4441591766
5046,USGS,01351500,1953-07-25,A,1.2742580970000001
5047,USGS,01351500,1953-07-26,A,1.1893075572
5048,USGS,01351500,1953-07-27,A,1.0760401708
5049,USGS,01351500,1953-07-28,A,0.8778222446
5050,USGS,01351500,1953-07-29,A,0.7645548582
5051,USGS,01351500,1953-07-30,A,0.7362380116
5052,USGS,01351500,1953-07-31,A,0.6229706252
5053,USGS,01351500,1953-08-01,A,0.5946537786
5054,USGS,01351500,1953-08-02,A,0.566336932
5055,USGS,01351500,1953-08-03,A,0.566336932
5056,USGS,01351500,1953-08-04,A,0.6796043184
5057,USGS,01351500,1953-08-05,A,0.8211885514
5058,USGS,01351500,1953-08-06,A,0.707921165
5059,USGS,01351500,1953-08-07,A,0.6512874718
5060,USGS,01351500,1953-08-08,A,0.5946537786
5061,USGS,01351500,1953-08-09,A,0.5946537786
5062,USGS,01351500,1953-08-10,A,0.7362380116
5063,USGS,01351500,1953-08-11,A,0.6229706252
5064,USGS,01351500,1953-08-12,A,0.5946537786
5065,USGS,01351500,1953-08-13,A,0.6229706252
5066,USGS,01351500,1953-08-14,A,2.2087140348
5067,USGS,01351500,1953-08-15,A,1.557426563
5068,USGS,01351500,1953-08-16,A,0.9344559378
5069,USGS,01351500,1953-08-17,A,0.9061390912
5070,USGS,01351500,1953-08-18,A,0.8211885514
5071,USGS,01351500,1953-08-19,A,0.6796043184
5072,USGS,01351500,1953-08-20,A,0.5946537786
5073,USGS,01351500,1953-08-21,A,0.5097032388
5074,USGS,01351500,1953-08-22,A,0.4530695456
5075,USGS,01351500,1953-08-23,A,0.3964358524
5076,USGS,01351500,1953-08-24,A,0.3681190058
5077,USGS,01351500,1953-08-25,A,0.3398021592
5078,USGS,01351500,1953-08-26,A,0.3398021592
5079,USGS,01351500,1953-08-27,A,0.3114853126
5080,USGS,01351500,1953-08-28,A,0.283168466
5081,USGS,01351500,1953-08-29,A,0.24918825008000003
5082,USGS,01351500,1953-08-30,A,0.22370308814
5083,USGS,01351500,1953-08-31,A,0.20671298018
5084,USGS,01351500,1953-09-01,A,0.1982179262
5085,USGS,01351500,1953-09-02,A,0.17556444892
5086,USGS,01351500,1953-09-03,A,0.17556444892
5087,USGS,01351500,1953-09-04,A,0.16706939494
5088,USGS,01351500,1953-09-05,A,0.14724760232
5089,USGS,01351500,1953-09-06,A,0.20671298018
5090,USGS,01351500,1953-09-07,A,0.26051498872
5091,USGS,01351500,1953-09-08,A,0.3681190058
5092,USGS,01351500,1953-09-09,A,0.6229706252
5093,USGS,01351500,1953-09-10,A,0.7645548582
5094,USGS,01351500,1953-09-11,A,0.8211885514
5095,USGS,01351500,1953-09-12,A,0.6796043184
5096,USGS,01351500,1953-09-13,A,0.7362380116
5097,USGS,01351500,1953-09-14,A,0.7362380116
5098,USGS,01351500,1953-09-15,A,0.7645548582
5099,USGS,01351500,1953-09-16,A,0.7645548582
5100,USGS,01351500,1953-09-17,A,0.7645548582
5101,USGS,01351500,1953-09-18,A,0.707921165
5102,USGS,01351500,1953-09-19,A,0.707921165
5103,USGS,01351500,1953-09-20,A,0.6512874718
5104,USGS,01351500,1953-09-21,A,0.6229706252
5105,USGS,01351500,1953-09-22,A,0.5380200854
5106,USGS,01351500,1953-09-23,A,0.4813863922
5107,USGS,01351500,1953-09-24,A,0.424752699
5108,USGS,01351500,1953-09-25,A,0.3964358524
5109,USGS,01351500,1953-09-26,A,0.3681190058
5110,USGS,01351500,1953-09-27,A,0.3681190058
5111,USGS,01351500,1953-09-28,A,0.3398021592
5112,USGS,01351500,1953-09-29,A,0.3114853126
5113,USGS,01351500,1953-09-30,A,0.283168466
5114,USGS,01351500,1953-10-01,A,0.27184172736
5115,USGS,01351500,1953-10-02,A,0.27184172736
5116,USGS,01351500,1953-10-03,A,0.24918825008000003
5117,USGS,01351500,1953-10-04,A,0.23219814211999998
5118,USGS,01351500,1953-10-05,A,0.22370308814
5119,USGS,01351500,1953-10-06,A,0.3398021592
5120,USGS,01351500,1953-10-07,A,0.6229706252
5121,USGS,01351500,1953-10-08,A,1.7273276426000002
5122,USGS,01351500,1953-10-09,A,2.4352488076
5123,USGS,01351500,1953-10-10,A,1.8122781824
5124,USGS,01351500,1953-10-11,A,1.41584233
5125,USGS,01351500,1953-10-12,A,1.1893075572
5126,USGS,01351500,1953-10-13,A,1.0194064776
5127,USGS,01351500,1953-10-14,A,0.8778222446
5128,USGS,01351500,1953-10-15,A,0.8211885514
5129,USGS,01351500,1953-10-16,A,0.7645548582
5130,USGS,01351500,1953-10-17,A,0.7362380116
5131,USGS,01351500,1953-10-18,A,0.6512874718
5132,USGS,01351500,1953-10-19,A,0.6229706252
5133,USGS,01351500,1953-10-20,A,0.5946537786
5134,USGS,01351500,1953-10-21,A,0.566336932
5135,USGS,01351500,1953-10-22,A,0.5380200854
5136,USGS,01351500,1953-10-23,A,0.5097032388
5137,USGS,01351500,1953-10-24,A,0.5097032388
5138,USGS,01351500,1953-10-25,A,0.5097032388
5139,USGS,01351500,1953-10-26,A,0.566336932
5140,USGS,01351500,1953-10-27,A,0.566336932
5141,USGS,01351500,1953-10-28,A,0.6796043184
5142,USGS,01351500,1953-10-29,A,0.9344559378
5143,USGS,01351500,1953-10-30,A,6.6827757976
5144,USGS,01351500,1953-10-31,A,10.0241636964
5145,USGS,01351500,1953-11-01,A,6.1164388656
5146,USGS,01351500,1953-11-02,A,4.672279689
5147,USGS,01351500,1953-11-03,A,3.7944574444
5148,USGS,01351500,1953-11-04,A,3.2281205124000003
5149,USGS,01351500,1953-11-05,A,2.9166351998
5150,USGS,01351500,1953-11-06,A,2.4918825008
5151,USGS,01351500,1953-11-07,A,2.5485161940000003
5152,USGS,01351500,1953-11-08,A,2.8033678134
5153,USGS,01351500,1953-11-09,A,3.2281205124000003
5154,USGS,01351500,1953-11-10,A,3.7944574444
5155,USGS,01351500,1953-11-11,A,5.9182209394
5156,USGS,01351500,1953-11-12,A,7.1075284966000005
5157,USGS,01351500,1953-11-13,A,7.1075284966000005
5158,USGS,01351500,1953-11-14,A,7.1075284966000005
5159,USGS,01351500,1953-11-15,A,7.1075284966000005
5160,USGS,01351500,1953-11-16,A,7.362380116000001
5161,USGS,01351500,1953-11-17,A,8.6649550596
5162,USGS,01351500,1953-11-18,A,7.8720833548
5163,USGS,01351500,1953-11-19,A,7.1075284966000005
5164,USGS,01351500,1953-11-20,A,6.512874718
5165,USGS,01351500,1953-11-21,A,5.946537786
5166,USGS,01351500,1953-11-22,A,5.5217850870000005
5167,USGS,01351500,1953-11-23,A,8.6649550596
5168,USGS,01351500,1953-11-24,A,18.547534523
5169,USGS,01351500,1953-11-25,A,13.733670601
5170,USGS,01351500,1953-11-26,A,18.547534523
5171,USGS,01351500,1953-11-27,A,16.0839688688
5172,USGS,01351500,1953-11-28,A,12.9691157428
5173,USGS,01351500,1953-11-29,A,10.9869364808
5174,USGS,01351500,1953-11-30,A,9.684361537200001
5175,USGS,01351500,1953-12-01,A,9.1746582984
5176,USGS,01351500,1953-12-02,A,8.6649550596
5177,USGS,01351500,1953-12-03,A,8.126934974200001
5178,USGS,01351500,1953-12-04,A,7.1075284966000005
5179,USGS,01351500,1953-12-05,A,7.1075284966000005
5180,USGS,01351500,1953-12-06,A,9.033074065400001
5181,USGS,01351500,1953-12-07,A,127.70897816600001
5182,USGS,01351500,1953-12-08,A,66.261421044
5183,USGS,01351500,1953-12-09,A,40.493090638
5184,USGS,01351500,1953-12-10,A,45.023786094
5185,USGS,01351500,1953-12-11,A,39.077248308
5186,USGS,01351500,1953-12-12,A,28.600015066
5187,USGS,01351500,1953-12-13,A,25.626746173
5188,USGS,01351500,1953-12-14,A,24.2675375362
5189,USGS,01351500,1953-12-15,A,34.829721318000004
5190,USGS,01351500,1953-12-16,A,29.449520464000003
5191,USGS,01351500,1953-12-17,A,18.689118756
5192,USGS,01351500,1953-12-18,A,14.724760232000001
5193,USGS,01351500,1953-12-19,A,14.724760232000001
5194,USGS,01351500,1953-12-20,A,15.857434096
5195,USGS,01351500,1953-12-21,A,16.99010796
5196,USGS,01351500,1953-12-22,A,24.7206070818
5197,USGS,01351500,1953-12-23,A,29.449520464000003
5198,USGS,01351500,1953-12-24,A,18.689118756
5199,USGS,01351500,1953-12-25,A,14.724760232000001
5200,USGS,01351500,1953-12-26,A,16.423771028
5201,USGS,01351500,1953-12-27,A,14.1584233
5202,USGS,01351500,1953-12-28,A,12.74258097
5203,USGS,01351500,1953-12-29,A,12.317828271
5204,USGS,01351500,1953-12-30,A,11.609907106
5205,USGS,01351500,1953-12-31,A,10.477233242
5206,USGS,01351500,1954-01-01,A,9.627727844
5207,USGS,01351500,1954-01-02,A,9.061390912
5208,USGS,01351500,1954-01-03,A,8.778222446000001
5209,USGS,01351500,1954-01-04,A,8.49505398
5210,USGS,01351500,1954-01-05,A,8.211885514
5211,USGS,01351500,1954-01-06,A,7.928717048
5212,USGS,01351500,1954-01-07,A,6.512874718
5213,USGS,01351500,1954-01-08,A,6.088122019
5214,USGS,01351500,1954-01-09,A,5.946537786
5215,USGS,01351500,1954-01-10,A,6.937627417
5216,USGS,01351500,1954-01-11,A,7.645548582
5217,USGS,01351500,1954-01-12,A,6.512874718
5218,USGS,01351500,1954-01-13,A,5.946537786
5219,USGS,01351500,1954-01-14,A,5.380200854
5220,USGS,01351500,1954-01-15,A,5.380200854
5221,USGS,01351500,1954-01-16,A,5.097032388000001
5222,USGS,01351500,1954-01-17,A,4.530695456
5223,USGS,01351500,1954-01-18,A,3.964358524
5224,USGS,01351500,1954-01-19,A,4.530695456
5225,USGS,01351500,1954-01-20,A,5.097032388000001
5226,USGS,01351500,1954-01-21,A,53.80200854
5227,USGS,01351500,1954-01-22,A,57.766367064
5228,USGS,01351500,1954-01-23,A,25.48516194
5229,USGS,01351500,1954-01-24,A,20.954466484
5230,USGS,01351500,1954-01-25,A,22.087140348000002
5231,USGS,01351500,1954-01-26,A,21.520803416
5232,USGS,01351500,1954-01-27,A,133.08917902000002
5233,USGS,01351500,1954-01-28,A,95.994109974
5234,USGS,01351500,1954-01-29,A,42.4752699
5235,USGS,01351500,1954-01-30,A,33.98021592
5236,USGS,01351500,1954-01-31,A,28.3168466
5237,USGS,01351500,1954-02-01,A,24.918825008
5238,USGS,01351500,1954-02-02,A,22.65347728
5239,USGS,01351500,1954-02-03,A,20.388129552000002
5240,USGS,01351500,1954-02-04,A,18.689118756
5241,USGS,01351500,1954-02-05,A,16.423771028
5242,USGS,01351500,1954-02-06,A,14.724760232000001
5243,USGS,01351500,1954-02-07,A,13.308917902000001
5244,USGS,01351500,1954-02-08,A,12.176244038
5245,USGS,01351500,1954-02-09,A,11.893075572
5246,USGS,01351500,1954-02-10,A,11.32673864
5247,USGS,01351500,1954-02-11,A,10.760401708
5248,USGS,01351500,1954-02-12,A,9.061390912
5249,USGS,01351500,1954-02-13,A,7.928717048
5250,USGS,01351500,1954-02-14,A,7.645548582
5251,USGS,01351500,1954-02-15,A,22.65347728
5252,USGS,01351500,1954-02-16,A,107.60401708
5253,USGS,01351500,1954-02-17,A,280.33678134
5254,USGS,01351500,1954-02-18,A,153.194140106
5255,USGS,01351500,1954-02-19,A,92.596088382
5256,USGS,01351500,1954-02-20,A,74.756475024
5257,USGS,01351500,1954-02-21,A,78.154496616
5258,USGS,01351500,1954-02-22,A,126.859472768
5259,USGS,01351500,1954-02-23,A,73.340632694
5260,USGS,01351500,1954-02-24,A,52.669334676
5261,USGS,01351500,1954-02-25,A,49.837650016
5262,USGS,01351500,1954-02-26,A,43.607943764
5263,USGS,01351500,1954-02-27,A,42.192101434
5264,USGS,01351500,1954-02-28,A,35.679226716
5265,USGS,01351500,1954-03-01,A,36.81190058
5266,USGS,01351500,1954-03-02,A,72.20795883
5267,USGS,01351500,1954-03-03,A,54.934682404
5268,USGS,01351500,1954-03-04,A,73.62380116
5269,USGS,01351500,1954-03-05,A,35.39605825
5270,USGS,01351500,1954-03-06,A,27.750509668
5271,USGS,01351500,1954-03-07,A,24.918825008
5272,USGS,01351500,1954-03-08,A,26.051498872
5273,USGS,01351500,1954-03-09,A,22.341991967400002
5274,USGS,01351500,1954-03-10,A,25.966548332200002
5275,USGS,01351500,1954-03-11,A,23.219814212
5276,USGS,01351500,1954-03-12,A,17.556444892000002
5277,USGS,01351500,1954-03-13,A,16.763573187200002
5278,USGS,01351500,1954-03-14,A,16.3388204882
5279,USGS,01351500,1954-03-15,A,21.3509023364
5280,USGS,01351500,1954-03-16,A,16.423771028
5281,USGS,01351500,1954-03-17,A,14.300007533
5282,USGS,01351500,1954-03-18,A,12.402778810800001
5283,USGS,01351500,1954-03-19,A,11.3833723332
5284,USGS,01351500,1954-03-20,A,31.714868192
5285,USGS,01351500,1954-03-21,A,42.192101434
5286,USGS,01351500,1954-03-22,A,22.65347728
5287,USGS,01351500,1954-03-23,A,21.832288728600002
5288,USGS,01351500,1954-03-24,A,20.4447632452
5289,USGS,01351500,1954-03-25,A,23.0499131324
5290,USGS,01351500,1954-03-26,A,53.235671608000004
5291,USGS,01351500,1954-03-27,A,36.81190058
5292,USGS,01351500,1954-03-28,A,28.1186286738
5293,USGS,01351500,1954-03-29,A,27.014271656400002
5294,USGS,01351500,1954-03-30,A,25.48516194
5295,USGS,01351500,1954-03-31,A,24.352488076
5296,USGS,01351500,1954-04-01,A,26.617835804000002
5297,USGS,01351500,1954-04-02,A,23.786151144
5298,USGS,01351500,1954-04-03,A,28.883183532
5299,USGS,01351500,1954-04-04,A,21.520803416
5300,USGS,01351500,1954-04-05,A,19.255455688
5301,USGS,01351500,1954-04-06,A,20.388129552000002
5302,USGS,01351500,1954-04-07,A,26.5045684176
5303,USGS,01351500,1954-04-08,A,24.9471418546
5304,USGS,01351500,1954-04-09,A,23.3897152916
5305,USGS,01351500,1954-04-10,A,19.4819904608
5306,USGS,01351500,1954-04-11,A,18.0944649774
5307,USGS,01351500,1954-04-12,A,24.409121769200002
5308,USGS,01351500,1954-04-13,A,20.4447632452
5309,USGS,01351500,1954-04-14,A,17.160009039600002
5310,USGS,01351500,1954-04-15,A,15.9423846358
5311,USGS,01351500,1954-04-16,A,15.9423846358
5312,USGS,01351500,1954-04-17,A,104.77233242
5313,USGS,01351500,1954-04-18,A,77.304991218
5314,USGS,01351500,1954-04-19,A,49.271313084
5315,USGS,01351500,1954-04-20,A,39.64358524
5316,USGS,01351500,1954-04-21,A,31.431699726
5317,USGS,01351500,1954-04-22,A,25.966548332200002
5318,USGS,01351500,1954-04-23,A,30.015857396
5319,USGS,01351500,1954-04-24,A,39.077248308
5320,USGS,01351500,1954-04-25,A,29.166351998
5321,USGS,01351500,1954-04-26,A,24.9471418546
5322,USGS,01351500,1954-04-27,A,25.456845093400002
5323,USGS,01351500,1954-04-28,A,75.322811956
5324,USGS,01351500,1954-04-29,A,68.809937238
5325,USGS,01351500,1954-04-30,A,45.30695456
5326,USGS,01351500,1954-05-01,A,35.679226716
5327,USGS,01351500,1954-05-02,A,39.077248308
5328,USGS,01351500,1954-05-03,A,33.130710522
5329,USGS,01351500,1954-05-04,A,65.695084112
5330,USGS,01351500,1954-05-05,A,51.819829278
5331,USGS,01351500,1954-05-06,A,36.245563648
5332,USGS,01351500,1954-05-07,A,29.732688930000002
5333,USGS,01351500,1954-05-08,A,34.263384386
5334,USGS,01351500,1954-05-09,A,65.978252578
5335,USGS,01351500,1954-05-10,A,70.7921165
5336,USGS,01351500,1954-05-11,A,145.265423058
5337,USGS,01351500,1954-05-12,A,76.45548582
5338,USGS,01351500,1954-05-13,A,58.04953553
5339,USGS,01351500,1954-05-14,A,44.174280696000004
5340,USGS,01351500,1954-05-15,A,35.679226716
5341,USGS,01351500,1954-05-16,A,29.732688930000002
5342,USGS,01351500,1954-05-17,A,24.409121769200002
5343,USGS,01351500,1954-05-18,A,19.963376853
5344,USGS,01351500,1954-05-19,A,17.6130785852
5345,USGS,01351500,1954-05-20,A,16.3388204882
5346,USGS,01351500,1954-05-21,A,45.023786094
5347,USGS,01351500,1954-05-22,A,212.659517966
5348,USGS,01351500,1954-05-23,A,117.231744924
5349,USGS,01351500,1954-05-24,A,66.54458951000001
5350,USGS,01351500,1954-05-25,A,48.704976152
5351,USGS,01351500,1954-05-26,A,37.944574444000004
5352,USGS,01351500,1954-05-27,A,29.166351998
5353,USGS,01351500,1954-05-28,A,24.409121769200002
5354,USGS,01351500,1954-05-29,A,21.3509023364
5355,USGS,01351500,1954-05-30,A,21.832288728600002
5356,USGS,01351500,1954-05-31,A,18.0944649774
5357,USGS,01351500,1954-06-01,A,14.300007533
5358,USGS,01351500,1954-06-02,A,20.0483273928
5359,USGS,01351500,1954-06-03,A,19.963376853
5360,USGS,01351500,1954-06-04,A,15.121196084400001
5361,USGS,01351500,1954-06-05,A,12.74258097
5362,USGS,01351500,1954-06-06,A,10.7320848614
5363,USGS,01351500,1954-06-07,A,9.7126783838
5364,USGS,01351500,1954-06-08,A,8.381786593600001
5365,USGS,01351500,1954-06-09,A,6.937627417
5366,USGS,01351500,1954-06-10,A,6.0314883258
5367,USGS,01351500,1954-06-11,A,5.7200030132
5368,USGS,01351500,1954-06-12,A,6.4279241782000005
5369,USGS,01351500,1954-06-13,A,6.0314883258
5370,USGS,01351500,1954-06-14,A,9.1746582984
5371,USGS,01351500,1954-06-15,A,6.6544589510000005
5372,USGS,01351500,1954-06-16,A,6.7394094908
5373,USGS,01351500,1954-06-17,A,5.6350524734
5374,USGS,01351500,1954-06-18,A,4.643962842400001
5375,USGS,01351500,1954-06-19,A,3.8794079842
5376,USGS,01351500,1954-06-20,A,3.4546552852000003
5377,USGS,01351500,1954-06-21,A,3.0865362794
5378,USGS,01351500,1954-06-22,A,2.6617835804
5379,USGS,01351500,1954-06-23,A,2.7184172736
5380,USGS,01351500,1954-06-24,A,2.7750509668000003
5381,USGS,01351500,1954-06-25,A,2.8883183532
5382,USGS,01351500,1954-06-26,A,2.4352488076
5383,USGS,01351500,1954-06-27,A,2.123763495
5384,USGS,01351500,1954-06-28,A,1.8689118756
5385,USGS,01351500,1954-06-29,A,2.123763495
5386,USGS,01351500,1954-06-30,A,2.6617835804
5387,USGS,01351500,1954-07-01,A,3.0865362794
5388,USGS,01351500,1954-07-02,A,2.4352488076
5389,USGS,01351500,1954-07-03,A,2.0388129552
5390,USGS,01351500,1954-07-04,A,1.8689118756
5391,USGS,01351500,1954-07-05,A,1.6706939494
5392,USGS,01351500,1954-07-06,A,1.6140602562000002
5393,USGS,01351500,1954-07-07,A,1.4724760232
5394,USGS,01351500,1954-07-08,A,1.3592086368
5395,USGS,01351500,1954-07-09,A,1.1893075572
5396,USGS,01351500,1954-07-10,A,1.1043570174
5397,USGS,01351500,1954-07-11,A,1.1043570174
5398,USGS,01351500,1954-07-12,A,1.0760401708
5399,USGS,01351500,1954-07-13,A,0.991089631
5400,USGS,01351500,1954-07-14,A,0.8778222446
5401,USGS,01351500,1954-07-15,A,0.991089631
5402,USGS,01351500,1954-07-16,A,1.0477233242000001
5403,USGS,01351500,1954-07-17,A,1.132673864
5404,USGS,01351500,1954-07-18,A,1.132673864
5405,USGS,01351500,1954-07-19,A,1.0194064776
5406,USGS,01351500,1954-07-20,A,0.8778222446
5407,USGS,01351500,1954-07-21,A,0.8211885514
5408,USGS,01351500,1954-07-22,A,0.7928717048
5409,USGS,01351500,1954-07-23,A,0.7362380116
5410,USGS,01351500,1954-07-24,A,0.6796043184
5411,USGS,01351500,1954-07-25,A,0.707921165
5412,USGS,01351500,1954-07-26,A,0.707921165
5413,USGS,01351500,1954-07-27,A,0.707921165
5414,USGS,01351500,1954-07-28,A,0.6796043184
5415,USGS,01351500,1954-07-29,A,0.7362380116
5416,USGS,01351500,1954-07-30,A,0.9344559378
5417,USGS,01351500,1954-07-31,A,1.5857434096
5418,USGS,01351500,1954-08-01,A,1.3592086368
5419,USGS,01351500,1954-08-02,A,1.132673864
5420,USGS,01351500,1954-08-03,A,1.0477233242000001
5421,USGS,01351500,1954-08-04,A,1.0194064776
5422,USGS,01351500,1954-08-05,A,1.0760401708
5423,USGS,01351500,1954-08-06,A,1.1609907106000001
5424,USGS,01351500,1954-08-07,A,1.1893075572
5425,USGS,01351500,1954-08-08,A,1.0194064776
5426,USGS,01351500,1954-08-09,A,0.991089631
5427,USGS,01351500,1954-08-10,A,0.849505398
5428,USGS,01351500,1954-08-11,A,0.7928717048
5429,USGS,01351500,1954-08-12,A,0.7362380116
5430,USGS,01351500,1954-08-13,A,0.7362380116
5431,USGS,01351500,1954-08-14,A,0.6512874718
5432,USGS,01351500,1954-08-15,A,0.6229706252
5433,USGS,01351500,1954-08-16,A,0.5946537786
5434,USGS,01351500,1954-08-17,A,0.5380200854
5435,USGS,01351500,1954-08-18,A,0.4813863922
5436,USGS,01351500,1954-08-19,A,0.5097032388
5437,USGS,01351500,1954-08-20,A,0.4813863922
5438,USGS,01351500,1954-08-21,A,0.424752699
5439,USGS,01351500,1954-08-22,A,0.3964358524
5440,USGS,01351500,1954-08-23,A,0.3681190058
5441,USGS,01351500,1954-08-24,A,0.3964358524
5442,USGS,01351500,1954-08-25,A,0.424752699
5443,USGS,01351500,1954-08-26,A,0.4813863922
5444,USGS,01351500,1954-08-27,A,0.5946537786
5445,USGS,01351500,1954-08-28,A,0.566336932
5446,USGS,01351500,1954-08-29,A,0.5097032388
5447,USGS,01351500,1954-08-30,A,0.4813863922
5448,USGS,01351500,1954-08-31,A,1.2459412504
5449,USGS,01351500,1954-09-01,A,12.5160461972
5450,USGS,01351500,1954-09-02,A,7.3057464228
5451,USGS,01351500,1954-09-03,A,4.24752699
5452,USGS,01351500,1954-09-04,A,2.9449520464
5453,USGS,01351500,1954-09-05,A,2.265347728
5454,USGS,01351500,1954-09-06,A,1.8122781824
5455,USGS,01351500,1954-09-07,A,1.5857434096
5456,USGS,01351500,1954-09-08,A,1.4724760232
5457,USGS,01351500,1954-09-09,A,1.3592086368
5458,USGS,01351500,1954-09-10,A,1.1893075572
5459,USGS,01351500,1954-09-11,A,1.2459412504
5460,USGS,01351500,1954-09-12,A,1.8972287222
5461,USGS,01351500,1954-09-13,A,3.4546552852000003
5462,USGS,01351500,1954-09-14,A,2.8883183532
5463,USGS,01351500,1954-09-15,A,2.2936645746
5464,USGS,01351500,1954-09-16,A,2.5201993474
5465,USGS,01351500,1954-09-17,A,8.636638213
5466,USGS,01351500,1954-09-18,A,8.381786593600001
5467,USGS,01351500,1954-09-19,A,5.3235671608
5468,USGS,01351500,1954-09-20,A,4.3324775298
5469,USGS,01351500,1954-09-21,A,3.5112889784
5470,USGS,01351500,1954-09-22,A,3.0299025862
5471,USGS,01351500,1954-09-23,A,2.6617835804
5472,USGS,01351500,1954-09-24,A,2.3786151144
5473,USGS,01351500,1954-09-25,A,2.123763495
5474,USGS,01351500,1954-09-26,A,1.8972287222
5475,USGS,01351500,1954-09-27,A,1.7839613358
5476,USGS,01351500,1954-09-28,A,1.6706939494
5477,USGS,01351500,1954-09-29,A,1.5007928698000002
5478,USGS,01351500,1954-09-30,A,1.41584233
5479,USGS,01351500,1954-10-01,A,1.3592086368
5480,USGS,01351500,1954-10-02,A,1.3592086368
5481,USGS,01351500,1954-10-03,A,1.3592086368
5482,USGS,01351500,1954-10-04,A,1.7839613358
5483,USGS,01351500,1954-10-05,A,2.0388129552
5484,USGS,01351500,1954-10-06,A,1.7273276426000002
5485,USGS,01351500,1954-10-07,A,1.557426563
5486,USGS,01351500,1954-10-08,A,1.3592086368
5487,USGS,01351500,1954-10-09,A,1.2742580970000001
5488,USGS,01351500,1954-10-10,A,1.3875254834000001
5489,USGS,01351500,1954-10-11,A,1.4441591766
5490,USGS,01351500,1954-10-12,A,1.3308917902
5491,USGS,01351500,1954-10-13,A,1.2176244038
5492,USGS,01351500,1954-10-14,A,1.1609907106000001
5493,USGS,01351500,1954-10-15,A,1.1609907106000001
5494,USGS,01351500,1954-10-16,A,1.3592086368
5495,USGS,01351500,1954-10-17,A,2.2370308814
5496,USGS,01351500,1954-10-18,A,2.9449520464
5497,USGS,01351500,1954-10-19,A,2.5768330406
5498,USGS,01351500,1954-10-20,A,3.0299025862
5499,USGS,01351500,1954-10-21,A,5.2102997744
5500,USGS,01351500,1954-10-22,A,5.0120818482
5501,USGS,01351500,1954-10-23,A,4.105942757
5502,USGS,01351500,1954-10-24,A,3.398021592
5503,USGS,01351500,1954-10-25,A,3.0015857396000003
5504,USGS,01351500,1954-10-26,A,2.6617835804
5505,USGS,01351500,1954-10-27,A,2.5201993474
5506,USGS,01351500,1954-10-28,A,2.5768330406
5507,USGS,01351500,1954-10-29,A,3.398021592
5508,USGS,01351500,1954-10-30,A,3.5962395182
5509,USGS,01351500,1954-10-31,A,3.7378237512
5510,USGS,01351500,1954-11-01,A,3.8794079842
5511,USGS,01351500,1954-11-02,A,4.2758438366
5512,USGS,01351500,1954-11-03,A,145.265423058
5513,USGS,01351500,1954-11-04,A,159.423846358
5514,USGS,01351500,1954-11-05,A,78.154496616
5515,USGS,01351500,1954-11-06,A,49.837650016
5516,USGS,01351500,1954-11-07,A,36.81190058
5517,USGS,01351500,1954-11-08,A,28.600015066
5518,USGS,01351500,1954-11-09,A,23.899418530400002
5519,USGS,01351500,1954-11-10,A,19.963376853
5520,USGS,01351500,1954-11-11,A,16.763573187200002
5521,USGS,01351500,1954-11-12,A,14.724760232000001
5522,USGS,01351500,1954-11-13,A,13.4788189816
5523,USGS,01351500,1954-11-14,A,11.7231744924
5524,USGS,01351500,1954-11-15,A,11.0718870206
5525,USGS,01351500,1954-11-16,A,10.052480543
5526,USGS,01351500,1954-11-17,A,9.4578267644
5527,USGS,01351500,1954-11-18,A,9.4578267644
5528,USGS,01351500,1954-11-19,A,9.1746582984
5529,USGS,01351500,1954-11-20,A,9.7126783838
5530,USGS,01351500,1954-11-21,A,63.429736384
5531,USGS,01351500,1954-11-22,A,79.853507412
5532,USGS,01351500,1954-11-23,A,44.740617628
5533,USGS,01351500,1954-11-24,A,34.829721318000004
5534,USGS,01351500,1954-11-25,A,33.130710522
5535,USGS,01351500,1954-11-26,A,30.865362794
5536,USGS,01351500,1954-11-27,A,25.456845093400002
5537,USGS,01351500,1954-11-28,A,22.8800120528
5538,USGS,01351500,1954-11-29,A,35.112889784000004
5539,USGS,01351500,1954-11-30,A,54.651513938
5540,USGS,01351500,1954-12-01,A,38.510911376
5541,USGS,01351500,1954-12-02,A,28.1186286738
5542,USGS,01351500,1954-12-03,A,22.087140348000002
5543,USGS,01351500,1954-12-04,A,16.423771028
5544,USGS,01351500,1954-12-05,A,15.857434096
5545,USGS,01351500,1954-12-06,A,10.760401708
5546,USGS,01351500,1954-12-07,A,12.176244038
5547,USGS,01351500,1954-12-08,A,13.592086368
5548,USGS,01351500,1954-12-09,A,15.291097164
5549,USGS,01351500,1954-12-10,A,16.99010796
5550,USGS,01351500,1954-12-11,A,13.592086368
5551,USGS,01351500,1954-12-12,A,12.176244038
5552,USGS,01351500,1954-12-13,A,10.760401708
5553,USGS,01351500,1954-12-14,A,12.74258097
5554,USGS,01351500,1954-12-15,A,104.77233242
5555,USGS,01351500,1954-12-16,A,60.314883258
5556,USGS,01351500,1954-12-17,A,32.847542056
5557,USGS,01351500,1954-12-18,A,60.88122019
5558,USGS,01351500,1954-12-19,A,114.116891798
5559,USGS,01351500,1954-12-20,A,56.067356268000005
5560,USGS,01351500,1954-12-21,A,30.582194328
5561,USGS,01351500,1954-12-22,A,24.352488076
5562,USGS,01351500,1954-12-23,A,23.219814212
5563,USGS,01351500,1954-12-24,A,22.65347728
5564,USGS,01351500,1954-12-25,A,19.255455688
5565,USGS,01351500,1954-12-26,A,16.99010796
5566,USGS,01351500,1954-12-27,A,16.99010796
5567,USGS,01351500,1954-12-28,A,16.99010796
5568,USGS,01351500,1954-12-29,A,49.55448155
5569,USGS,01351500,1954-12-30,A,51.819829278
5570,USGS,01351500,1954-12-31,A,51.819829278
5571,USGS,01351500,1955-01-01,A,37.944574444000004
5572,USGS,01351500,1955-01-02,A,42.758438366
5573,USGS,01351500,1955-01-03,A,56.350524734000004
5574,USGS,01351500,1955-01-04,A,39.077248308
5575,USGS,01351500,1955-01-05,A,26.617835804000002
5576,USGS,01351500,1955-01-06,A,24.352488076
5577,USGS,01351500,1955-01-07,A,19.82179262
5578,USGS,01351500,1955-01-08,A,12.459412504
5579,USGS,01351500,1955-01-09,A,12.74258097
5580,USGS,01351500,1955-01-10,A,12.74258097
5581,USGS,01351500,1955-01-11,A,9.627727844
5582,USGS,01351500,1955-01-12,A,8.778222446000001
5583,USGS,01351500,1955-01-13,A,8.49505398
5584,USGS,01351500,1955-01-14,A,7.362380116000001
5585,USGS,01351500,1955-01-15,A,8.211885514
5586,USGS,01351500,1955-01-16,A,8.211885514
5587,USGS,01351500,1955-01-17,A,7.645548582
5588,USGS,01351500,1955-01-18,A,6.796043184
5589,USGS,01351500,1955-01-19,A,6.6544589510000005
5590,USGS,01351500,1955-01-20,A,5.380200854
5591,USGS,01351500,1955-01-21,A,5.238616621
5592,USGS,01351500,1955-01-22,A,6.6544589510000005
5593,USGS,01351500,1955-01-23,A,6.229706252
5594,USGS,01351500,1955-01-24,A,5.380200854
5595,USGS,01351500,1955-01-25,A,4.530695456
5596,USGS,01351500,1955-01-26,A,4.813863922
5597,USGS,01351500,1955-01-27,A,4.24752699
5598,USGS,01351500,1955-01-28,A,3.5112889784
5599,USGS,01351500,1955-01-29,A,3.964358524
5600,USGS,01351500,1955-01-30,A,3.6811900580000003
5601,USGS,01351500,1955-01-31,A,3.822774291
5602,USGS,01351500,1955-02-01,A,3.964358524
5603,USGS,01351500,1955-02-02,A,3.5112889784
5604,USGS,01351500,1955-02-03,A,2.7750509668000003
5605,USGS,01351500,1955-02-04,A,2.4918825008
5606,USGS,01351500,1955-02-05,A,2.4352488076
5607,USGS,01351500,1955-02-06,A,2.5485161940000003
5608,USGS,01351500,1955-02-07,A,38.22774291
5609,USGS,01351500,1955-02-08,A,60.88122019
5610,USGS,01351500,1955-02-09,A,36.81190058
5611,USGS,01351500,1955-02-10,A,42.4752699
5612,USGS,01351500,1955-02-11,A,79.28717048
5613,USGS,01351500,1955-02-12,A,38.22774291
5614,USGS,01351500,1955-02-13,A,7.362380116000001
5615,USGS,01351500,1955-02-14,A,6.6544589510000005
5616,USGS,01351500,1955-02-15,A,6.371290485
5617,USGS,01351500,1955-02-16,A,5.66336932
5618,USGS,01351500,1955-02-17,A,5.380200854
5619,USGS,01351500,1955-02-18,A,5.238616621
5620,USGS,01351500,1955-02-19,A,5.66336932
5621,USGS,01351500,1955-02-20,A,5.804953553
5622,USGS,01351500,1955-02-21,A,9.344559378
5623,USGS,01351500,1955-02-22,A,24.918825008
5624,USGS,01351500,1955-02-23,A,152.91097164
5625,USGS,01351500,1955-02-24,A,96.560446906
5626,USGS,01351500,1955-02-25,A,44.740617628
5627,USGS,01351500,1955-02-26,A,30.299025862
5628,USGS,01351500,1955-02-27,A,29.166351998
5629,USGS,01351500,1955-02-28,A,51.253492346
5630,USGS,01351500,1955-03-01,A,156.592161698
5631,USGS,01351500,1955-03-02,A,124.02778810800001
5632,USGS,01351500,1955-03-03,A,51.819829278
5633,USGS,01351500,1955-03-04,A,35.39605825
5634,USGS,01351500,1955-03-05,A,30.015857396
5635,USGS,01351500,1955-03-06,A,41.059427570000004
5636,USGS,01351500,1955-03-07,A,32.281205124
5637,USGS,01351500,1955-03-08,A,20.954466484
5638,USGS,01351500,1955-03-09,A,22.087140348000002
5639,USGS,01351500,1955-03-10,A,99.392131566
5640,USGS,01351500,1955-03-11,A,183.776334434
5641,USGS,01351500,1955-03-12,A,144.41591766
5642,USGS,01351500,1955-03-13,A,90.61390912
5643,USGS,01351500,1955-03-14,A,57.483198598
5644,USGS,01351500,1955-03-15,A,47.289133822000004
5645,USGS,01351500,1955-03-16,A,62.013894054000005
5646,USGS,01351500,1955-03-17,A,58.04953553
5647,USGS,01351500,1955-03-18,A,36.81190058
5648,USGS,01351500,1955-03-19,A,31.714868192
5649,USGS,01351500,1955-03-20,A,26.617835804000002
5650,USGS,01351500,1955-03-21,A,31.998036658
5651,USGS,01351500,1955-03-22,A,41.342596036
5652,USGS,01351500,1955-03-23,A,87.78222446000001
5653,USGS,01351500,1955-03-24,A,56.067356268000005
5654,USGS,01351500,1955-03-25,A,61.730725588
5655,USGS,01351500,1955-03-26,A,52.38616621
5656,USGS,01351500,1955-03-27,A,35.112889784000004
5657,USGS,01351500,1955-03-28,A,27.184172736
5658,USGS,01351500,1955-03-29,A,25.966548332200002
5659,USGS,01351500,1955-03-30,A,33.413878988
5660,USGS,01351500,1955-03-31,A,59.182209394000004
5661,USGS,01351500,1955-04-01,A,79.00400201400001
5662,USGS,01351500,1955-04-02,A,93.728762246
5663,USGS,01351500,1955-04-03,A,77.87132815
5664,USGS,01351500,1955-04-04,A,67.394094908
5665,USGS,01351500,1955-04-05,A,84.66737133400001
5666,USGS,01351500,1955-04-06,A,80.986181276
5667,USGS,01351500,1955-04-07,A,102.506984692
5668,USGS,01351500,1955-04-08,A,89.764403722
5669,USGS,01351500,1955-04-09,A,68.809937238
5670,USGS,01351500,1955-04-10,A,62.863399452
5671,USGS,01351500,1955-04-11,A,62.863399452
5672,USGS,01351500,1955-04-12,A,64.562410248
5673,USGS,01351500,1955-04-13,A,70.22577956800001
5674,USGS,01351500,1955-04-14,A,63.71290485
5675,USGS,01351500,1955-04-15,A,76.45548582
5676,USGS,01351500,1955-04-16,A,89.764403722
5677,USGS,01351500,1955-04-17,A,72.491127296
5678,USGS,01351500,1955-04-18,A,60.88122019
5679,USGS,01351500,1955-04-19,A,54.085177006
5680,USGS,01351500,1955-04-20,A,49.837650016
5681,USGS,01351500,1955-04-21,A,56.916861666
5682,USGS,01351500,1955-04-22,A,76.45548582
5683,USGS,01351500,1955-04-23,A,58.899040928000005
5684,USGS,01351500,1955-04-24,A,48.13863922
5685,USGS,01351500,1955-04-25,A,66.261421044
5686,USGS,01351500,1955-04-26,A,121.76244038
5687,USGS,01351500,1955-04-27,A,101.374310828
5688,USGS,01351500,1955-04-28,A,84.9505398
5689,USGS,01351500,1955-04-29,A,69.942611102
5690,USGS,01351500,1955-04-30,A,65.12874718
5691,USGS,01351500,1955-05-01,A,54.085177006
5692,USGS,01351500,1955-05-02,A,46.72279689
5693,USGS,01351500,1955-05-03,A,41.059427570000004
5694,USGS,01351500,1955-05-04,A,36.81190058
5695,USGS,01351500,1955-05-05,A,31.998036658
5696,USGS,01351500,1955-05-06,A,28.1186286738
5697,USGS,01351500,1955-05-07,A,24.9471418546
5698,USGS,01351500,1955-05-08,A,22.8800120528
5699,USGS,01351500,1955-05-09,A,22.341991967400002
5700,USGS,01351500,1955-05-10,A,19.963376853
5701,USGS,01351500,1955-05-11,A,18.0944649774
5702,USGS,01351500,1955-05-12,A,15.9423846358
5703,USGS,01351500,1955-05-13,A,13.3372347486
5704,USGS,01351500,1955-05-14,A,8.919806679
5705,USGS,01351500,1955-05-15,A,7.0508948034
5706,USGS,01351500,1955-05-16,A,6.1447557122
5707,USGS,01351500,1955-05-17,A,5.4085177006
5708,USGS,01351500,1955-05-18,A,4.8704976152
5709,USGS,01351500,1955-05-19,A,4.3324775298
5710,USGS,01351500,1955-05-20,A,3.964358524
5711,USGS,01351500,1955-05-21,A,3.5112889784
5712,USGS,01351500,1955-05-22,A,3.3130710522
5713,USGS,01351500,1955-05-23,A,3.1998036658
5714,USGS,01351500,1955-05-24,A,3.256437359
5715,USGS,01351500,1955-05-25,A,3.822774291
5716,USGS,01351500,1955-05-26,A,7.7588159684
5717,USGS,01351500,1955-05-27,A,16.3388204882
5718,USGS,01351500,1955-05-28,A,9.1746582984
5719,USGS,01351500,1955-05-29,A,6.6544589510000005
5720,USGS,01351500,1955-05-30,A,9.344559378
5721,USGS,01351500,1955-05-31,A,11.0718870206
5722,USGS,01351500,1955-06-01,A,14.8097107718
5723,USGS,01351500,1955-06-02,A,35.112889784000004
5724,USGS,01351500,1955-06-03,A,24.06931961
5725,USGS,01351500,1955-06-04,A,15.9423846358
5726,USGS,01351500,1955-06-05,A,15.121196084400001
5727,USGS,01351500,1955-06-06,A,13.4788189816
5728,USGS,01351500,1955-06-07,A,10.392282702200001
5729,USGS,01351500,1955-06-08,A,8.126934974200001
5730,USGS,01351500,1955-06-09,A,7.0508948034
5731,USGS,01351500,1955-06-10,A,6.6544589510000005
5732,USGS,01351500,1955-06-11,A,6.0314883258
5733,USGS,01351500,1955-06-12,A,5.6350524734
5734,USGS,01351500,1955-06-13,A,10.0807973896
5735,USGS,01351500,1955-06-14,A,12.4877293506
5736,USGS,01351500,1955-06-15,A,8.919806679
5737,USGS,01351500,1955-06-16,A,6.937627417
5738,USGS,01351500,1955-06-17,A,5.6350524734
5739,USGS,01351500,1955-06-18,A,4.5590123026
5740,USGS,01351500,1955-06-19,A,3.964358524
5741,USGS,01351500,1955-06-20,A,2.5201993474
5742,USGS,01351500,1955-06-21,A,4.643962842400001
5743,USGS,01351500,1955-06-22,A,4.24752699
5744,USGS,01351500,1955-06-23,A,4.105942757
5745,USGS,01351500,1955-06-24,A,3.5112889784
5746,USGS,01351500,1955-06-25,A,3.3413878988
5747,USGS,01351500,1955-06-26,A,3.3130710522
5748,USGS,01351500,1955-06-27,A,3.0015857396000003
5749,USGS,01351500,1955-06-28,A,2.5768330406
5750,USGS,01351500,1955-06-29,A,2.265347728
5751,USGS,01351500,1955-06-30,A,1.982179262
5752,USGS,01351500,1955-07-01,A,1.8689118756
5753,USGS,01351500,1955-07-02,A,1.9255455688
5754,USGS,01351500,1955-07-03,A,2.0388129552
5755,USGS,01351500,1955-07-04,A,2.4918825008
5756,USGS,01351500,1955-07-05,A,2.3786151144
5757,USGS,01351500,1955-07-06,A,1.8972287222
5758,USGS,01351500,1955-07-07,A,1.7273276426000002
5759,USGS,01351500,1955-07-08,A,1.6140602562000002
5760,USGS,01351500,1955-07-09,A,1.5007928698000002
5761,USGS,01351500,1955-07-10,A,1.3592086368
5762,USGS,01351500,1955-07-11,A,1.1893075572
5763,USGS,01351500,1955-07-12,A,1.1893075572
5764,USGS,01351500,1955-07-13,A,1.0477233242000001
5765,USGS,01351500,1955-07-14,A,0.9061390912
5766,USGS,01351500,1955-07-15,A,0.8211885514
5767,USGS,01351500,1955-07-16,A,0.8211885514
5768,USGS,01351500,1955-07-17,A,0.7928717048
5769,USGS,01351500,1955-07-18,A,0.8211885514
5770,USGS,01351500,1955-07-19,A,0.7928717048
5771,USGS,01351500,1955-07-20,A,0.707921165
5772,USGS,01351500,1955-07-21,A,0.6512874718
5773,USGS,01351500,1955-07-22,A,0.5946537786
5774,USGS,01351500,1955-07-23,A,0.5380200854
5775,USGS,01351500,1955-07-24,A,0.5097032388
5776,USGS,01351500,1955-07-25,A,0.4813863922
5777,USGS,01351500,1955-07-26,A,0.4530695456
5778,USGS,01351500,1955-07-27,A,0.424752699
5779,USGS,01351500,1955-07-28,A,0.5097032388
5780,USGS,01351500,1955-07-29,A,0.424752699
5781,USGS,01351500,1955-07-30,A,0.3681190058
5782,USGS,01351500,1955-07-31,A,0.3114853126
5783,USGS,01351500,1955-08-01,A,0.283168466
5784,USGS,01351500,1955-08-02,A,0.27184172736
5785,USGS,01351500,1955-08-03,A,0.23219814211999998
5786,USGS,01351500,1955-08-04,A,0.21520803416
5787,USGS,01351500,1955-08-05,A,0.1982179262
5788,USGS,01351500,1955-08-06,A,0.16706939494
5789,USGS,01351500,1955-08-07,A,0.14724760232
5790,USGS,01351500,1955-08-08,A,0.13875254834
5791,USGS,01351500,1955-08-09,A,0.13308917902
5792,USGS,01351500,1955-08-10,A,0.12176244038
5793,USGS,01351500,1955-08-11,A,0.5380200854
5794,USGS,01351500,1955-08-12,A,1.699010796
5795,USGS,01351500,1955-08-13,A,40.776259104000005
5796,USGS,01351500,1955-08-14,A,91.746582984
5797,USGS,01351500,1955-08-15,A,29.732688930000002
5798,USGS,01351500,1955-08-16,A,15.121196084400001
5799,USGS,01351500,1955-08-17,A,9.4578267644
5800,USGS,01351500,1955-08-18,A,9.1180246052
5801,USGS,01351500,1955-08-19,A,203.03179012200002
5802,USGS,01351500,1955-08-20,A,162.82186795
5803,USGS,01351500,1955-08-21,A,77.87132815
5804,USGS,01351500,1955-08-22,A,98.542626168
5805,USGS,01351500,1955-08-23,A,71.075284966
5806,USGS,01351500,1955-08-24,A,51.819829278
5807,USGS,01351500,1955-08-25,A,37.378237512
5808,USGS,01351500,1955-08-26,A,28.600015066
5809,USGS,01351500,1955-08-27,A,22.8800120528
5810,USGS,01351500,1955-08-28,A,20.4447632452
5811,USGS,01351500,1955-08-29,A,17.160009039600002
5812,USGS,01351500,1955-08-30,A,13.9035716806
5813,USGS,01351500,1955-08-31,A,12.0629766516
5814,USGS,01351500,1955-09-01,A,14.300007533
5815,USGS,01351500,1955-09-02,A,10.052480543
5816,USGS,01351500,1955-09-03,A,6.937627417
5817,USGS,01351500,1955-09-04,A,5.3235671608
5818,USGS,01351500,1955-09-05,A,4.24752699
5819,USGS,01351500,1955-09-06,A,3.7378237512
5820,USGS,01351500,1955-09-07,A,3.3413878988
5821,USGS,01351500,1955-09-08,A,2.9449520464
5822,USGS,01351500,1955-09-09,A,2.5201993474
5823,USGS,01351500,1955-09-10,A,2.3219814212000003
5824,USGS,01351500,1955-09-11,A,2.2087140348
5825,USGS,01351500,1955-09-12,A,2.3219814212000003
5826,USGS,01351500,1955-09-13,A,2.7184172736
5827,USGS,01351500,1955-09-14,A,2.6617835804
5828,USGS,01351500,1955-09-15,A,2.9166351998
5829,USGS,01351500,1955-09-16,A,4.105942757
5830,USGS,01351500,1955-09-17,A,3.398021592
5831,USGS,01351500,1955-09-18,A,3.6528732114
5832,USGS,01351500,1955-09-19,A,3.5112889784
5833,USGS,01351500,1955-09-20,A,3.3130710522
5834,USGS,01351500,1955-09-21,A,2.9449520464
5835,USGS,01351500,1955-09-22,A,2.5768330406
5836,USGS,01351500,1955-09-23,A,2.2936645746
5837,USGS,01351500,1955-09-24,A,2.8883183532
5838,USGS,01351500,1955-09-25,A,6.6261421044
5839,USGS,01351500,1955-09-26,A,6.5411915646
5840,USGS,01351500,1955-09-27,A,5.1253492346
5841,USGS,01351500,1955-09-28,A,4.7855470754
5842,USGS,01351500,1955-09-29,A,4.9271313084
5843,USGS,01351500,1955-09-30,A,6.0314883258
5844,USGS,01351500,1955-10-01,A,6.4279241782000005
5845,USGS,01351500,1955-10-02,A,6.1447557122
5846,USGS,01351500,1955-10-03,A,5.9182209394
5847,USGS,01351500,1955-10-04,A,5.3235671608
5848,USGS,01351500,1955-10-05,A,4.8704976152
5849,USGS,01351500,1955-10-06,A,8.8065392926
5850,USGS,01351500,1955-10-07,A,39.077248308
5851,USGS,01351500,1955-10-08,A,32.56437359
5852,USGS,01351500,1955-10-09,A,28.600015066
5853,USGS,01351500,1955-10-10,A,22.341991967400002
5854,USGS,01351500,1955-10-11,A,16.763573187200002
5855,USGS,01351500,1955-10-12,A,13.9035716806
5856,USGS,01351500,1955-10-13,A,12.0629766516
5857,USGS,01351500,1955-10-14,A,11.0718870206
5858,USGS,01351500,1955-10-15,A,178.962470512
5859,USGS,01351500,1955-10-16,A,1531.94140106
5860,USGS,01351500,1955-10-17,A,883.48561392
5861,USGS,01351500,1955-10-18,A,356.79226716
5862,USGS,01351500,1955-10-19,A,211.81001256800002
5863,USGS,01351500,1955-10-20,A,136.204032146
5864,USGS,01351500,1955-10-21,A,96.560446906
5865,USGS,01351500,1955-10-22,A,75.605980422
5866,USGS,01351500,1955-10-23,A,60.314883258
5867,USGS,01351500,1955-10-24,A,49.837650016
5868,USGS,01351500,1955-10-25,A,58.04953553
5869,USGS,01351500,1955-10-26,A,58.04953553
5870,USGS,01351500,1955-10-27,A,51.819829278
5871,USGS,01351500,1955-10-28,A,41.059427570000004
5872,USGS,01351500,1955-10-29,A,32.56437359
5873,USGS,01351500,1955-10-30,A,94.86143611
5874,USGS,01351500,1955-10-31,A,416.25764502
5875,USGS,01351500,1955-11-01,A,192.271388414
5876,USGS,01351500,1955-11-02,A,115.81590259400001
5877,USGS,01351500,1955-11-03,A,86.932719062
5878,USGS,01351500,1955-11-04,A,105.621837818
5879,USGS,01351500,1955-11-05,A,127.4258097
5880,USGS,01351500,1955-11-06,A,99.958468498
5881,USGS,01351500,1955-11-07,A,81.835686674
5882,USGS,01351500,1955-11-08,A,75.322811956
5883,USGS,01351500,1955-11-09,A,69.093105704
5884,USGS,01351500,1955-11-10,A,59.182209394000004
5885,USGS,01351500,1955-11-11,A,59.748546326
5886,USGS,01351500,1955-11-12,A,65.12874718
5887,USGS,01351500,1955-11-13,A,57.766367064
5888,USGS,01351500,1955-11-14,A,108.736690944
5889,USGS,01351500,1955-11-15,A,115.532734128
5890,USGS,01351500,1955-11-16,A,99.958468498
5891,USGS,01351500,1955-11-17,A,115.532734128
5892,USGS,01351500,1955-11-18,A,89.481235256
5893,USGS,01351500,1955-11-19,A,73.057464228
5894,USGS,01351500,1955-11-20,A,65.12874718
5895,USGS,01351500,1955-11-21,A,58.332703996
5896,USGS,01351500,1955-11-22,A,52.669334676
5897,USGS,01351500,1955-11-23,A,46.156459958
5898,USGS,01351500,1955-11-24,A,53.235671608000004
5899,USGS,01351500,1955-11-25,A,46.156459958
5900,USGS,01351500,1955-11-26,A,39.360416774
5901,USGS,01351500,1955-11-27,A,34.263384386
5902,USGS,01351500,1955-11-28,A,31.714868192
5903,USGS,01351500,1955-11-29,A,28.2602129068
5904,USGS,01351500,1955-11-30,A,22.341991967400002
5905,USGS,01351500,1955-12-01,A,21.3509023364
5906,USGS,01351500,1955-12-02,A,19.9350600064
5907,USGS,01351500,1955-12-03,A,19.4819904608
5908,USGS,01351500,1955-12-04,A,63.71290485
5909,USGS,01351500,1955-12-05,A,88.34856139200001
5910,USGS,01351500,1955-12-06,A,56.067356268000005
5911,USGS,01351500,1955-12-07,A,37.944574444000004
5912,USGS,01351500,1955-12-08,A,32.281205124
5913,USGS,01351500,1955-12-09,A,29.449520464000003
5914,USGS,01351500,1955-12-10,A,27.0992221962
5915,USGS,01351500,1955-12-11,A,24.9754587012
5916,USGS,01351500,1955-12-12,A,23.3897152916
5917,USGS,01351500,1955-12-13,A,22.341991967400002
5918,USGS,01351500,1955-12-14,A,20.388129552000002
5919,USGS,01351500,1955-12-15,A,19.0006040686
5920,USGS,01351500,1955-12-16,A,16.99010796
5921,USGS,01351500,1955-12-17,A,18.066148130800002
5922,USGS,01351500,1955-12-18,A,18.5192176764
5923,USGS,01351500,1955-12-19,A,17.556444892000002
5924,USGS,01351500,1955-12-20,A,14.1584233
5925,USGS,01351500,1955-12-21,A,14.1584233
5926,USGS,01351500,1955-12-22,A,15.857434096
5927,USGS,01351500,1955-12-23,A,17.556444892000002
5928,USGS,01351500,1955-12-24,A,22.65347728
5929,USGS,01351500,1955-12-25,A,31.998036658
5930,USGS,01351500,1955-12-26,A,46.72279689
5931,USGS,01351500,1955-12-27,A,31.148531260000002
5932,USGS,01351500,1955-12-28,A,21.520803416
5933,USGS,01351500,1955-12-29,A,20.954466484
5934,USGS,01351500,1955-12-30,A,22.087140348000002
5935,USGS,01351500,1955-12-31,A,20.954466484
5936,USGS,01351500,1956-01-01,A,19.255455688
5937,USGS,01351500,1956-01-02,A,16.99010796
5938,USGS,01351500,1956-01-03,A,18.122781824
5939,USGS,01351500,1956-01-04,A,16.99010796
5940,USGS,01351500,1956-01-05,A,15.291097164
5941,USGS,01351500,1956-01-06,A,14.724760232000001
5942,USGS,01351500,1956-01-07,A,14.1584233
5943,USGS,01351500,1956-01-08,A,13.875254834
5944,USGS,01351500,1956-01-09,A,15.291097164
5945,USGS,01351500,1956-01-10,A,26.051498872
5946,USGS,01351500,1956-01-11,A,82.11885514000001
5947,USGS,01351500,1956-01-12,A,104.77233242
5948,USGS,01351500,1956-01-13,A,110.152533274
5949,USGS,01351500,1956-01-14,A,41.342596036
5950,USGS,01351500,1956-01-15,A,36.81190058
5951,USGS,01351500,1956-01-16,A,32.281205124
5952,USGS,01351500,1956-01-17,A,28.2602129068
5953,USGS,01351500,1956-01-18,A,18.689118756
5954,USGS,01351500,1956-01-19,A,15.291097164
5955,USGS,01351500,1956-01-20,A,14.1584233
5956,USGS,01351500,1956-01-21,A,13.875254834
5957,USGS,01351500,1956-01-22,A,14.1584233
5958,USGS,01351500,1956-01-23,A,12.74258097
5959,USGS,01351500,1956-01-24,A,11.893075572
5960,USGS,01351500,1956-01-25,A,11.043570174000001
5961,USGS,01351500,1956-01-26,A,9.91089631
5962,USGS,01351500,1956-01-27,A,10.194064776000001
5963,USGS,01351500,1956-01-28,A,9.627727844
5964,USGS,01351500,1956-01-29,A,9.344559378
5965,USGS,01351500,1956-01-30,A,9.344559378
5966,USGS,01351500,1956-01-31,A,8.49505398
5967,USGS,01351500,1956-02-01,A,8.49505398
5968,USGS,01351500,1956-02-02,A,9.061390912
5969,USGS,01351500,1956-02-03,A,7.645548582
5970,USGS,01351500,1956-02-04,A,6.512874718
5971,USGS,01351500,1956-02-05,A,6.796043184
5972,USGS,01351500,1956-02-06,A,6.512874718
5973,USGS,01351500,1956-02-07,A,6.796043184
5974,USGS,01351500,1956-02-08,A,6.796043184
5975,USGS,01351500,1956-02-09,A,6.937627417
5976,USGS,01351500,1956-02-10,A,6.937627417
5977,USGS,01351500,1956-02-11,A,6.512874718
5978,USGS,01351500,1956-02-12,A,6.937627417
5979,USGS,01351500,1956-02-13,A,8.49505398
5980,USGS,01351500,1956-02-14,A,7.362380116000001
5981,USGS,01351500,1956-02-15,A,7.928717048
5982,USGS,01351500,1956-02-16,A,8.211885514
5983,USGS,01351500,1956-02-17,A,7.07921165
5984,USGS,01351500,1956-02-18,A,7.362380116000001
5985,USGS,01351500,1956-02-19,A,7.07921165
5986,USGS,01351500,1956-02-20,A,6.937627417
5987,USGS,01351500,1956-02-21,A,6.371290485
5988,USGS,01351500,1956-02-22,A,5.804953553
5989,USGS,01351500,1956-02-23,A,7.07921165
5990,USGS,01351500,1956-02-24,A,6.937627417
5991,USGS,01351500,1956-02-25,A,10.194064776000001
5992,USGS,01351500,1956-02-26,A,96.27727844
5993,USGS,01351500,1956-02-27,A,68.809937238
5994,USGS,01351500,1956-02-28,A,42.192101434
5995,USGS,01351500,1956-02-29,A,24.918825008
5996,USGS,01351500,1956-03-01,A,19.82179262
5997,USGS,01351500,1956-03-02,A,22.341991967400002
5998,USGS,01351500,1956-03-03,A,69.37627417
5999,USGS,01351500,1956-03-04,A,86.649550596
6000,USGS,01351500,1956-03-05,A,49.837650016
6001,USGS,01351500,1956-03-06,A,37.378237512
6002,USGS,01351500,1956-03-07,A,255.41795633200002
6003,USGS,01351500,1956-03-08,A,328.47542056000003
6004,USGS,01351500,1956-03-09,A,252.01993474
6005,USGS,01351500,1956-03-10,A,148.09710771800002
6006,USGS,01351500,1956-03-11,A,127.992146632
6007,USGS,01351500,1956-03-12,A,176.69712278400002
6008,USGS,01351500,1956-03-13,A,125.726798904
6009,USGS,01351500,1956-03-14,A,103.35649009000001
6010,USGS,01351500,1956-03-15,A,79.570338946
6011,USGS,01351500,1956-03-16,A,59.182209394000004
6012,USGS,01351500,1956-03-17,A,39.64358524
6013,USGS,01351500,1956-03-18,A,50.97032388
6014,USGS,01351500,1956-03-19,A,48.13863922
6015,USGS,01351500,1956-03-20,A,42.758438366
6016,USGS,01351500,1956-03-21,A,38.794079842
6017,USGS,01351500,1956-03-22,A,37.944574444000004
6018,USGS,01351500,1956-03-23,A,39.926753706
6019,USGS,01351500,1956-03-24,A,37.944574444000004
6020,USGS,01351500,1956-03-25,A,31.714868192
6021,USGS,01351500,1956-03-26,A,31.714868192
6022,USGS,01351500,1956-03-27,A,31.148531260000002
6023,USGS,01351500,1956-03-28,A,27.6938759748
6024,USGS,01351500,1956-03-29,A,26.5612021108
6025,USGS,01351500,1956-03-30,A,27.6938759748
6026,USGS,01351500,1956-03-31,A,26.5612021108
6027,USGS,01351500,1956-04-01,A,24.9754587012
6028,USGS,01351500,1956-04-02,A,30.582194328
6029,USGS,01351500,1956-04-03,A,59.748546326
6030,USGS,01351500,1956-04-04,A,193.120893812
6031,USGS,01351500,1956-04-05,A,676.7726337400001
6032,USGS,01351500,1956-04-06,A,540.85177006
6033,USGS,01351500,1956-04-07,A,421.92101434
6034,USGS,01351500,1956-04-08,A,252.303103206
6035,USGS,01351500,1956-04-09,A,168.48523727
6036,USGS,01351500,1956-04-10,A,171.31692193
6037,USGS,01351500,1956-04-11,A,195.38624154000001
6038,USGS,01351500,1956-04-12,A,217.473381888
6039,USGS,01351500,1956-04-13,A,220.305066548
6040,USGS,01351500,1956-04-14,A,171.883258862
6041,USGS,01351500,1956-04-15,A,201.332779326
6042,USGS,01351500,1956-04-16,A,331.30710522
6043,USGS,01351500,1956-04-17,A,492.71313084
6044,USGS,01351500,1956-04-18,A,263.62984184600003
6045,USGS,01351500,1956-04-19,A,184.0595029
6046,USGS,01351500,1956-04-20,A,134.788189816
6047,USGS,01351500,1956-04-21,A,109.869364808
6048,USGS,01351500,1956-04-22,A,122.04560884600001
6049,USGS,01351500,1956-04-23,A,132.522842088
6050,USGS,01351500,1956-04-24,A,128.84165203
6051,USGS,01351500,1956-04-25,A,103.35649009000001
6052,USGS,01351500,1956-04-26,A,97.409952304
6053,USGS,01351500,1956-04-27,A,93.728762246
6054,USGS,01351500,1956-04-28,A,109.01985941000001
6055,USGS,01351500,1956-04-29,A,244.657554624
6056,USGS,01351500,1956-04-30,A,322.81205124
6057,USGS,01351500,1956-05-01,A,199.63376853
6058,USGS,01351500,1956-05-02,A,129.407988962
6059,USGS,01351500,1956-05-03,A,112.70104946800001
6060,USGS,01351500,1956-05-04,A,99.958468498
6061,USGS,01351500,1956-05-05,A,92.879256848
6062,USGS,01351500,1956-05-06,A,77.021822752
6063,USGS,01351500,1956-05-07,A,69.942611102
6064,USGS,01351500,1956-05-08,A,58.332703996
6065,USGS,01351500,1956-05-09,A,49.837650016
6066,USGS,01351500,1956-05-10,A,44.740617628
6067,USGS,01351500,1956-05-11,A,44.740617628
6068,USGS,01351500,1956-05-12,A,42.192101434
6069,USGS,01351500,1956-05-13,A,42.192101434
6070,USGS,01351500,1956-05-14,A,41.342596036
6071,USGS,01351500,1956-05-15,A,51.536660812
6072,USGS,01351500,1956-05-16,A,42.192101434
6073,USGS,01351500,1956-05-17,A,39.360416774
6074,USGS,01351500,1956-05-18,A,33.697047454
6075,USGS,01351500,1956-05-19,A,31.714868192
6076,USGS,01351500,1956-05-20,A,29.449520464000003
6077,USGS,01351500,1956-05-21,A,25.5134787866
6078,USGS,01351500,1956-05-22,A,22.851695206200002
6079,USGS,01351500,1956-05-23,A,20.8695159442
6080,USGS,01351500,1956-05-24,A,21.803971882
6081,USGS,01351500,1956-05-25,A,19.0006040686
6082,USGS,01351500,1956-05-26,A,16.7352563406
6083,USGS,01351500,1956-05-27,A,16.7352563406
6084,USGS,01351500,1956-05-28,A,19.4819904608
6085,USGS,01351500,1956-05-29,A,18.066148130800002
6086,USGS,01351500,1956-05-30,A,17.6130785852
6087,USGS,01351500,1956-05-31,A,17.6130785852
6088,USGS,01351500,1956-06-01,A,19.9350600064
6089,USGS,01351500,1956-06-02,A,23.3897152916
6090,USGS,01351500,1956-06-03,A,29.166351998
6091,USGS,01351500,1956-06-04,A,42.192101434
6092,USGS,01351500,1956-06-05,A,31.148531260000002
6093,USGS,01351500,1956-06-06,A,20.388129552000002
6094,USGS,01351500,1956-06-07,A,15.9423846358
6095,USGS,01351500,1956-06-08,A,12.4877293506
6096,USGS,01351500,1956-06-09,A,10.194064776000001
6097,USGS,01351500,1956-06-10,A,9.0897077586
6098,USGS,01351500,1956-06-11,A,9.8542626168
6099,USGS,01351500,1956-06-12,A,8.8348561392
6100,USGS,01351500,1956-06-13,A,6.937627417
6101,USGS,01351500,1956-06-14,A,5.7766367064
6102,USGS,01351500,1956-06-15,A,4.9271313084
6103,USGS,01351500,1956-06-16,A,4.5023786094
6104,USGS,01351500,1956-06-17,A,3.9077248308000003
6105,USGS,01351500,1956-06-18,A,3.5112889784
6106,USGS,01351500,1956-06-19,A,3.1998036658
6107,USGS,01351500,1956-06-20,A,2.9166351998
6108,USGS,01351500,1956-06-21,A,2.6617835804
6109,USGS,01351500,1956-06-22,A,2.5485161940000003
6110,USGS,01351500,1956-06-23,A,2.406931961
6111,USGS,01351500,1956-06-24,A,2.3502982678
6112,USGS,01351500,1956-06-25,A,2.3219814212000003
6113,USGS,01351500,1956-06-26,A,2.265347728
6114,USGS,01351500,1956-06-27,A,2.123763495
6115,USGS,01351500,1956-06-28,A,1.982179262
6116,USGS,01351500,1956-06-29,A,1.8972287222
6117,USGS,01351500,1956-06-30,A,1.7839613358
6118,USGS,01351500,1956-07-01,A,1.6706939494
6119,USGS,01351500,1956-07-02,A,1.557426563
6120,USGS,01351500,1956-07-03,A,1.4441591766
6121,USGS,01351500,1956-07-04,A,1.2742580970000001
6122,USGS,01351500,1956-07-05,A,1.41584233
6123,USGS,01351500,1956-07-06,A,1.8405950290000002
6124,USGS,01351500,1956-07-07,A,2.83168466
6125,USGS,01351500,1956-07-08,A,2.8600015066
6126,USGS,01351500,1956-07-09,A,2.3219814212000003
6127,USGS,01351500,1956-07-10,A,1.982179262
6128,USGS,01351500,1956-07-11,A,2.0954466484000003
6129,USGS,01351500,1956-07-12,A,1.9255455688
6130,USGS,01351500,1956-07-13,A,1.7839613358
6131,USGS,01351500,1956-07-14,A,2.0104961086
6132,USGS,01351500,1956-07-15,A,2.0104961086
6133,USGS,01351500,1956-07-16,A,2.1520803416
6134,USGS,01351500,1956-07-17,A,1.982179262
6135,USGS,01351500,1956-07-18,A,1.699010796
6136,USGS,01351500,1956-07-19,A,1.4441591766
6137,USGS,01351500,1956-07-20,A,1.3308917902
6138,USGS,01351500,1956-07-21,A,1.3308917902
6139,USGS,01351500,1956-07-22,A,1.41584233
6140,USGS,01351500,1956-07-23,A,1.6140602562000002
6141,USGS,01351500,1956-07-24,A,1.6706939494
6142,USGS,01351500,1956-07-25,A,1.6140602562000002
6143,USGS,01351500,1956-07-26,A,1.5007928698000002
6144,USGS,01351500,1956-07-27,A,1.41584233
6145,USGS,01351500,1956-07-28,A,1.1893075572
6146,USGS,01351500,1956-07-29,A,1.0194064776
6147,USGS,01351500,1956-07-30,A,0.9344559378
6148,USGS,01351500,1956-07-31,A,0.8211885514
6149,USGS,01351500,1956-08-01,A,0.7928717048
6150,USGS,01351500,1956-08-02,A,0.6796043184
6151,USGS,01351500,1956-08-03,A,0.6229706252
6152,USGS,01351500,1956-08-04,A,0.566336932
6153,USGS,01351500,1956-08-05,A,0.5380200854
6154,USGS,01351500,1956-08-06,A,0.5097032388
6155,USGS,01351500,1956-08-07,A,0.4813863922
6156,USGS,01351500,1956-08-08,A,0.4530695456
6157,USGS,01351500,1956-08-09,A,0.424752699
6158,USGS,01351500,1956-08-10,A,0.424752699
6159,USGS,01351500,1956-08-11,A,0.3681190058
6160,USGS,01351500,1956-08-12,A,0.3398021592
6161,USGS,01351500,1956-08-13,A,0.3398021592
6162,USGS,01351500,1956-08-14,A,0.3398021592
6163,USGS,01351500,1956-08-15,A,0.3114853126
6164,USGS,01351500,1956-08-16,A,0.3114853126
6165,USGS,01351500,1956-08-17,A,0.3114853126
6166,USGS,01351500,1956-08-18,A,0.283168466
6167,USGS,01351500,1956-08-19,A,0.3114853126
6168,USGS,01351500,1956-08-20,A,0.3398021592
6169,USGS,01351500,1956-08-21,A,0.3398021592
6170,USGS,01351500,1956-08-22,A,0.3398021592
6171,USGS,01351500,1956-08-23,A,0.3114853126
6172,USGS,01351500,1956-08-24,A,0.3681190058
6173,USGS,01351500,1956-08-25,A,0.3398021592
6174,USGS,01351500,1956-08-26,A,0.283168466
6175,USGS,01351500,1956-08-27,A,0.283168466
6176,USGS,01351500,1956-08-28,A,0.283168466
6177,USGS,01351500,1956-08-29,A,0.3398021592
6178,USGS,01351500,1956-08-30,A,0.3681190058
6179,USGS,01351500,1956-08-31,A,0.566336932
6180,USGS,01351500,1956-09-01,A,0.6796043184
6181,USGS,01351500,1956-09-02,A,0.7362380116
6182,USGS,01351500,1956-09-03,A,0.7928717048
6183,USGS,01351500,1956-09-04,A,0.7645548582
6184,USGS,01351500,1956-09-05,A,0.707921165
6185,USGS,01351500,1956-09-06,A,0.6229706252
6186,USGS,01351500,1956-09-07,A,0.566336932
6187,USGS,01351500,1956-09-08,A,0.4813863922
6188,USGS,01351500,1956-09-09,A,0.3964358524
6189,USGS,01351500,1956-09-10,A,0.3681190058
6190,USGS,01351500,1956-09-11,A,0.3398021592
6191,USGS,01351500,1956-09-12,A,0.3114853126
6192,USGS,01351500,1956-09-13,A,0.3398021592
6193,USGS,01351500,1956-09-14,A,0.3681190058
6194,USGS,01351500,1956-09-15,A,0.3964358524
6195,USGS,01351500,1956-09-16,A,0.566336932
6196,USGS,01351500,1956-09-17,A,0.707921165
6197,USGS,01351500,1956-09-18,A,1.2176244038
6198,USGS,01351500,1956-09-19,A,1.7556444892
6199,USGS,01351500,1956-09-20,A,1.8972287222
6200,USGS,01351500,1956-09-21,A,1.6423771028
6201,USGS,01351500,1956-09-22,A,1.699010796
6202,USGS,01351500,1956-09-23,A,1.8689118756
6203,USGS,01351500,1956-09-24,A,11.32673864
6204,USGS,01351500,1956-09-25,A,13.025749436
6205,USGS,01351500,1956-09-26,A,6.3429736384
6206,USGS,01351500,1956-09-27,A,4.5023786094
6207,USGS,01351500,1956-09-28,A,3.5679226716
6208,USGS,01351500,1956-09-29,A,2.9166351998
6209,USGS,01351500,1956-09-30,A,2.5485161940000003
6210,USGS,01351500,1956-10-01,A,2.265347728
6211,USGS,01351500,1956-10-02,A,2.0388129552
6212,USGS,01351500,1956-10-03,A,2.0954466484000003
6213,USGS,01351500,1956-10-04,A,7.503964349
6214,USGS,01351500,1956-10-05,A,7.0508948034
6215,USGS,01351500,1956-10-06,A,3.7944574444
6216,USGS,01351500,1956-10-07,A,2.8600015066
6217,USGS,01351500,1956-10-08,A,2.4635656542
6218,USGS,01351500,1956-10-09,A,3.0865362794
6219,USGS,01351500,1956-10-10,A,2.6617835804
6220,USGS,01351500,1956-10-11,A,2.265347728
6221,USGS,01351500,1956-10-12,A,2.0388129552
6222,USGS,01351500,1956-10-13,A,1.8972287222
6223,USGS,01351500,1956-10-14,A,1.7839613358
6224,USGS,01351500,1956-10-15,A,1.699010796
6225,USGS,01351500,1956-10-16,A,1.6140602562000002
6226,USGS,01351500,1956-10-17,A,1.5291097164
6227,USGS,01351500,1956-10-18,A,1.4724760232
6228,USGS,01351500,1956-10-19,A,1.41584233
6229,USGS,01351500,1956-10-20,A,1.3875254834000001
6230,USGS,01351500,1956-10-21,A,1.3592086368
6231,USGS,01351500,1956-10-22,A,1.3025749436
6232,USGS,01351500,1956-10-23,A,1.3308917902
6233,USGS,01351500,1956-10-24,A,1.3308917902
6234,USGS,01351500,1956-10-25,A,2.5768330406
6235,USGS,01351500,1956-10-26,A,2.3219814212000003
6236,USGS,01351500,1956-10-27,A,2.0954466484000003
6237,USGS,01351500,1956-10-28,A,2.0104961086
6238,USGS,01351500,1956-10-29,A,1.9538624154000002
6239,USGS,01351500,1956-10-30,A,1.9255455688
6240,USGS,01351500,1956-10-31,A,1.8689118756
6241,USGS,01351500,1956-11-01,A,1.8689118756
6242,USGS,01351500,1956-11-02,A,1.8689118756
6243,USGS,01351500,1956-11-03,A,1.982179262
6244,USGS,01351500,1956-11-04,A,2.406931961
6245,USGS,01351500,1956-11-05,A,2.4918825008
6246,USGS,01351500,1956-11-06,A,2.265347728
6247,USGS,01351500,1956-11-07,A,2.123763495
6248,USGS,01351500,1956-11-08,A,1.9538624154000002
6249,USGS,01351500,1956-11-09,A,1.8689118756
6250,USGS,01351500,1956-11-10,A,1.8689118756
6251,USGS,01351500,1956-11-11,A,1.7556444892
6252,USGS,01351500,1956-11-12,A,1.7556444892
6253,USGS,01351500,1956-11-13,A,1.7839613358
6254,USGS,01351500,1956-11-14,A,1.7839613358
6255,USGS,01351500,1956-11-15,A,1.9255455688
6256,USGS,01351500,1956-11-16,A,1.9538624154000002
6257,USGS,01351500,1956-11-17,A,1.8122781824
6258,USGS,01351500,1956-11-18,A,1.8689118756
6259,USGS,01351500,1956-11-19,A,1.982179262
6260,USGS,01351500,1956-11-20,A,2.0104961086
6261,USGS,01351500,1956-11-21,A,2.123763495
6262,USGS,01351500,1956-11-22,A,8.353469747
6263,USGS,01351500,1956-11-23,A,13.592086368
6264,USGS,01351500,1956-11-24,A,8.353469747
6265,USGS,01351500,1956-11-25,A,6.1730725588
6266,USGS,01351500,1956-11-26,A,5.7766367064
6267,USGS,01351500,1956-11-27,A,6.1730725588
6268,USGS,01351500,1956-11-28,A,5.9748546326000005
6269,USGS,01351500,1956-11-29,A,5.5784187802
6270,USGS,01351500,1956-11-30,A,5.097032388000001
6271,USGS,01351500,1956-12-01,A,4.672279689
6272,USGS,01351500,1956-12-02,A,4.5023786094
6273,USGS,01351500,1956-12-03,A,4.643962842400001
6274,USGS,01351500,1956-12-04,A,4.643962842400001
6275,USGS,01351500,1956-12-05,A,4.672279689
6276,USGS,01351500,1956-12-06,A,4.7855470754
6277,USGS,01351500,1956-12-07,A,6.7394094908
6278,USGS,01351500,1956-12-08,A,8.6083213664
6279,USGS,01351500,1956-12-09,A,8.8348561392
6280,USGS,01351500,1956-12-10,A,8.0986181276
6281,USGS,01351500,1956-12-11,A,7.3340632694000005
6282,USGS,01351500,1956-12-12,A,12.4877293506
6283,USGS,01351500,1956-12-13,A,20.8695159442
6284,USGS,01351500,1956-12-14,A,18.066148130800002
6285,USGS,01351500,1956-12-15,A,12.7992146632
6286,USGS,01351500,1956-12-16,A,19.9350600064
6287,USGS,01351500,1956-12-17,A,36.81190058
6288,USGS,01351500,1956-12-18,A,30.015857396
6289,USGS,01351500,1956-12-19,A,20.6429811714
6290,USGS,01351500,1956-12-20,A,19.9350600064
6291,USGS,01351500,1956-12-21,A,18.066148130800002
6292,USGS,01351500,1956-12-22,A,20.388129552000002
6293,USGS,01351500,1956-12-23,A,53.80200854
6294,USGS,01351500,1956-12-24,A,57.766367064
6295,USGS,01351500,1956-12-25,A,97.69312077000001
6296,USGS,01351500,1956-12-26,A,54.934682404
6297,USGS,01351500,1956-12-27,A,37.378237512
6298,USGS,01351500,1956-12-28,A,30.015857396
6299,USGS,01351500,1956-12-29,A,27.0992221962
6300,USGS,01351500,1956-12-30,A,18.122781824
6301,USGS,01351500,1956-12-31,A,15.291097164
6302,USGS,01351500,1957-01-01,A,14.1584233
6303,USGS,01351500,1957-01-02,A,11.609907106
6304,USGS,01351500,1957-01-03,A,10.760401708
6305,USGS,01351500,1957-01-04,A,10.477233242
6306,USGS,01351500,1957-01-05,A,9.061390912
6307,USGS,01351500,1957-01-06,A,7.928717048
6308,USGS,01351500,1957-01-07,A,7.645548582
6309,USGS,01351500,1957-01-08,A,7.07921165
6310,USGS,01351500,1957-01-09,A,6.371290485
6311,USGS,01351500,1957-01-10,A,5.5217850870000005
6312,USGS,01351500,1957-01-11,A,4.813863922
6313,USGS,01351500,1957-01-12,A,4.530695456
6314,USGS,01351500,1957-01-13,A,3.964358524
6315,USGS,01351500,1957-01-14,A,3.4546552852000003
6316,USGS,01351500,1957-01-15,A,3.2281205124000003
6317,USGS,01351500,1957-01-16,A,3.4546552852000003
6318,USGS,01351500,1957-01-17,A,3.3413878988
6319,USGS,01351500,1957-01-18,A,3.2281205124000003
6320,USGS,01351500,1957-01-19,A,3.114853126
6321,USGS,01351500,1957-01-20,A,3.114853126
6322,USGS,01351500,1957-01-21,A,3.2281205124000003
6323,USGS,01351500,1957-01-22,A,4.105942757
6324,USGS,01351500,1957-01-23,A,158.57434096
6325,USGS,01351500,1957-01-24,A,60.314883258
6326,USGS,01351500,1957-01-25,A,31.714868192
6327,USGS,01351500,1957-01-26,A,26.617835804000002
6328,USGS,01351500,1957-01-27,A,22.087140348000002
6329,USGS,01351500,1957-01-28,A,19.255455688
6330,USGS,01351500,1957-01-29,A,16.99010796
6331,USGS,01351500,1957-01-30,A,15.291097164
6332,USGS,01351500,1957-01-31,A,14.1584233
6333,USGS,01351500,1957-02-01,A,13.025749436
6334,USGS,01351500,1957-02-02,A,11.609907106
6335,USGS,01351500,1957-02-03,A,11.043570174000001
6336,USGS,01351500,1957-02-04,A,11.609907106
6337,USGS,01351500,1957-02-05,A,10.477233242
6338,USGS,01351500,1957-02-06,A,9.344559378
6339,USGS,01351500,1957-02-07,A,9.061390912
6340,USGS,01351500,1957-02-08,A,8.778222446000001
6341,USGS,01351500,1957-02-09,A,8.49505398
6342,USGS,01351500,1957-02-10,A,15.857434096
6343,USGS,01351500,1957-02-11,A,16.423771028
6344,USGS,01351500,1957-02-12,A,9.061390912
6345,USGS,01351500,1957-02-13,A,7.645548582
6346,USGS,01351500,1957-02-14,A,7.362380116000001
6347,USGS,01351500,1957-02-15,A,6.796043184
6348,USGS,01351500,1957-02-16,A,6.229706252
6349,USGS,01351500,1957-02-17,A,5.804953553
6350,USGS,01351500,1957-02-18,A,5.380200854
6351,USGS,01351500,1957-02-19,A,5.238616621
6352,USGS,01351500,1957-02-20,A,4.672279689
6353,USGS,01351500,1957-02-21,A,4.3891112230000005
6354,USGS,01351500,1957-02-22,A,4.3891112230000005
6355,USGS,01351500,1957-02-23,A,4.3891112230000005
6356,USGS,01351500,1957-02-24,A,4.672279689
6357,USGS,01351500,1957-02-25,A,4.7289133822
6358,USGS,01351500,1957-02-26,A,10.8170354012
6359,USGS,01351500,1957-02-27,A,67.96043184
6360,USGS,01351500,1957-02-28,A,45.30695456
6361,USGS,01351500,1957-03-01,A,19.255455688
6362,USGS,01351500,1957-03-02,A,17.556444892000002
6363,USGS,01351500,1957-03-03,A,13.875254834
6364,USGS,01351500,1957-03-04,A,10.477233242
6365,USGS,01351500,1957-03-05,A,8.778222446000001
6366,USGS,01351500,1957-03-06,A,7.928717048
6367,USGS,01351500,1957-03-07,A,8.211885514
6368,USGS,01351500,1957-03-08,A,8.2685192072
6369,USGS,01351500,1957-03-09,A,8.49505398
6370,USGS,01351500,1957-03-10,A,8.2685192072
6371,USGS,01351500,1957-03-11,A,6.229706252
6372,USGS,01351500,1957-03-12,A,8.0136675878
6373,USGS,01351500,1957-03-13,A,14.215056993200001
6374,USGS,01351500,1957-03-14,A,39.926753706
6375,USGS,01351500,1957-03-15,A,66.827757976
6376,USGS,01351500,1957-03-16,A,103.35649009000001
6377,USGS,01351500,1957-03-17,A,63.71290485
6378,USGS,01351500,1957-03-18,A,42.758438366
6379,USGS,01351500,1957-03-19,A,33.697047454
6380,USGS,01351500,1957-03-20,A,30.015857396
6381,USGS,01351500,1957-03-21,A,28.883183532
6382,USGS,01351500,1957-03-22,A,25.5134787866
6383,USGS,01351500,1957-03-23,A,31.148531260000002
6384,USGS,01351500,1957-03-24,A,29.449520464000003
6385,USGS,01351500,1957-03-25,A,23.927735377
6386,USGS,01351500,1957-03-26,A,21.803971882
6387,USGS,01351500,1957-03-27,A,20.8695159442
6388,USGS,01351500,1957-03-28,A,19.9350600064
6389,USGS,01351500,1957-03-29,A,19.0006040686
6390,USGS,01351500,1957-03-30,A,18.066148130800002
6391,USGS,01351500,1957-03-31,A,16.3388204882
6392,USGS,01351500,1957-04-01,A,14.3283243796
6393,USGS,01351500,1957-04-02,A,18.4342671366
6394,USGS,01351500,1957-04-03,A,30.582194328
6395,USGS,01351500,1957-04-04,A,20.388129552000002
6396,USGS,01351500,1957-04-05,A,24.3808049226
6397,USGS,01351500,1957-04-06,A,116.382239526
6398,USGS,01351500,1957-04-07,A,92.879256848
6399,USGS,01351500,1957-04-08,A,62.863399452
6400,USGS,01351500,1957-04-09,A,54.651513938
6401,USGS,01351500,1957-04-10,A,52.669334676
6402,USGS,01351500,1957-04-11,A,54.085177006
6403,USGS,01351500,1957-04-12,A,62.863399452
6404,USGS,01351500,1957-04-13,A,67.394094908
6405,USGS,01351500,1957-04-14,A,50.403986948000004
6406,USGS,01351500,1957-04-15,A,39.926753706
6407,USGS,01351500,1957-04-16,A,35.39605825
6408,USGS,01351500,1957-04-17,A,34.263384386
6409,USGS,01351500,1957-04-18,A,34.263384386
6410,USGS,01351500,1957-04-19,A,30.582194328
6411,USGS,01351500,1957-04-20,A,27.6938759748
6412,USGS,01351500,1957-04-21,A,25.5134787866
6413,USGS,01351500,1957-04-22,A,21.803971882
6414,USGS,01351500,1957-04-23,A,19.0006040686
6415,USGS,01351500,1957-04-24,A,20.8695159442
6416,USGS,01351500,1957-04-25,A,21.3509023364
6417,USGS,01351500,1957-04-26,A,17.6130785852
6418,USGS,01351500,1957-04-27,A,16.7352563406
6419,USGS,01351500,1957-04-28,A,15.121196084400001
6420,USGS,01351500,1957-04-29,A,13.5354526748
6421,USGS,01351500,1957-04-30,A,11.496639719600001
6422,USGS,01351500,1957-05-01,A,9.8542626168
6423,USGS,01351500,1957-05-02,A,8.5516876732
6424,USGS,01351500,1957-05-03,A,7.7588159684
6425,USGS,01351500,1957-05-04,A,7.220795883
6426,USGS,01351500,1957-05-05,A,7.0225779568
6427,USGS,01351500,1957-05-06,A,6.3996073316
6428,USGS,01351500,1957-05-07,A,5.804953553
6429,USGS,01351500,1957-05-08,A,5.1819829278
6430,USGS,01351500,1957-05-09,A,4.7289133822
6431,USGS,01351500,1957-05-10,A,4.4174280696
6432,USGS,01351500,1957-05-11,A,5.804953553
6433,USGS,01351500,1957-05-12,A,15.9423846358
6434,USGS,01351500,1957-05-13,A,19.4819904608
6435,USGS,01351500,1957-05-14,A,14.3283243796
6436,USGS,01351500,1957-05-15,A,17.6130785852
6437,USGS,01351500,1957-05-16,A,15.9423846358
6438,USGS,01351500,1957-05-17,A,11.8364418788
6439,USGS,01351500,1957-05-18,A,10.194064776000001
6440,USGS,01351500,1957-05-19,A,9.8542626168
6441,USGS,01351500,1957-05-20,A,73.340632694
6442,USGS,01351500,1957-05-21,A,126.293135836
6443,USGS,01351500,1957-05-22,A,78.720833548
6444,USGS,01351500,1957-05-23,A,64.562410248
6445,USGS,01351500,1957-05-24,A,57.766367064
6446,USGS,01351500,1957-05-25,A,53.235671608000004
6447,USGS,01351500,1957-05-26,A,56.916861666
6448,USGS,01351500,1957-05-27,A,59.182209394000004
6449,USGS,01351500,1957-05-28,A,36.245563648
6450,USGS,01351500,1957-05-29,A,24.9754587012
6451,USGS,01351500,1957-05-30,A,17.6130785852
6452,USGS,01351500,1957-05-31,A,12.1479271914
6453,USGS,01351500,1957-06-01,A,9.3162425314
6454,USGS,01351500,1957-06-02,A,8.0136675878
6455,USGS,01351500,1957-06-03,A,7.220795883
6456,USGS,01351500,1957-06-04,A,6.5978252578
6457,USGS,01351500,1957-06-05,A,5.5784187802
6458,USGS,01351500,1957-06-06,A,5.0403986948
6459,USGS,01351500,1957-06-07,A,5.380200854
6460,USGS,01351500,1957-06-08,A,7.0225779568
6461,USGS,01351500,1957-06-09,A,5.5784187802
6462,USGS,01351500,1957-06-10,A,4.5590123026
6463,USGS,01351500,1957-06-11,A,3.964358524
6464,USGS,01351500,1957-06-12,A,3.4263384386
6465,USGS,01351500,1957-06-13,A,3.114853126
6466,USGS,01351500,1957-06-14,A,3.0015857396000003
6467,USGS,01351500,1957-06-15,A,3.964358524
6468,USGS,01351500,1957-06-16,A,3.539605825
6469,USGS,01351500,1957-06-17,A,3.0015857396000003
6470,USGS,01351500,1957-06-18,A,2.6617835804
6471,USGS,01351500,1957-06-19,A,2.6617835804
6472,USGS,01351500,1957-06-20,A,2.2370308814
6473,USGS,01351500,1957-06-21,A,2.0104961086
6474,USGS,01351500,1957-06-22,A,2.0104961086
6475,USGS,01351500,1957-06-23,A,1.9255455688
6476,USGS,01351500,1957-06-24,A,1.8689118756
6477,USGS,01351500,1957-06-25,A,1.7839613358
6478,USGS,01351500,1957-06-26,A,1.8689118756
6479,USGS,01351500,1957-06-27,A,1.8689118756
6480,USGS,01351500,1957-06-28,A,1.8689118756
6481,USGS,01351500,1957-06-29,A,2.0104961086
6482,USGS,01351500,1957-06-30,A,2.1520803416
6483,USGS,01351500,1957-07-01,A,2.1520803416
6484,USGS,01351500,1957-07-02,A,2.0104961086
6485,USGS,01351500,1957-07-03,A,1.7839613358
6486,USGS,01351500,1957-07-04,A,1.7839613358
6487,USGS,01351500,1957-07-05,A,1.7839613358
6488,USGS,01351500,1957-07-06,A,1.7839613358
6489,USGS,01351500,1957-07-07,A,2.6617835804
6490,USGS,01351500,1957-07-08,A,2.2370308814
6491,USGS,01351500,1957-07-09,A,1.699010796
6492,USGS,01351500,1957-07-10,A,1.4441591766
6493,USGS,01351500,1957-07-11,A,1.2459412504
6494,USGS,01351500,1957-07-12,A,1.132673864
6495,USGS,01351500,1957-07-13,A,1.0760401708
6496,USGS,01351500,1957-07-14,A,1.0760401708
6497,USGS,01351500,1957-07-15,A,0.991089631
6498,USGS,01351500,1957-07-16,A,0.8778222446
6499,USGS,01351500,1957-07-17,A,0.849505398
6500,USGS,01351500,1957-07-18,A,0.8211885514
6501,USGS,01351500,1957-07-19,A,0.7362380116
6502,USGS,01351500,1957-07-20,A,0.6512874718
6503,USGS,01351500,1957-07-21,A,0.6229706252
6504,USGS,01351500,1957-07-22,A,0.566336932
6505,USGS,01351500,1957-07-23,A,0.566336932
6506,USGS,01351500,1957-07-24,A,0.5097032388
6507,USGS,01351500,1957-07-25,A,0.5097032388
6508,USGS,01351500,1957-07-26,A,0.5380200854
6509,USGS,01351500,1957-07-27,A,0.5946537786
6510,USGS,01351500,1957-07-28,A,0.9344559378
6511,USGS,01351500,1957-07-29,A,23.4180321382
6512,USGS,01351500,1957-07-30,A,17.7829796648
6513,USGS,01351500,1957-07-31,A,17.981197591
6514,USGS,01351500,1957-08-01,A,7.7588159684
6515,USGS,01351500,1957-08-02,A,4.4174280696
6516,USGS,01351500,1957-08-03,A,3.0015857396000003
6517,USGS,01351500,1957-08-04,A,6.003171479200001
6518,USGS,01351500,1957-08-05,A,9.5994109974
6519,USGS,01351500,1957-08-06,A,6.3996073316
6520,USGS,01351500,1957-08-07,A,4.2758438366
6521,USGS,01351500,1957-08-08,A,3.114853126
6522,USGS,01351500,1957-08-09,A,2.5485161940000003
6523,USGS,01351500,1957-08-10,A,2.406931961
6524,USGS,01351500,1957-08-11,A,4.2758438366
6525,USGS,01351500,1957-08-12,A,3.539605825
6526,USGS,01351500,1957-08-13,A,2.7750509668000003
6527,USGS,01351500,1957-08-14,A,2.1520803416
6528,USGS,01351500,1957-08-15,A,1.8689118756
6529,USGS,01351500,1957-08-16,A,1.699010796
6530,USGS,01351500,1957-08-17,A,1.5291097164
6531,USGS,01351500,1957-08-18,A,1.4441591766
6532,USGS,01351500,1957-08-19,A,1.2459412504
6533,USGS,01351500,1957-08-20,A,1.1609907106000001
6534,USGS,01351500,1957-08-21,A,1.1609907106000001
6535,USGS,01351500,1957-08-22,A,1.132673864
6536,USGS,01351500,1957-08-23,A,1.0760401708
6537,USGS,01351500,1957-08-24,A,0.991089631
6538,USGS,01351500,1957-08-25,A,0.9344559378
6539,USGS,01351500,1957-08-26,A,0.991089631
6540,USGS,01351500,1957-08-27,A,0.9627727844
6541,USGS,01351500,1957-08-28,A,0.9627727844
6542,USGS,01351500,1957-08-29,A,0.9627727844
6543,USGS,01351500,1957-08-30,A,0.9344559378
6544,USGS,01351500,1957-08-31,A,0.9344559378
6545,USGS,01351500,1957-09-01,A,0.8778222446
6546,USGS,01351500,1957-09-02,A,0.8211885514
6547,USGS,01351500,1957-09-03,A,0.8211885514
6548,USGS,01351500,1957-09-04,A,0.7928717048
6549,USGS,01351500,1957-09-05,A,0.7362380116
6550,USGS,01351500,1957-09-06,A,0.6796043184
6551,USGS,01351500,1957-09-07,A,0.6229706252
6552,USGS,01351500,1957-09-08,A,0.5946537786
6553,USGS,01351500,1957-09-09,A,0.5946537786
6554,USGS,01351500,1957-09-10,A,0.566336932
6555,USGS,01351500,1957-09-11,A,0.566336932
6556,USGS,01351500,1957-09-12,A,0.566336932
6557,USGS,01351500,1957-09-13,A,0.566336932
6558,USGS,01351500,1957-09-14,A,0.566336932
6559,USGS,01351500,1957-09-15,A,0.5946537786
6560,USGS,01351500,1957-09-16,A,0.6229706252
6561,USGS,01351500,1957-09-17,A,0.6512874718
6562,USGS,01351500,1957-09-18,A,0.6229706252
6563,USGS,01351500,1957-09-19,A,0.6512874718
6564,USGS,01351500,1957-09-20,A,0.707921165
6565,USGS,01351500,1957-09-21,A,0.8211885514
6566,USGS,01351500,1957-09-22,A,0.7928717048
6567,USGS,01351500,1957-09-23,A,0.8211885514
6568,USGS,01351500,1957-09-24,A,0.7362380116
6569,USGS,01351500,1957-09-25,A,0.8211885514
6570,USGS,01351500,1957-09-26,A,1.0760401708
6571,USGS,01351500,1957-09-27,A,0.9344559378
6572,USGS,01351500,1957-09-28,A,0.8211885514
6573,USGS,01351500,1957-09-29,A,0.707921165
6574,USGS,01351500,1957-09-30,A,0.6796043184
6575,USGS,01351500,1957-10-01,A,0.6229706252
6576,USGS,01351500,1957-10-02,A,0.5946537786
6577,USGS,01351500,1957-10-03,A,0.566336932
6578,USGS,01351500,1957-10-04,A,0.5380200854
6579,USGS,01351500,1957-10-05,A,0.5097032388
6580,USGS,01351500,1957-10-06,A,0.5097032388
6581,USGS,01351500,1957-10-07,A,0.5097032388
6582,USGS,01351500,1957-10-08,A,0.566336932
6583,USGS,01351500,1957-10-09,A,0.6796043184
6584,USGS,01351500,1957-10-10,A,1.3025749436
6585,USGS,01351500,1957-10-11,A,1.7839613358
6586,USGS,01351500,1957-10-12,A,1.5007928698000002
6587,USGS,01351500,1957-10-13,A,1.2459412504
6588,USGS,01351500,1957-10-14,A,1.0760401708
6589,USGS,01351500,1957-10-15,A,0.9627727844
6590,USGS,01351500,1957-10-16,A,0.9344559378
6591,USGS,01351500,1957-10-17,A,0.8778222446
6592,USGS,01351500,1957-10-18,A,0.9344559378
6593,USGS,01351500,1957-10-19,A,1.132673864
6594,USGS,01351500,1957-10-20,A,1.9538624154000002
6595,USGS,01351500,1957-10-21,A,2.5485161940000003
6596,USGS,01351500,1957-10-22,A,2.0104961086
6597,USGS,01351500,1957-10-23,A,1.699010796
6598,USGS,01351500,1957-10-24,A,1.5857434096
6599,USGS,01351500,1957-10-25,A,1.4441591766
6600,USGS,01351500,1957-10-26,A,1.3025749436
6601,USGS,01351500,1957-10-27,A,1.3592086368
6602,USGS,01351500,1957-10-28,A,1.3592086368
6603,USGS,01351500,1957-10-29,A,1.2459412504
6604,USGS,01351500,1957-10-30,A,1.2176244038
6605,USGS,01351500,1957-10-31,A,1.2176244038
6606,USGS,01351500,1957-11-01,A,1.1609907106000001
6607,USGS,01351500,1957-11-02,A,1.1609907106000001
6608,USGS,01351500,1957-11-03,A,1.2459412504
6609,USGS,01351500,1957-11-04,A,1.3025749436
6610,USGS,01351500,1957-11-05,A,1.8122781824
6611,USGS,01351500,1957-11-06,A,2.0954466484000003
6612,USGS,01351500,1957-11-07,A,1.8689118756
6613,USGS,01351500,1957-11-08,A,1.7839613358
6614,USGS,01351500,1957-11-09,A,1.7839613358
6615,USGS,01351500,1957-11-10,A,1.7273276426000002
6616,USGS,01351500,1957-11-11,A,1.9255455688
6617,USGS,01351500,1957-11-12,A,1.8689118756
6618,USGS,01351500,1957-11-13,A,1.7839613358
6619,USGS,01351500,1957-11-14,A,1.699010796
6620,USGS,01351500,1957-11-15,A,1.8689118756
6621,USGS,01351500,1957-11-16,A,2.4635656542
6622,USGS,01351500,1957-11-17,A,3.539605825
6623,USGS,01351500,1957-11-18,A,3.0015857396000003
6624,USGS,01351500,1957-11-19,A,2.8883183532
6625,USGS,01351500,1957-11-20,A,5.8899040928
6626,USGS,01351500,1957-11-21,A,7.7588159684
6627,USGS,01351500,1957-11-22,A,5.5784187802
6628,USGS,01351500,1957-11-23,A,4.7289133822
6629,USGS,01351500,1957-11-24,A,4.2758438366
6630,USGS,01351500,1957-11-25,A,3.7944574444
6631,USGS,01351500,1957-11-26,A,3.6528732114
6632,USGS,01351500,1957-11-27,A,3.3130710522
6633,USGS,01351500,1957-11-28,A,2.8883183532
6634,USGS,01351500,1957-11-29,A,3.114853126
6635,USGS,01351500,1957-11-30,A,3.7944574444
6636,USGS,01351500,1957-12-01,A,5.7200030132
6637,USGS,01351500,1957-12-02,A,6.8243600306
6638,USGS,01351500,1957-12-03,A,5.1819829278
6639,USGS,01351500,1957-12-04,A,4.5590123026
6640,USGS,01351500,1957-12-05,A,3.964358524
6641,USGS,01351500,1957-12-06,A,3.3413878988
6642,USGS,01351500,1957-12-07,A,3.539605825
6643,USGS,01351500,1957-12-08,A,5.804953553
6644,USGS,01351500,1957-12-09,A,7.7588159684
6645,USGS,01351500,1957-12-10,A,6.3996073316
6646,USGS,01351500,1957-12-11,A,6.2013894054000005
6647,USGS,01351500,1957-12-12,A,5.5217850870000005
6648,USGS,01351500,1957-12-13,A,4.24752699
6649,USGS,01351500,1957-12-14,A,5.1819829278
6650,USGS,01351500,1957-12-15,A,5.804953553
6651,USGS,01351500,1957-12-16,A,5.5784187802
6652,USGS,01351500,1957-12-17,A,5.946537786
6653,USGS,01351500,1957-12-18,A,5.238616621
6654,USGS,01351500,1957-12-19,A,6.2013894054000005
6655,USGS,01351500,1957-12-20,A,10.477233242
6656,USGS,01351500,1957-12-21,A,107.320848614
6657,USGS,01351500,1957-12-22,A,64.279241782
6658,USGS,01351500,1957-12-23,A,39.360416774
6659,USGS,01351500,1957-12-24,A,29.449520464000003
6660,USGS,01351500,1957-12-25,A,23.3897152916
6661,USGS,01351500,1957-12-26,A,23.1631805188
6662,USGS,01351500,1957-12-27,A,168.768405736
6663,USGS,01351500,1957-12-28,A,93.728762246
6664,USGS,01351500,1957-12-29,A,57.766367064
6665,USGS,01351500,1957-12-30,A,39.926753706
6666,USGS,01351500,1957-12-31,A,26.051498872
6667,USGS,01351500,1958-01-01,A,26.9859548098
6668,USGS,01351500,1958-01-02,A,27.6938759748
6669,USGS,01351500,1958-01-03,A,15.9423846358
6670,USGS,01351500,1958-01-04,A,12.176244038
6671,USGS,01351500,1958-01-05,A,9.627727844
6672,USGS,01351500,1958-01-06,A,13.1390168224
6673,USGS,01351500,1958-01-07,A,13.9318885272
6674,USGS,01351500,1958-01-08,A,14.724760232000001
6675,USGS,01351500,1958-01-09,A,14.724760232000001
6676,USGS,01351500,1958-01-10,A,14.1584233
6677,USGS,01351500,1958-01-11,A,13.592086368
6678,USGS,01351500,1958-01-12,A,12.74258097
6679,USGS,01351500,1958-01-13,A,12.74258097
6680,USGS,01351500,1958-01-14,A,13.025749436
6681,USGS,01351500,1958-01-15,A,13.875254834
6682,USGS,01351500,1958-01-16,A,14.1584233
6683,USGS,01351500,1958-01-17,A,13.592086368
6684,USGS,01351500,1958-01-18,A,12.74258097
6685,USGS,01351500,1958-01-19,A,11.609907106
6686,USGS,01351500,1958-01-20,A,11.609907106
6687,USGS,01351500,1958-01-21,A,12.74258097
6688,USGS,01351500,1958-01-22,A,15.857434096
6689,USGS,01351500,1958-01-23,A,25.48516194
6690,USGS,01351500,1958-01-24,A,19.82179262
6691,USGS,01351500,1958-01-25,A,18.689118756
6692,USGS,01351500,1958-01-26,A,20.388129552000002
6693,USGS,01351500,1958-01-27,A,31.148531260000002
6694,USGS,01351500,1958-01-28,A,28.3168466
6695,USGS,01351500,1958-01-29,A,26.051498872
6696,USGS,01351500,1958-01-30,A,23.786151144
6697,USGS,01351500,1958-01-31,A,22.087140348000002
6698,USGS,01351500,1958-02-01,A,20.954466484
6699,USGS,01351500,1958-02-02,A,19.82179262
6700,USGS,01351500,1958-02-03,A,19.255455688
6701,USGS,01351500,1958-02-04,A,18.689118756
6702,USGS,01351500,1958-02-05,A,19.255455688
6703,USGS,01351500,1958-02-06,A,18.122781824
6704,USGS,01351500,1958-02-07,A,17.556444892000002
6705,USGS,01351500,1958-02-08,A,16.99010796
6706,USGS,01351500,1958-02-09,A,14.724760232000001
6707,USGS,01351500,1958-02-10,A,11.893075572
6708,USGS,01351500,1958-02-11,A,12.176244038
6709,USGS,01351500,1958-02-12,A,11.609907106
6710,USGS,01351500,1958-02-13,A,11.043570174000001
6711,USGS,01351500,1958-02-14,A,11.043570174000001
6712,USGS,01351500,1958-02-15,A,10.760401708
6713,USGS,01351500,1958-02-16,A,10.477233242
6714,USGS,01351500,1958-02-17,A,9.91089631
6715,USGS,01351500,1958-02-18,A,9.627727844
6716,USGS,01351500,1958-02-19,A,9.91089631
6717,USGS,01351500,1958-02-20,A,10.194064776000001
6718,USGS,01351500,1958-02-21,A,10.477233242
6719,USGS,01351500,1958-02-22,A,10.760401708
6720,USGS,01351500,1958-02-23,A,10.477233242
6721,USGS,01351500,1958-02-24,A,11.043570174000001
6722,USGS,01351500,1958-02-25,A,11.609907106
6723,USGS,01351500,1958-02-26,A,12.176244038
6724,USGS,01351500,1958-02-27,A,12.74258097
6725,USGS,01351500,1958-02-28,A,25.48516194
6726,USGS,01351500,1958-03-01,A,39.64358524
6727,USGS,01351500,1958-03-02,A,36.81190058
6728,USGS,01351500,1958-03-03,A,31.148531260000002
6729,USGS,01351500,1958-03-04,A,33.413878988
6730,USGS,01351500,1958-03-05,A,30.582194328
6731,USGS,01351500,1958-03-06,A,29.449520464000003
6732,USGS,01351500,1958-03-07,A,27.184172736
6733,USGS,01351500,1958-03-08,A,26.051498872
6734,USGS,01351500,1958-03-09,A,25.48516194
6735,USGS,01351500,1958-03-10,A,26.617835804000002
6736,USGS,01351500,1958-03-11,A,27.750509668
6737,USGS,01351500,1958-03-12,A,29.449520464000003
6738,USGS,01351500,1958-03-13,A,28.3168466
6739,USGS,01351500,1958-03-14,A,29.449520464000003
6740,USGS,01351500,1958-03-15,A,26.051498872
6741,USGS,01351500,1958-03-16,A,23.927735377
6742,USGS,01351500,1958-03-17,A,20.8695159442
6743,USGS,01351500,1958-03-18,A,19.4819904608
6744,USGS,01351500,1958-03-19,A,19.4819904608
6745,USGS,01351500,1958-03-20,A,22.341991967400002
6746,USGS,01351500,1958-03-21,A,22.851695206200002
6747,USGS,01351500,1958-03-22,A,21.3509023364
6748,USGS,01351500,1958-03-23,A,21.803971882
6749,USGS,01351500,1958-03-24,A,24.8621913148
6750,USGS,01351500,1958-03-25,A,39.360416774
6751,USGS,01351500,1958-03-26,A,54.085177006
6752,USGS,01351500,1958-03-27,A,66.827757976
6753,USGS,01351500,1958-03-28,A,76.172317354
6754,USGS,01351500,1958-03-29,A,90.330740654
6755,USGS,01351500,1958-03-30,A,99.958468498
6756,USGS,01351500,1958-03-31,A,132.522842088
6757,USGS,01351500,1958-04-01,A,120.063429584
6758,USGS,01351500,1958-04-02,A,126.859472768
6759,USGS,01351500,1958-04-03,A,155.176319368
6760,USGS,01351500,1958-04-04,A,181.510986706
6761,USGS,01351500,1958-04-05,A,177.829796648
6762,USGS,01351500,1958-04-06,A,223.136751208
6763,USGS,01351500,1958-04-07,A,311.4853126
6764,USGS,01351500,1958-04-08,A,224.835762004
6765,USGS,01351500,1958-04-09,A,124.877293506
6766,USGS,01351500,1958-04-10,A,107.887185546
6767,USGS,01351500,1958-04-11,A,128.84165203
6768,USGS,01351500,1958-04-12,A,158.291172494
6769,USGS,01351500,1958-04-13,A,163.954541814
6770,USGS,01351500,1958-04-14,A,244.09121769200001
6771,USGS,01351500,1958-04-15,A,336.97047454
6772,USGS,01351500,1958-04-16,A,399.26753706
6773,USGS,01351500,1958-04-17,A,441.74280696
6774,USGS,01351500,1958-04-18,A,441.74280696
6775,USGS,01351500,1958-04-19,A,433.24775298000003
6776,USGS,01351500,1958-04-20,A,365.28732114
6777,USGS,01351500,1958-04-21,A,373.78237512
6778,USGS,01351500,1958-04-22,A,453.0695456
6779,USGS,01351500,1958-04-23,A,319.98036658
6780,USGS,01351500,1958-04-24,A,205.29713785
6781,USGS,01351500,1958-04-25,A,150.928792378
6782,USGS,01351500,1958-04-26,A,122.895114244
6783,USGS,01351500,1958-04-27,A,94.57826764400001
6784,USGS,01351500,1958-04-28,A,123.461451176
6785,USGS,01351500,1958-04-29,A,141.584233
6786,USGS,01351500,1958-04-30,A,131.67333669
6787,USGS,01351500,1958-05-01,A,105.338669352
6788,USGS,01351500,1958-05-02,A,82.685192072
6789,USGS,01351500,1958-05-03,A,71.358453432
6790,USGS,01351500,1958-05-04,A,91.180246052
6791,USGS,01351500,1958-05-05,A,77.87132815
6792,USGS,01351500,1958-05-06,A,64.562410248
6793,USGS,01351500,1958-05-07,A,77.87132815
6794,USGS,01351500,1958-05-08,A,122.895114244
6795,USGS,01351500,1958-05-09,A,101.657479294
6796,USGS,01351500,1958-05-10,A,77.021822752
6797,USGS,01351500,1958-05-11,A,64.562410248
6798,USGS,01351500,1958-05-12,A,63.71290485
6799,USGS,01351500,1958-05-13,A,60.031714792
6800,USGS,01351500,1958-05-14,A,50.120818482000004
6801,USGS,01351500,1958-05-15,A,62.863399452
6802,USGS,01351500,1958-05-16,A,106.18817475
6803,USGS,01351500,1958-05-17,A,86.083213664
6804,USGS,01351500,1958-05-18,A,69.093105704
6805,USGS,01351500,1958-05-19,A,69.093105704
6806,USGS,01351500,1958-05-20,A,59.182209394000004
6807,USGS,01351500,1958-05-21,A,50.687155414
6808,USGS,01351500,1958-05-22,A,45.30695456
6809,USGS,01351500,1958-05-23,A,39.077248308
6810,USGS,01351500,1958-05-24,A,33.413878988
6811,USGS,01351500,1958-05-25,A,29.449520464000003
6812,USGS,01351500,1958-05-26,A,27.920410747600002
6813,USGS,01351500,1958-05-27,A,22.738427819800002
6814,USGS,01351500,1958-05-28,A,16.282186795
6815,USGS,01351500,1958-05-29,A,13.818621140800001
6816,USGS,01351500,1958-05-30,A,12.74258097
6817,USGS,01351500,1958-05-31,A,11.32673864
6818,USGS,01351500,1958-06-01,A,9.7976289236
6819,USGS,01351500,1958-06-02,A,9.5144604576
6820,USGS,01351500,1958-06-03,A,12.74258097
6821,USGS,01351500,1958-06-04,A,10.618817475
6822,USGS,01351500,1958-06-05,A,8.6932719062
6823,USGS,01351500,1958-06-06,A,8.6932719062
6824,USGS,01351500,1958-06-07,A,10.9869364808
6825,USGS,01351500,1958-06-08,A,8.1552518208
6826,USGS,01351500,1958-06-09,A,8.4101034402
6827,USGS,01351500,1958-06-10,A,16.706939494
6828,USGS,01351500,1958-06-11,A,20.8695159442
6829,USGS,01351500,1958-06-12,A,32.281205124
6830,USGS,01351500,1958-06-13,A,22.2570414276
6831,USGS,01351500,1958-06-14,A,17.131692193
6832,USGS,01351500,1958-06-15,A,12.74258097
6833,USGS,01351500,1958-06-16,A,9.7976289236
6834,USGS,01351500,1958-06-17,A,7.8720833548
6835,USGS,01351500,1958-06-18,A,7.2491127296
6836,USGS,01351500,1958-06-19,A,6.6261421044
6837,USGS,01351500,1958-06-20,A,5.9748546326000005
6838,USGS,01351500,1958-06-21,A,5.4651513938
6839,USGS,01351500,1958-06-22,A,5.1253492346
6840,USGS,01351500,1958-06-23,A,4.813863922
6841,USGS,01351500,1958-06-24,A,4.3324775298
6842,USGS,01351500,1958-06-25,A,4.0493090638
6843,USGS,01351500,1958-06-26,A,3.6528732114
6844,USGS,01351500,1958-06-27,A,3.4263384386
6845,USGS,01351500,1958-06-28,A,3.4263384386
6846,USGS,01351500,1958-06-29,A,3.1714868192
6847,USGS,01351500,1958-06-30,A,2.83168466
6848,USGS,01351500,1958-07-01,A,2.4352488076
6849,USGS,01351500,1958-07-02,A,2.265347728
6850,USGS,01351500,1958-07-03,A,2.0671298018
6851,USGS,01351500,1958-07-04,A,1.9255455688
6852,USGS,01351500,1958-07-05,A,2.0671298018
6853,USGS,01351500,1958-07-06,A,2.9449520464
6854,USGS,01351500,1958-07-07,A,4.4174280696
6855,USGS,01351500,1958-07-08,A,5.4651513938
6856,USGS,01351500,1958-07-09,A,8.8631729858
6857,USGS,01351500,1958-07-10,A,7.5889148888
6858,USGS,01351500,1958-07-11,A,4.9837650016
6859,USGS,01351500,1958-07-12,A,3.9077248308000003
6860,USGS,01351500,1958-07-13,A,4.1625764502000004
6861,USGS,01351500,1958-07-14,A,3.9077248308000003
6862,USGS,01351500,1958-07-15,A,3.2847542056
6863,USGS,01351500,1958-07-16,A,2.83168466
6864,USGS,01351500,1958-07-17,A,2.5485161940000003
6865,USGS,01351500,1958-07-18,A,2.4352488076
6866,USGS,01351500,1958-07-19,A,2.3502982678
6867,USGS,01351500,1958-07-20,A,2.1803971882
6868,USGS,01351500,1958-07-21,A,1.982179262
6869,USGS,01351500,1958-07-22,A,1.8405950290000002
6870,USGS,01351500,1958-07-23,A,2.0671298018
6871,USGS,01351500,1958-07-24,A,3.1431699726
6872,USGS,01351500,1958-07-25,A,3.6528732114
6873,USGS,01351500,1958-07-26,A,2.9166351998
6874,USGS,01351500,1958-07-27,A,2.3502982678
6875,USGS,01351500,1958-07-28,A,2.0671298018
6876,USGS,01351500,1958-07-29,A,1.9255455688
6877,USGS,01351500,1958-07-30,A,1.7839613358
6878,USGS,01351500,1958-07-31,A,1.7273276426000002
6879,USGS,01351500,1958-08-01,A,1.6423771028
6880,USGS,01351500,1958-08-02,A,1.5857434096
6881,USGS,01351500,1958-08-03,A,1.4724760232
6882,USGS,01351500,1958-08-04,A,1.3308917902
6883,USGS,01351500,1958-08-05,A,1.2176244038
6884,USGS,01351500,1958-08-06,A,1.0760401708
6885,USGS,01351500,1958-08-07,A,0.9627727844
6886,USGS,01351500,1958-08-08,A,0.9627727844
6887,USGS,01351500,1958-08-09,A,1.0477233242000001
6888,USGS,01351500,1958-08-10,A,1.0194064776
6889,USGS,01351500,1958-08-11,A,0.9627727844
6890,USGS,01351500,1958-08-12,A,0.8778222446
6891,USGS,01351500,1958-08-13,A,0.8211885514
6892,USGS,01351500,1958-08-14,A,0.7362380116
6893,USGS,01351500,1958-08-15,A,0.707921165
6894,USGS,01351500,1958-08-16,A,0.707921165
6895,USGS,01351500,1958-08-17,A,0.6229706252
6896,USGS,01351500,1958-08-18,A,0.5946537786
6897,USGS,01351500,1958-08-19,A,0.5380200854
6898,USGS,01351500,1958-08-20,A,0.5097032388
6899,USGS,01351500,1958-08-21,A,0.4813863922
6900,USGS,01351500,1958-08-22,A,0.5097032388
6901,USGS,01351500,1958-08-23,A,0.4813863922
6902,USGS,01351500,1958-08-24,A,0.4813863922
6903,USGS,01351500,1958-08-25,A,0.6229706252
6904,USGS,01351500,1958-08-26,A,0.6512874718
6905,USGS,01351500,1958-08-27,A,0.7928717048
6906,USGS,01351500,1958-08-28,A,0.9627727844
6907,USGS,01351500,1958-08-29,A,0.9344559378
6908,USGS,01351500,1958-08-30,A,0.7928717048
6909,USGS,01351500,1958-08-31,A,0.6796043184
6910,USGS,01351500,1958-09-01,A,0.5946537786
6911,USGS,01351500,1958-09-02,A,0.5097032388
6912,USGS,01351500,1958-09-03,A,0.424752699
6913,USGS,01351500,1958-09-04,A,0.4530695456
6914,USGS,01351500,1958-09-05,A,0.4530695456
6915,USGS,01351500,1958-09-06,A,0.4530695456
6916,USGS,01351500,1958-09-07,A,0.7362380116
6917,USGS,01351500,1958-09-08,A,0.707921165
6918,USGS,01351500,1958-09-09,A,0.6796043184
6919,USGS,01351500,1958-09-10,A,1.0760401708
6920,USGS,01351500,1958-09-11,A,1.2176244038
6921,USGS,01351500,1958-09-12,A,1.132673864
6922,USGS,01351500,1958-09-13,A,1.0477233242000001
6923,USGS,01351500,1958-09-14,A,0.9344559378
6924,USGS,01351500,1958-09-15,A,0.849505398
6925,USGS,01351500,1958-09-16,A,0.8211885514
6926,USGS,01351500,1958-09-17,A,0.7928717048
6927,USGS,01351500,1958-09-18,A,0.8778222446
6928,USGS,01351500,1958-09-19,A,1.132673864
6929,USGS,01351500,1958-09-20,A,1.9255455688
6930,USGS,01351500,1958-09-21,A,1.8405950290000002
6931,USGS,01351500,1958-09-22,A,1.6423771028
6932,USGS,01351500,1958-09-23,A,1.3308917902
6933,USGS,01351500,1958-09-24,A,1.2742580970000001
6934,USGS,01351500,1958-09-25,A,1.2176244038
6935,USGS,01351500,1958-09-26,A,1.0477233242000001
6936,USGS,01351500,1958-09-27,A,1.0477233242000001
6937,USGS,01351500,1958-09-28,A,1.0760401708
6938,USGS,01351500,1958-09-29,A,1.0760401708
6939,USGS,01351500,1958-09-30,A,1.0760401708
6940,USGS,01351500,1958-10-01,A,1.2176244038
6941,USGS,01351500,1958-10-02,A,1.132673864
6942,USGS,01351500,1958-10-03,A,1.0194064776
6943,USGS,01351500,1958-10-04,A,0.9627727844
6944,USGS,01351500,1958-10-05,A,0.9627727844
6945,USGS,01351500,1958-10-06,A,0.8778222446
6946,USGS,01351500,1958-10-07,A,0.8211885514
6947,USGS,01351500,1958-10-08,A,0.7928717048
6948,USGS,01351500,1958-10-09,A,0.7362380116
6949,USGS,01351500,1958-10-10,A,0.7362380116
6950,USGS,01351500,1958-10-11,A,0.6796043184
6951,USGS,01351500,1958-10-12,A,0.6229706252
6952,USGS,01351500,1958-10-13,A,0.5946537786
6953,USGS,01351500,1958-10-14,A,0.6229706252
6954,USGS,01351500,1958-10-15,A,0.6229706252
6955,USGS,01351500,1958-10-16,A,0.6512874718
6956,USGS,01351500,1958-10-17,A,0.707921165
6957,USGS,01351500,1958-10-18,A,0.6796043184
6958,USGS,01351500,1958-10-19,A,0.6796043184
6959,USGS,01351500,1958-10-20,A,0.6512874718
6960,USGS,01351500,1958-10-21,A,0.6512874718
6961,USGS,01351500,1958-10-22,A,0.6512874718
6962,USGS,01351500,1958-10-23,A,1.1609907106000001
6963,USGS,01351500,1958-10-24,A,5.0120818482
6964,USGS,01351500,1958-10-25,A,9.231291991600001
6965,USGS,01351500,1958-10-26,A,19.7085252336
6966,USGS,01351500,1958-10-27,A,30.015857396
6967,USGS,01351500,1958-10-28,A,44.740617628
6968,USGS,01351500,1958-10-29,A,62.863399452
6969,USGS,01351500,1958-10-30,A,49.55448155
6970,USGS,01351500,1958-10-31,A,30.015857396
6971,USGS,01351500,1958-11-01,A,22.2570414276
6972,USGS,01351500,1958-11-02,A,16.706939494
6973,USGS,01351500,1958-11-03,A,21.2942686432
6974,USGS,01351500,1958-11-04,A,33.413878988
6975,USGS,01351500,1958-11-05,A,27.920410747600002
6976,USGS,01351500,1958-11-06,A,21.7756550354
6977,USGS,01351500,1958-11-07,A,17.131692193
6978,USGS,01351500,1958-11-08,A,15.007928698
6979,USGS,01351500,1958-11-09,A,13.818621140800001
6980,USGS,01351500,1958-11-10,A,13.450502135
6981,USGS,01351500,1958-11-11,A,15.432681397
6982,USGS,01351500,1958-11-12,A,13.0823831292
6983,USGS,01351500,1958-11-13,A,10.9869364808
6984,USGS,01351500,1958-11-14,A,10.335649009
6985,USGS,01351500,1958-11-15,A,11.6665407992
6986,USGS,01351500,1958-11-16,A,16.706939494
6987,USGS,01351500,1958-11-17,A,15.007928698
6988,USGS,01351500,1958-11-18,A,13.818621140800001
6989,USGS,01351500,1958-11-19,A,17.131692193
6990,USGS,01351500,1958-11-20,A,22.738427819800002
6991,USGS,01351500,1958-11-21,A,19.368723074400002
6992,USGS,01351500,1958-11-22,A,19.8501094666
6993,USGS,01351500,1958-11-23,A,16.282186795
6994,USGS,01351500,1958-11-24,A,14.1584233
6995,USGS,01351500,1958-11-25,A,13.818621140800001
6996,USGS,01351500,1958-11-26,A,13.0823831292
6997,USGS,01351500,1958-11-27,A,16.282186795
6998,USGS,01351500,1958-11-28,A,13.818621140800001
6999,USGS,01351500,1958-11-29,A,49.837650016
7000,USGS,01351500,1958-11-30,A,36.245563648
7001,USGS,01351500,1958-12-01,A,25.824964099200002
7002,USGS,01351500,1958-12-02,A,24.2675375362
7003,USGS,01351500,1958-12-03,A,20.812882251
7004,USGS,01351500,1958-12-04,A,19.368723074400002
7005,USGS,01351500,1958-12-05,A,21.2942686432
7006,USGS,01351500,1958-12-06,A,43.041606832
7007,USGS,01351500,1958-12-07,A,22.738427819800002
7008,USGS,01351500,1958-12-08,A,18.40595029
7009,USGS,01351500,1958-12-09,A,15.857434096
7010,USGS,01351500,1958-12-10,A,12.74258097
7011,USGS,01351500,1958-12-11,A,8.49505398
7012,USGS,01351500,1958-12-12,A,7.928717048
7013,USGS,01351500,1958-12-13,A,7.928717048
7014,USGS,01351500,1958-12-14,A,7.928717048
7015,USGS,01351500,1958-12-15,A,7.928717048
7016,USGS,01351500,1958-12-16,A,7.928717048
7017,USGS,01351500,1958-12-17,A,8.49505398
7018,USGS,01351500,1958-12-18,A,10.194064776000001
7019,USGS,01351500,1958-12-19,A,11.32673864
7020,USGS,01351500,1958-12-20,A,11.893075572
7021,USGS,01351500,1958-12-21,A,9.91089631
7022,USGS,01351500,1958-12-22,A,8.211885514
7023,USGS,01351500,1958-12-23,A,9.061390912
7024,USGS,01351500,1958-12-24,A,7.645548582
7025,USGS,01351500,1958-12-25,A,4.530695456
7026,USGS,01351500,1958-12-26,A,3.398021592
7027,USGS,01351500,1958-12-27,A,3.6811900580000003
7028,USGS,01351500,1958-12-28,A,3.964358524
7029,USGS,01351500,1958-12-29,A,3.6811900580000003
7030,USGS,01351500,1958-12-30,A,3.398021592
7031,USGS,01351500,1958-12-31,A,2.83168466
7032,USGS,01351500,1959-01-01,A,3.114853126
7033,USGS,01351500,1959-01-02,A,4.813863922
7034,USGS,01351500,1959-01-03,A,5.097032388000001
7035,USGS,01351500,1959-01-04,A,5.380200854
7036,USGS,01351500,1959-01-05,A,3.398021592
7037,USGS,01351500,1959-01-06,A,2.0954466484000003
7038,USGS,01351500,1959-01-07,A,1.982179262
7039,USGS,01351500,1959-01-08,A,2.4918825008
7040,USGS,01351500,1959-01-09,A,2.3219814212000003
7041,USGS,01351500,1959-01-10,A,2.3219814212000003
7042,USGS,01351500,1959-01-11,A,2.5485161940000003
7043,USGS,01351500,1959-01-12,A,3.964358524
7044,USGS,01351500,1959-01-13,A,4.530695456
7045,USGS,01351500,1959-01-14,A,5.380200854
7046,USGS,01351500,1959-01-15,A,6.796043184
7047,USGS,01351500,1959-01-16,A,7.362380116000001
7048,USGS,01351500,1959-01-17,A,5.946537786
7049,USGS,01351500,1959-01-18,A,4.24752699
7050,USGS,01351500,1959-01-19,A,3.398021592
7051,USGS,01351500,1959-01-20,A,4.813863922
7052,USGS,01351500,1959-01-21,A,99.1089631
7053,USGS,01351500,1959-01-22,A,283.168466
7054,USGS,01351500,1959-01-23,A,56.6336932
7055,USGS,01351500,1959-01-24,A,31.148531260000002
7056,USGS,01351500,1959-01-25,A,23.786151144
7057,USGS,01351500,1959-01-26,A,19.255455688
7058,USGS,01351500,1959-01-27,A,17.556444892000002
7059,USGS,01351500,1959-01-28,A,16.99010796
7060,USGS,01351500,1959-01-29,A,15.291097164
7061,USGS,01351500,1959-01-30,A,52.952503142000005
7062,USGS,01351500,1959-01-31,A,60.88122019
7063,USGS,01351500,1959-02-01,A,15.857434096
7064,USGS,01351500,1959-02-02,A,9.91089631
7065,USGS,01351500,1959-02-03,A,8.49505398
7066,USGS,01351500,1959-02-04,A,27.184172736
7067,USGS,01351500,1959-02-05,A,41.059427570000004
7068,USGS,01351500,1959-02-06,A,18.689118756
7069,USGS,01351500,1959-02-07,A,11.32673864
7070,USGS,01351500,1959-02-08,A,9.061390912
7071,USGS,01351500,1959-02-09,A,7.645548582
7072,USGS,01351500,1959-02-10,A,6.229706252
7073,USGS,01351500,1959-02-11,A,15.857434096
7074,USGS,01351500,1959-02-12,A,13.025749436
7075,USGS,01351500,1959-02-13,A,9.344559378
7076,USGS,01351500,1959-02-14,A,9.91089631
7077,USGS,01351500,1959-02-15,A,11.609907106
7078,USGS,01351500,1959-02-16,A,14.1584233
7079,USGS,01351500,1959-02-17,A,8.778222446000001
7080,USGS,01351500,1959-02-18,A,7.928717048
7081,USGS,01351500,1959-02-19,A,6.796043184
7082,USGS,01351500,1959-02-20,A,5.66336932
7083,USGS,01351500,1959-02-21,A,4.24752699
7084,USGS,01351500,1959-02-22,A,3.6811900580000003
7085,USGS,01351500,1959-02-23,A,4.530695456
7086,USGS,01351500,1959-02-24,A,5.097032388000001
7087,USGS,01351500,1959-02-25,A,3.964358524
7088,USGS,01351500,1959-02-26,A,4.813863922
7089,USGS,01351500,1959-02-27,A,6.512874718
7090,USGS,01351500,1959-02-28,A,14.1584233
7091,USGS,01351500,1959-03-01,A,28.3168466
7092,USGS,01351500,1959-03-02,A,33.98021592
7093,USGS,01351500,1959-03-03,A,22.65347728
7094,USGS,01351500,1959-03-04,A,20.388129552000002
7095,USGS,01351500,1959-03-05,A,16.423771028
7096,USGS,01351500,1959-03-06,A,42.4752699
7097,USGS,01351500,1959-03-07,A,25.48516194
7098,USGS,01351500,1959-03-08,A,16.99010796
7099,USGS,01351500,1959-03-09,A,12.74258097
7100,USGS,01351500,1959-03-10,A,10.194064776000001
7101,USGS,01351500,1959-03-11,A,9.061390912
7102,USGS,01351500,1959-03-12,A,8.211885514
7103,USGS,01351500,1959-03-13,A,7.645548582
7104,USGS,01351500,1959-03-14,A,7.362380116000001
7105,USGS,01351500,1959-03-15,A,7.07921165
7106,USGS,01351500,1959-03-16,A,22.65347728
7107,USGS,01351500,1959-03-17,A,33.413878988
7108,USGS,01351500,1959-03-18,A,20.388129552000002
7109,USGS,01351500,1959-03-19,A,16.423771028
7110,USGS,01351500,1959-03-20,A,108.736690944
7111,USGS,01351500,1959-03-21,A,133.08917902000002
7112,USGS,01351500,1959-03-22,A,97.12678383800001
7113,USGS,01351500,1959-03-23,A,37.944574444000004
7114,USGS,01351500,1959-03-24,A,36.245563648
7115,USGS,01351500,1959-03-25,A,55.501019336
7116,USGS,01351500,1959-03-26,A,66.827757976
7117,USGS,01351500,1959-03-27,A,59.182209394000004
7118,USGS,01351500,1959-03-28,A,30.582194328
7119,USGS,01351500,1959-03-29,A,23.3897152916
7120,USGS,01351500,1959-03-30,A,25.5134787866
7121,USGS,01351500,1959-03-31,A,41.059427570000004
7122,USGS,01351500,1959-04-01,A,103.922827022
7123,USGS,01351500,1959-04-02,A,201.61594779200001
7124,USGS,01351500,1959-04-03,A,227.101109732
7125,USGS,01351500,1959-04-04,A,148.66344465
7126,USGS,01351500,1959-04-05,A,113.550554866
7127,USGS,01351500,1959-04-06,A,115.532734128
7128,USGS,01351500,1959-04-07,A,99.958468498
7129,USGS,01351500,1959-04-08,A,86.932719062
7130,USGS,01351500,1959-04-09,A,125.726798904
7131,USGS,01351500,1959-04-10,A,129.691157428
7132,USGS,01351500,1959-04-11,A,124.02778810800001
7133,USGS,01351500,1959-04-12,A,103.35649009000001
7134,USGS,01351500,1959-04-13,A,79.570338946
7135,USGS,01351500,1959-04-14,A,65.978252578
7136,USGS,01351500,1959-04-15,A,57.766367064
7137,USGS,01351500,1959-04-16,A,52.669334676
7138,USGS,01351500,1959-04-17,A,50.97032388
7139,USGS,01351500,1959-04-18,A,50.97032388
7140,USGS,01351500,1959-04-19,A,50.403986948000004
7141,USGS,01351500,1959-04-20,A,52.669334676
7142,USGS,01351500,1959-04-21,A,75.322811956
7143,USGS,01351500,1959-04-22,A,57.766367064
7144,USGS,01351500,1959-04-23,A,47.005965356000004
7145,USGS,01351500,1959-04-24,A,40.776259104000005
7146,USGS,01351500,1959-04-25,A,36.81190058
7147,USGS,01351500,1959-04-26,A,34.263384386
7148,USGS,01351500,1959-04-27,A,39.926753706
7149,USGS,01351500,1959-04-28,A,117.51491339
7150,USGS,01351500,1959-04-29,A,99.958468498
7151,USGS,01351500,1959-04-30,A,83.53469747
7152,USGS,01351500,1959-05-01,A,73.906969626
7153,USGS,01351500,1959-05-02,A,61.447557122
7154,USGS,01351500,1959-05-03,A,54.651513938
7155,USGS,01351500,1959-05-04,A,47.005965356000004
7156,USGS,01351500,1959-05-05,A,39.926753706
7157,USGS,01351500,1959-05-06,A,35.39605825
7158,USGS,01351500,1959-05-07,A,31.714868192
7159,USGS,01351500,1959-05-08,A,29.449520464000003
7160,USGS,01351500,1959-05-09,A,26.051498872
7161,USGS,01351500,1959-05-10,A,23.3897152916
7162,USGS,01351500,1959-05-11,A,21.3509023364
7163,USGS,01351500,1959-05-12,A,22.341991967400002
7164,USGS,01351500,1959-05-13,A,21.3509023364
7165,USGS,01351500,1959-05-14,A,17.6130785852
7166,USGS,01351500,1959-05-15,A,15.121196084400001
7167,USGS,01351500,1959-05-16,A,12.7992146632
7168,USGS,01351500,1959-05-17,A,10.5055500886
7169,USGS,01351500,1959-05-18,A,9.5994109974
7170,USGS,01351500,1959-05-19,A,8.5516876732
7171,USGS,01351500,1959-05-20,A,8.5516876732
7172,USGS,01351500,1959-05-21,A,8.2685192072
7173,USGS,01351500,1959-05-22,A,7.7588159684
7174,USGS,01351500,1959-05-23,A,7.4756475024
7175,USGS,01351500,1959-05-24,A,7.220795883
7176,USGS,01351500,1959-05-25,A,7.0225779568
7177,USGS,01351500,1959-05-26,A,6.5978252578
7178,USGS,01351500,1959-05-27,A,5.804953553
7179,USGS,01351500,1959-05-28,A,5.0403986948
7180,USGS,01351500,1959-05-29,A,4.5590123026
7181,USGS,01351500,1959-05-30,A,5.380200854
7182,USGS,01351500,1959-05-31,A,5.380200854
7183,USGS,01351500,1959-06-01,A,4.105942757
7184,USGS,01351500,1959-06-02,A,3.539605825
7185,USGS,01351500,1959-06-03,A,3.539605825
7186,USGS,01351500,1959-06-04,A,4.105942757
7187,USGS,01351500,1959-06-05,A,3.7944574444
7188,USGS,01351500,1959-06-06,A,3.0015857396000003
7189,USGS,01351500,1959-06-07,A,2.8883183532
7190,USGS,01351500,1959-06-08,A,2.4635656542
7191,USGS,01351500,1959-06-09,A,2.406931961
7192,USGS,01351500,1959-06-10,A,2.0954466484000003
7193,USGS,01351500,1959-06-11,A,1.8689118756
7194,USGS,01351500,1959-06-12,A,1.699010796
7195,USGS,01351500,1959-06-13,A,1.5291097164
7196,USGS,01351500,1959-06-14,A,1.3875254834000001
7197,USGS,01351500,1959-06-15,A,1.3592086368
7198,USGS,01351500,1959-06-16,A,1.3875254834000001
7199,USGS,01351500,1959-06-17,A,1.4441591766
7200,USGS,01351500,1959-06-18,A,1.5007928698000002
7201,USGS,01351500,1959-06-19,A,2.0104961086
7202,USGS,01351500,1959-06-20,A,2.1520803416
7203,USGS,01351500,1959-06-21,A,2.1520803416
7204,USGS,01351500,1959-06-22,A,2.0104961086
7205,USGS,01351500,1959-06-23,A,1.7273276426000002
7206,USGS,01351500,1959-06-24,A,1.6423771028
7207,USGS,01351500,1959-06-25,A,1.5291097164
7208,USGS,01351500,1959-06-26,A,1.5007928698000002
7209,USGS,01351500,1959-06-27,A,1.5291097164
7210,USGS,01351500,1959-06-28,A,1.5291097164
7211,USGS,01351500,1959-06-29,A,1.5007928698000002
7212,USGS,01351500,1959-06-30,A,1.5007928698000002
7213,USGS,01351500,1959-07-01,A,1.1609907106000001
7214,USGS,01351500,1959-07-02,A,1.0477233242000001
7215,USGS,01351500,1959-07-03,A,0.8778222446
7216,USGS,01351500,1959-07-04,A,0.7928717048
7217,USGS,01351500,1959-07-05,A,0.6512874718
7218,USGS,01351500,1959-07-06,A,0.6796043184
7219,USGS,01351500,1959-07-07,A,0.6512874718
7220,USGS,01351500,1959-07-08,A,0.6229706252
7221,USGS,01351500,1959-07-09,A,0.566336932
7222,USGS,01351500,1959-07-10,A,0.5380200854
7223,USGS,01351500,1959-07-11,A,0.5097032388
7224,USGS,01351500,1959-07-12,A,0.4813863922
7225,USGS,01351500,1959-07-13,A,0.5380200854
7226,USGS,01351500,1959-07-14,A,0.566336932
7227,USGS,01351500,1959-07-15,A,0.5097032388
7228,USGS,01351500,1959-07-16,A,0.5097032388
7229,USGS,01351500,1959-07-17,A,0.4813863922
7230,USGS,01351500,1959-07-18,A,0.424752699
7231,USGS,01351500,1959-07-19,A,0.3964358524
7232,USGS,01351500,1959-07-20,A,0.3964358524
7233,USGS,01351500,1959-07-21,A,0.424752699
7234,USGS,01351500,1959-07-22,A,0.3964358524
7235,USGS,01351500,1959-07-23,A,0.3964358524
7236,USGS,01351500,1959-07-24,A,0.3964358524
7237,USGS,01351500,1959-07-25,A,0.4813863922
7238,USGS,01351500,1959-07-26,A,0.5380200854
7239,USGS,01351500,1959-07-27,A,0.4813863922
7240,USGS,01351500,1959-07-28,A,0.424752699
7241,USGS,01351500,1959-07-29,A,0.3964358524
7242,USGS,01351500,1959-07-30,A,0.3398021592
7243,USGS,01351500,1959-07-31,A,0.3398021592
7244,USGS,01351500,1959-08-01,A,0.28033678134
7245,USGS,01351500,1959-08-02,A,0.26334667338
7246,USGS,01351500,1959-08-03,A,0.24635656541999998
7247,USGS,01351500,1959-08-04,A,0.21803971882
7248,USGS,01351500,1959-08-05,A,0.26334667338
7249,USGS,01351500,1959-08-06,A,0.3114853126
7250,USGS,01351500,1959-08-07,A,0.3398021592
7251,USGS,01351500,1959-08-08,A,0.3398021592
7252,USGS,01351500,1959-08-09,A,0.3398021592
7253,USGS,01351500,1959-08-10,A,0.3964358524
7254,USGS,01351500,1959-08-11,A,0.424752699
7255,USGS,01351500,1959-08-12,A,0.5097032388
7256,USGS,01351500,1959-08-13,A,0.5097032388
7257,USGS,01351500,1959-08-14,A,0.424752699
7258,USGS,01351500,1959-08-15,A,0.424752699
7259,USGS,01351500,1959-08-16,A,0.424752699
7260,USGS,01351500,1959-08-17,A,0.3964358524
7261,USGS,01351500,1959-08-18,A,0.3398021592
7262,USGS,01351500,1959-08-19,A,0.3398021592
7263,USGS,01351500,1959-08-20,A,0.283168466
7264,USGS,01351500,1959-08-21,A,0.28033678134
7265,USGS,01351500,1959-08-22,A,0.28033678134
7266,USGS,01351500,1959-08-23,A,0.24635656541999998
7267,USGS,01351500,1959-08-24,A,0.28033678134
7268,USGS,01351500,1959-08-25,A,0.3114853126
7269,USGS,01351500,1959-08-26,A,0.3398021592
7270,USGS,01351500,1959-08-27,A,0.3681190058
7271,USGS,01351500,1959-08-28,A,0.4813863922
7272,USGS,01351500,1959-08-29,A,0.5097032388
7273,USGS,01351500,1959-08-30,A,0.5097032388
7274,USGS,01351500,1959-08-31,A,0.5097032388
7275,USGS,01351500,1959-09-01,A,0.4813863922
7276,USGS,01351500,1959-09-02,A,0.4530695456
7277,USGS,01351500,1959-09-03,A,0.5097032388
7278,USGS,01351500,1959-09-04,A,0.4813863922
7279,USGS,01351500,1959-09-05,A,0.3964358524
7280,USGS,01351500,1959-09-06,A,0.3681190058
7281,USGS,01351500,1959-09-07,A,0.3398021592
7282,USGS,01351500,1959-09-08,A,0.3114853126
7283,USGS,01351500,1959-09-09,A,0.283168466
7284,USGS,01351500,1959-09-10,A,0.24918825008000003
7285,USGS,01351500,1959-09-11,A,0.22087140348
7286,USGS,01351500,1959-09-12,A,0.19255455688
7287,USGS,01351500,1959-09-13,A,0.15857434096
7288,USGS,01351500,1959-09-14,A,0.13308917902
7289,USGS,01351500,1959-09-15,A,0.14724760232
7290,USGS,01351500,1959-09-16,A,0.1699010796
7291,USGS,01351500,1959-09-17,A,0.1699010796
7292,USGS,01351500,1959-09-18,A,0.15857434096
7293,USGS,01351500,1959-09-19,A,0.15857434096
7294,USGS,01351500,1959-09-20,A,0.14724760232
7295,USGS,01351500,1959-09-21,A,0.15857434096
7296,USGS,01351500,1959-09-22,A,0.18122781824
7297,USGS,01351500,1959-09-23,A,0.20388129552
7298,USGS,01351500,1959-09-24,A,0.19255455688
7299,USGS,01351500,1959-09-25,A,0.1699010796
7300,USGS,01351500,1959-09-26,A,0.14724760232
7301,USGS,01351500,1959-09-27,A,0.14724760232
7302,USGS,01351500,1959-09-28,A,0.15857434096
7303,USGS,01351500,1959-09-29,A,0.15857434096
7304,USGS,01351500,1959-09-30,A,0.20388129552
7305,USGS,01351500,1959-10-01,A,0.23219814211999998
7306,USGS,01351500,1959-10-02,A,0.3681190058
7307,USGS,01351500,1959-10-03,A,0.4530695456
7308,USGS,01351500,1959-10-04,A,0.5097032388
7309,USGS,01351500,1959-10-05,A,0.8778222446
7310,USGS,01351500,1959-10-06,A,0.849505398
7311,USGS,01351500,1959-10-07,A,0.8211885514
7312,USGS,01351500,1959-10-08,A,1.0477233242000001
7313,USGS,01351500,1959-10-09,A,1.7273276426000002
7314,USGS,01351500,1959-10-10,A,4.5590123026
7315,USGS,01351500,1959-10-11,A,4.2758438366
7316,USGS,01351500,1959-10-12,A,2.6617835804
7317,USGS,01351500,1959-10-13,A,1.9255455688
7318,USGS,01351500,1959-10-14,A,1.699010796
7319,USGS,01351500,1959-10-15,A,1.3875254834000001
7320,USGS,01351500,1959-10-16,A,1.3025749436
7321,USGS,01351500,1959-10-17,A,1.1609907106000001
7322,USGS,01351500,1959-10-18,A,1.132673864
7323,USGS,01351500,1959-10-19,A,0.8778222446
7324,USGS,01351500,1959-10-20,A,0.849505398
7325,USGS,01351500,1959-10-21,A,0.8211885514
7326,USGS,01351500,1959-10-22,A,0.8211885514
7327,USGS,01351500,1959-10-23,A,0.8778222446
7328,USGS,01351500,1959-10-24,A,1.0760401708
7329,USGS,01351500,1959-10-25,A,12.74258097
7330,USGS,01351500,1959-10-26,A,13.9318885272
7331,USGS,01351500,1959-10-27,A,8.2685192072
7332,USGS,01351500,1959-10-28,A,6.3996073316
7333,USGS,01351500,1959-10-29,A,5.1819829278
7334,USGS,01351500,1959-10-30,A,4.4174280696
7335,USGS,01351500,1959-10-31,A,4.2758438366
7336,USGS,01351500,1959-11-01,A,7.9853507412
7337,USGS,01351500,1959-11-02,A,12.4877293506
7338,USGS,01351500,1959-11-03,A,9.8542626168
7339,USGS,01351500,1959-11-04,A,8.2685192072
7340,USGS,01351500,1959-11-05,A,9.061390912
7341,USGS,01351500,1959-11-06,A,13.5354526748
7342,USGS,01351500,1959-11-07,A,34.829721318000004
7343,USGS,01351500,1959-11-08,A,25.5134787866
7344,USGS,01351500,1959-11-09,A,18.066148130800002
7345,USGS,01351500,1959-11-10,A,14.3283243796
7346,USGS,01351500,1959-11-11,A,12.1479271914
7347,USGS,01351500,1959-11-12,A,10.845352247800001
7348,USGS,01351500,1959-11-13,A,10.5055500886
7349,USGS,01351500,1959-11-14,A,20.8695159442
7350,USGS,01351500,1959-11-15,A,23.3897152916
7351,USGS,01351500,1959-11-16,A,30.015857396
7352,USGS,01351500,1959-11-17,A,25.5134787866
7353,USGS,01351500,1959-11-18,A,26.051498872
7354,USGS,01351500,1959-11-19,A,21.803971882
7355,USGS,01351500,1959-11-20,A,15.9423846358
7356,USGS,01351500,1959-11-21,A,11.1568375604
7357,USGS,01351500,1959-11-22,A,9.8542626168
7358,USGS,01351500,1959-11-23,A,8.8065392926
7359,USGS,01351500,1959-11-24,A,9.061390912
7360,USGS,01351500,1959-11-25,A,10.845352247800001
7361,USGS,01351500,1959-11-26,A,27.0992221962
7362,USGS,01351500,1959-11-27,A,22.341991967400002
7363,USGS,01351500,1959-11-28,A,325.6437359
7364,USGS,01351500,1959-11-29,A,387.94079842
7365,USGS,01351500,1959-11-30,A,148.66344465
7366,USGS,01351500,1959-12-01,A,101.657479294
7367,USGS,01351500,1959-12-02,A,79.570338946
7368,USGS,01351500,1959-12-03,A,65.978252578
7369,USGS,01351500,1959-12-04,A,56.067356268000005
7370,USGS,01351500,1959-12-05,A,48.13863922
7371,USGS,01351500,1959-12-06,A,42.192101434
7372,USGS,01351500,1959-12-07,A,144.132749194
7373,USGS,01351500,1959-12-08,A,179.528807444
7374,USGS,01351500,1959-12-09,A,95.427773042
7375,USGS,01351500,1959-12-10,A,72.20795883
7376,USGS,01351500,1959-12-11,A,58.332703996
7377,USGS,01351500,1959-12-12,A,62.580230986000004
7378,USGS,01351500,1959-12-13,A,157.441667096
7379,USGS,01351500,1959-12-14,A,111.568375604
7380,USGS,01351500,1959-12-15,A,77.87132815
7381,USGS,01351500,1959-12-16,A,69.942611102
7382,USGS,01351500,1959-12-17,A,61.447557122
7383,USGS,01351500,1959-12-18,A,52.669334676
7384,USGS,01351500,1959-12-19,A,45.590123026
7385,USGS,01351500,1959-12-20,A,35.39605825
7386,USGS,01351500,1959-12-21,A,28.2602129068
7387,USGS,01351500,1959-12-22,A,27.0992221962
7388,USGS,01351500,1959-12-23,A,22.851695206200002
7389,USGS,01351500,1959-12-24,A,18.5192176764
7390,USGS,01351500,1959-12-25,A,24.9754587012
7391,USGS,01351500,1959-12-26,A,31.714868192
7392,USGS,01351500,1959-12-27,A,28.2602129068
7393,USGS,01351500,1959-12-28,A,30.582194328
7394,USGS,01351500,1959-12-29,A,69.37627417
7395,USGS,01351500,1959-12-30,A,49.55448155
7396,USGS,01351500,1959-12-31,A,36.81190058
7397,USGS,01351500,1960-01-01,A,28.883183532
7398,USGS,01351500,1960-01-02,A,21.803971882
7399,USGS,01351500,1960-01-03,A,220.87140348
7400,USGS,01351500,1960-01-04,A,252.01993474
7401,USGS,01351500,1960-01-05,A,113.550554866
7402,USGS,01351500,1960-01-06,A,73.906969626
7403,USGS,01351500,1960-01-07,A,59.182209394000004
7404,USGS,01351500,1960-01-08,A,51.819829278
7405,USGS,01351500,1960-01-09,A,39.360416774
7406,USGS,01351500,1960-01-10,A,29.449520464000003
7407,USGS,01351500,1960-01-11,A,29.449520464000003
7408,USGS,01351500,1960-01-12,A,26.051498872
7409,USGS,01351500,1960-01-13,A,25.5134787866
7410,USGS,01351500,1960-01-14,A,28.883183532
7411,USGS,01351500,1960-01-15,A,30.015857396
7412,USGS,01351500,1960-01-16,A,34.829721318000004
7413,USGS,01351500,1960-01-17,A,31.148531260000002
7414,USGS,01351500,1960-01-18,A,24.9754587012
7415,USGS,01351500,1960-01-19,A,24.9754587012
7416,USGS,01351500,1960-01-20,A,22.341991967400002
7417,USGS,01351500,1960-01-21,A,19.9350600064
7418,USGS,01351500,1960-01-22,A,19.0006040686
7419,USGS,01351500,1960-01-23,A,17.131692193
7420,USGS,01351500,1960-01-24,A,15.5459487834
7421,USGS,01351500,1960-01-25,A,15.9423846358
7422,USGS,01351500,1960-01-26,A,14.724760232000001
7423,USGS,01351500,1960-01-27,A,15.9423846358
7424,USGS,01351500,1960-01-28,A,17.6130785852
7425,USGS,01351500,1960-01-29,A,15.5459487834
7426,USGS,01351500,1960-01-30,A,13.9318885272
7427,USGS,01351500,1960-01-31,A,13.9318885272
7428,USGS,01351500,1960-02-01,A,12.7992146632
7429,USGS,01351500,1960-02-02,A,14.724760232000001
7430,USGS,01351500,1960-02-03,A,13.1390168224
7431,USGS,01351500,1960-02-04,A,11.8364418788
7432,USGS,01351500,1960-02-05,A,12.7992146632
7433,USGS,01351500,1960-02-06,A,14.3283243796
7434,USGS,01351500,1960-02-07,A,18.5192176764
7435,USGS,01351500,1960-02-08,A,25.5134787866
7436,USGS,01351500,1960-02-09,A,20.8695159442
7437,USGS,01351500,1960-02-10,A,19.0006040686
7438,USGS,01351500,1960-02-11,A,294.49520464
7439,USGS,01351500,1960-02-12,A,416.25764502
7440,USGS,01351500,1960-02-13,A,139.602053738
7441,USGS,01351500,1960-02-14,A,91.180246052
7442,USGS,01351500,1960-02-15,A,59.748546326
7443,USGS,01351500,1960-02-16,A,56.067356268000005
7444,USGS,01351500,1960-02-17,A,51.819829278
7445,USGS,01351500,1960-02-18,A,46.156459958
7446,USGS,01351500,1960-02-19,A,53.235671608000004
7447,USGS,01351500,1960-02-20,A,44.740617628
7448,USGS,01351500,1960-02-21,A,36.81190058
7449,USGS,01351500,1960-02-22,A,32.847542056
7450,USGS,01351500,1960-02-23,A,32.281205124
7451,USGS,01351500,1960-02-24,A,31.714868192
7452,USGS,01351500,1960-02-25,A,29.449520464000003
7453,USGS,01351500,1960-02-26,A,26.5612021108
7454,USGS,01351500,1960-02-27,A,28.883183532
7455,USGS,01351500,1960-02-28,A,26.051498872
7456,USGS,01351500,1960-02-29,A,23.3897152916
7457,USGS,01351500,1960-03-01,A,20.8695159442
7458,USGS,01351500,1960-03-02,A,16.3388204882
7459,USGS,01351500,1960-03-03,A,20.388129552000002
7460,USGS,01351500,1960-03-04,A,27.0992221962
7461,USGS,01351500,1960-03-05,A,27.0992221962
7462,USGS,01351500,1960-03-06,A,19.0006040686
7463,USGS,01351500,1960-03-07,A,17.6130785852
7464,USGS,01351500,1960-03-08,A,18.066148130800002
7465,USGS,01351500,1960-03-09,A,15.121196084400001
7466,USGS,01351500,1960-03-10,A,14.3283243796
7467,USGS,01351500,1960-03-11,A,14.724760232000001
7468,USGS,01351500,1960-03-12,A,14.3283243796
7469,USGS,01351500,1960-03-13,A,13.5354526748
7470,USGS,01351500,1960-03-14,A,13.9318885272
7471,USGS,01351500,1960-03-15,A,12.4877293506
7472,USGS,01351500,1960-03-16,A,12.1479271914
7473,USGS,01351500,1960-03-17,A,12.1479271914
7474,USGS,01351500,1960-03-18,A,11.496639719600001
7475,USGS,01351500,1960-03-19,A,11.8364418788
7476,USGS,01351500,1960-03-20,A,11.8364418788
7477,USGS,01351500,1960-03-21,A,11.8364418788
7478,USGS,01351500,1960-03-22,A,11.1568375604
7479,USGS,01351500,1960-03-23,A,11.1568375604
7480,USGS,01351500,1960-03-24,A,10.5055500886
7481,USGS,01351500,1960-03-25,A,10.5055500886
7482,USGS,01351500,1960-03-26,A,9.3162425314
7483,USGS,01351500,1960-03-27,A,9.5994109974
7484,USGS,01351500,1960-03-28,A,16.99010796
7485,USGS,01351500,1960-03-29,A,56.350524734000004
7486,USGS,01351500,1960-03-30,A,211.526844102
7487,USGS,01351500,1960-03-31,A,707.921165
7488,USGS,01351500,1960-04-01,A,642.79241782
7489,USGS,01351500,1960-04-02,A,368.1190058
7490,USGS,01351500,1960-04-03,A,302.99025862
7491,USGS,01351500,1960-04-04,A,753.22811956
7492,USGS,01351500,1960-04-05,A,679.6043184
7493,USGS,01351500,1960-04-06,A,351.12889784000004
7494,USGS,01351500,1960-04-07,A,188.873366822
7495,USGS,01351500,1960-04-08,A,137.619874476
7496,USGS,01351500,1960-04-09,A,116.382239526
7497,USGS,01351500,1960-04-10,A,100.80797389600001
7498,USGS,01351500,1960-04-11,A,80.419844344
7499,USGS,01351500,1960-04-12,A,77.87132815
7500,USGS,01351500,1960-04-13,A,80.986181276
7501,USGS,01351500,1960-04-14,A,74.473306558
7502,USGS,01351500,1960-04-15,A,80.419844344
7503,USGS,01351500,1960-04-16,A,86.932719062
7504,USGS,01351500,1960-04-17,A,84.384202868
7505,USGS,01351500,1960-04-18,A,75.322811956
7506,USGS,01351500,1960-04-19,A,80.986181276
7507,USGS,01351500,1960-04-20,A,62.863399452
7508,USGS,01351500,1960-04-21,A,52.669334676
7509,USGS,01351500,1960-04-22,A,47.005965356000004
7510,USGS,01351500,1960-04-23,A,42.192101434
7511,USGS,01351500,1960-04-24,A,124.877293506
7512,USGS,01351500,1960-04-25,A,86.083213664
7513,USGS,01351500,1960-04-26,A,63.71290485
7514,USGS,01351500,1960-04-27,A,62.013894054000005
7515,USGS,01351500,1960-04-28,A,69.093105704
7516,USGS,01351500,1960-04-29,A,55.501019336
7517,USGS,01351500,1960-04-30,A,45.590123026
7518,USGS,01351500,1960-05-01,A,42.192101434
7519,USGS,01351500,1960-05-02,A,42.192101434
7520,USGS,01351500,1960-05-03,A,36.245563648
7521,USGS,01351500,1960-05-04,A,30.582194328
7522,USGS,01351500,1960-05-05,A,23.927735377
7523,USGS,01351500,1960-05-06,A,23.3897152916
7524,USGS,01351500,1960-05-07,A,20.8695159442
7525,USGS,01351500,1960-05-08,A,19.4819904608
7526,USGS,01351500,1960-05-09,A,18.066148130800002
7527,USGS,01351500,1960-05-10,A,41.342596036
7528,USGS,01351500,1960-05-11,A,38.794079842
7529,USGS,01351500,1960-05-12,A,31.714868192
7530,USGS,01351500,1960-05-13,A,34.263384386
7531,USGS,01351500,1960-05-14,A,36.81190058
7532,USGS,01351500,1960-05-15,A,39.926753706
7533,USGS,01351500,1960-05-16,A,34.829721318000004
7534,USGS,01351500,1960-05-17,A,28.883183532
7535,USGS,01351500,1960-05-18,A,37.944574444000004
7536,USGS,01351500,1960-05-19,A,39.360416774
7537,USGS,01351500,1960-05-20,A,32.281205124
7538,USGS,01351500,1960-05-21,A,26.5612021108
7539,USGS,01351500,1960-05-22,A,24.9754587012
7540,USGS,01351500,1960-05-23,A,27.0992221962
7541,USGS,01351500,1960-05-24,A,50.403986948000004
7542,USGS,01351500,1960-05-25,A,71.358453432
7543,USGS,01351500,1960-05-26,A,80.986181276
7544,USGS,01351500,1960-05-27,A,62.863399452
7545,USGS,01351500,1960-05-28,A,45.590123026
7546,USGS,01351500,1960-05-29,A,36.245563648
7547,USGS,01351500,1960-05-30,A,31.714868192
7548,USGS,01351500,1960-05-31,A,34.263384386
7549,USGS,01351500,1960-06-01,A,57.766367064
7550,USGS,01351500,1960-06-02,A,48.13863922
7551,USGS,01351500,1960-06-03,A,33.697047454
7552,USGS,01351500,1960-06-04,A,28.2602129068
7553,USGS,01351500,1960-06-05,A,23.927735377
7554,USGS,01351500,1960-06-06,A,91.46341451800001
7555,USGS,01351500,1960-06-07,A,46.156459958
7556,USGS,01351500,1960-06-08,A,30.582194328
7557,USGS,01351500,1960-06-09,A,22.341991967400002
7558,USGS,01351500,1960-06-10,A,17.6130785852
7559,USGS,01351500,1960-06-11,A,15.121196084400001
7560,USGS,01351500,1960-06-12,A,12.7992146632
7561,USGS,01351500,1960-06-13,A,12.1479271914
7562,USGS,01351500,1960-06-14,A,11.8364418788
7563,USGS,01351500,1960-06-15,A,27.4390243554
7564,USGS,01351500,1960-06-16,A,45.590123026
7565,USGS,01351500,1960-06-17,A,29.449520464000003
7566,USGS,01351500,1960-06-18,A,42.758438366
7567,USGS,01351500,1960-06-19,A,46.72279689
7568,USGS,01351500,1960-06-20,A,32.847542056
7569,USGS,01351500,1960-06-21,A,25.315260860400002
7570,USGS,01351500,1960-06-22,A,16.706939494
7571,USGS,01351500,1960-06-23,A,12.402778810800001
7572,USGS,01351500,1960-06-24,A,10.618817475
7573,USGS,01351500,1960-06-25,A,13.0823831292
7574,USGS,01351500,1960-06-26,A,18.40595029
7575,USGS,01351500,1960-06-27,A,12.74258097
7576,USGS,01351500,1960-06-28,A,10.335649009
7577,USGS,01351500,1960-06-29,A,7.0225779568
7578,USGS,01351500,1960-06-30,A,5.4651513938
7579,USGS,01351500,1960-07-01,A,4.813863922
7580,USGS,01351500,1960-07-02,A,5.7766367064
7581,USGS,01351500,1960-07-03,A,6.8243600306
7582,USGS,01351500,1960-07-04,A,8.1552518208
7583,USGS,01351500,1960-07-05,A,8.9764403722
7584,USGS,01351500,1960-07-06,A,5.9748546326000005
7585,USGS,01351500,1960-07-07,A,4.9837650016
7586,USGS,01351500,1960-07-08,A,4.1625764502000004
7587,USGS,01351500,1960-07-09,A,4.0493090638
7588,USGS,01351500,1960-07-10,A,3.539605825
7589,USGS,01351500,1960-07-11,A,3.1714868192
7590,USGS,01351500,1960-07-12,A,2.83168466
7591,USGS,01351500,1960-07-13,A,2.7184172736
7592,USGS,01351500,1960-07-14,A,3.539605825
7593,USGS,01351500,1960-07-15,A,10.9869364808
7594,USGS,01351500,1960-07-16,A,8.9764403722
7595,USGS,01351500,1960-07-17,A,5.9748546326000005
7596,USGS,01351500,1960-07-18,A,4.813863922
7597,USGS,01351500,1960-07-19,A,4.3324775298
7598,USGS,01351500,1960-07-20,A,4.0493090638
7599,USGS,01351500,1960-07-21,A,3.6528732114
7600,USGS,01351500,1960-07-22,A,3.0299025862
7601,USGS,01351500,1960-07-23,A,2.7184172736
7602,USGS,01351500,1960-07-24,A,2.5485161940000003
7603,USGS,01351500,1960-07-25,A,2.265347728
7604,USGS,01351500,1960-07-26,A,1.982179262
7605,USGS,01351500,1960-07-27,A,1.9255455688
7606,USGS,01351500,1960-07-28,A,1.8405950290000002
7607,USGS,01351500,1960-07-29,A,1.7273276426000002
7608,USGS,01351500,1960-07-30,A,1.982179262
7609,USGS,01351500,1960-07-31,A,13.3372347486
7610,USGS,01351500,1960-08-01,A,9.5144604576
7611,USGS,01351500,1960-08-02,A,5.4651513938
7612,USGS,01351500,1960-08-03,A,4.1625764502000004
7613,USGS,01351500,1960-08-04,A,3.6528732114
7614,USGS,01351500,1960-08-05,A,3.2847542056
7615,USGS,01351500,1960-08-06,A,3.0299025862
7616,USGS,01351500,1960-08-07,A,2.9166351998
7617,USGS,01351500,1960-08-08,A,2.5485161940000003
7618,USGS,01351500,1960-08-09,A,2.1803971882
7619,USGS,01351500,1960-08-10,A,2.3502982678
7620,USGS,01351500,1960-08-11,A,5.1253492346
7621,USGS,01351500,1960-08-12,A,5.2952503142000005
7622,USGS,01351500,1960-08-13,A,3.9077248308000003
7623,USGS,01351500,1960-08-14,A,3.1714868192
7624,USGS,01351500,1960-08-15,A,3.9077248308000003
7625,USGS,01351500,1960-08-16,A,4.1625764502000004
7626,USGS,01351500,1960-08-17,A,3.6528732114
7627,USGS,01351500,1960-08-18,A,3.1714868192
7628,USGS,01351500,1960-08-19,A,2.7184172736
7629,USGS,01351500,1960-08-20,A,2.6617835804
7630,USGS,01351500,1960-08-21,A,2.6617835804
7631,USGS,01351500,1960-08-22,A,2.6617835804
7632,USGS,01351500,1960-08-23,A,2.6617835804
7633,USGS,01351500,1960-08-24,A,2.9166351998
7634,USGS,01351500,1960-08-25,A,4.1625764502000004
7635,USGS,01351500,1960-08-26,A,2.9166351998
7636,USGS,01351500,1960-08-27,A,2.3502982678
7637,USGS,01351500,1960-08-28,A,1.982179262
7638,USGS,01351500,1960-08-29,A,1.7839613358
7639,USGS,01351500,1960-08-30,A,1.7273276426000002
7640,USGS,01351500,1960-08-31,A,1.5857434096
7641,USGS,01351500,1960-09-01,A,1.4724760232
7642,USGS,01351500,1960-09-02,A,1.2176244038
7643,USGS,01351500,1960-09-03,A,1.132673864
7644,USGS,01351500,1960-09-04,A,1.0477233242000001
7645,USGS,01351500,1960-09-05,A,1.0477233242000001
7646,USGS,01351500,1960-09-06,A,1.0194064776
7647,USGS,01351500,1960-09-07,A,1.0194064776
7648,USGS,01351500,1960-09-08,A,0.9627727844
7649,USGS,01351500,1960-09-09,A,0.9344559378
7650,USGS,01351500,1960-09-10,A,0.9344559378
7651,USGS,01351500,1960-09-11,A,1.0477233242000001
7652,USGS,01351500,1960-09-12,A,159.707014824
7653,USGS,01351500,1960-09-13,A,481.3863922
7654,USGS,01351500,1960-09-14,A,207.845654044
7655,USGS,01351500,1960-09-15,A,107.887185546
7656,USGS,01351500,1960-09-16,A,72.20795883
7657,USGS,01351500,1960-09-17,A,52.669334676
7658,USGS,01351500,1960-09-18,A,41.342596036
7659,USGS,01351500,1960-09-19,A,34.829721318000004
7660,USGS,01351500,1960-09-20,A,210.39417023800002
7661,USGS,01351500,1960-09-21,A,174.14860659
7662,USGS,01351500,1960-09-22,A,98.259457702
7663,USGS,01351500,1960-09-23,A,74.473306558
7664,USGS,01351500,1960-09-24,A,58.332703996
7665,USGS,01351500,1960-09-25,A,46.156459958
7666,USGS,01351500,1960-09-26,A,38.794079842
7667,USGS,01351500,1960-09-27,A,32.281205124
7668,USGS,01351500,1960-09-28,A,27.6938759748
7669,USGS,01351500,1960-09-29,A,24.4657554624
7670,USGS,01351500,1960-09-30,A,24.9754587012
7671,USGS,01351500,1960-10-01,A,31.714868192
7672,USGS,01351500,1960-10-02,A,29.449520464000003
7673,USGS,01351500,1960-10-03,A,19.4819904608
7674,USGS,01351500,1960-10-04,A,17.131692193
7675,USGS,01351500,1960-10-05,A,16.7352563406
7676,USGS,01351500,1960-10-06,A,15.5459487834
7677,USGS,01351500,1960-10-07,A,14.3283243796
7678,USGS,01351500,1960-10-08,A,13.5354526748
7679,USGS,01351500,1960-10-09,A,12.4877293506
7680,USGS,01351500,1960-10-10,A,11.496639719600001
7681,USGS,01351500,1960-10-11,A,10.5055500886
7682,USGS,01351500,1960-10-12,A,9.5994109974
7683,USGS,01351500,1960-10-13,A,8.8065392926
7684,USGS,01351500,1960-10-14,A,8.2685192072
7685,USGS,01351500,1960-10-15,A,8.0136675878
7686,USGS,01351500,1960-10-16,A,7.4756475024
7687,USGS,01351500,1960-10-17,A,7.4756475024
7688,USGS,01351500,1960-10-18,A,7.220795883
7689,USGS,01351500,1960-10-19,A,7.0225779568
7690,USGS,01351500,1960-10-20,A,11.496639719600001
7691,USGS,01351500,1960-10-21,A,19.9350600064
7692,USGS,01351500,1960-10-22,A,14.3283243796
7693,USGS,01351500,1960-10-23,A,12.4877293506
7694,USGS,01351500,1960-10-24,A,12.1479271914
7695,USGS,01351500,1960-10-25,A,19.0006040686
7696,USGS,01351500,1960-10-26,A,32.847542056
7697,USGS,01351500,1960-10-27,A,31.148531260000002
7698,USGS,01351500,1960-10-28,A,24.9754587012
7699,USGS,01351500,1960-10-29,A,19.0006040686
7700,USGS,01351500,1960-10-30,A,15.5459487834
7701,USGS,01351500,1960-10-31,A,12.7992146632
7702,USGS,01351500,1960-11-01,A,13.1390168224
7703,USGS,01351500,1960-11-02,A,19.0006040686
7704,USGS,01351500,1960-11-03,A,21.803971882
7705,USGS,01351500,1960-11-04,A,23.927735377
7706,USGS,01351500,1960-11-05,A,22.851695206200002
7707,USGS,01351500,1960-11-06,A,21.3509023364
7708,USGS,01351500,1960-11-07,A,19.4819904608
7709,USGS,01351500,1960-11-08,A,17.6130785852
7710,USGS,01351500,1960-11-09,A,15.9423846358
7711,USGS,01351500,1960-11-10,A,16.3388204882
7712,USGS,01351500,1960-11-11,A,19.9350600064
7713,USGS,01351500,1960-11-12,A,19.0006040686
7714,USGS,01351500,1960-11-13,A,17.6130785852
7715,USGS,01351500,1960-11-14,A,16.3388204882
7716,USGS,01351500,1960-11-15,A,15.5459487834
7717,USGS,01351500,1960-11-16,A,15.5459487834
7718,USGS,01351500,1960-11-17,A,14.724760232000001
7719,USGS,01351500,1960-11-18,A,13.9318885272
7720,USGS,01351500,1960-11-19,A,13.1390168224
7721,USGS,01351500,1960-11-20,A,12.4877293506
7722,USGS,01351500,1960-11-21,A,12.1479271914
7723,USGS,01351500,1960-11-22,A,12.1479271914
7724,USGS,01351500,1960-11-23,A,11.8364418788
7725,USGS,01351500,1960-11-24,A,11.8364418788
7726,USGS,01351500,1960-11-25,A,11.496639719600001
7727,USGS,01351500,1960-11-26,A,11.1568375604
7728,USGS,01351500,1960-11-27,A,10.5055500886
7729,USGS,01351500,1960-11-28,A,10.194064776000001
7730,USGS,01351500,1960-11-29,A,10.194064776000001
7731,USGS,01351500,1960-11-30,A,18.689118756
7732,USGS,01351500,1960-12-01,A,34.829721318000004
7733,USGS,01351500,1960-12-02,A,24.4657554624
7734,USGS,01351500,1960-12-03,A,20.388129552000002
7735,USGS,01351500,1960-12-04,A,18.066148130800002
7736,USGS,01351500,1960-12-05,A,16.7352563406
7737,USGS,01351500,1960-12-06,A,16.3388204882
7738,USGS,01351500,1960-12-07,A,15.9423846358
7739,USGS,01351500,1960-12-08,A,15.9423846358
7740,USGS,01351500,1960-12-09,A,13.1390168224
7741,USGS,01351500,1960-12-10,A,11.32673864
7742,USGS,01351500,1960-12-11,A,10.760401708
7743,USGS,01351500,1960-12-12,A,10.477233242
7744,USGS,01351500,1960-12-13,A,9.91089631
7745,USGS,01351500,1960-12-14,A,9.344559378
7746,USGS,01351500,1960-12-15,A,9.344559378
7747,USGS,01351500,1960-12-16,A,9.061390912
7748,USGS,01351500,1960-12-17,A,8.778222446000001
7749,USGS,01351500,1960-12-18,A,8.49505398
7750,USGS,01351500,1960-12-19,A,7.928717048
7751,USGS,01351500,1960-12-20,A,7.645548582
7752,USGS,01351500,1960-12-21,A,7.07921165
7753,USGS,01351500,1960-12-22,A,6.796043184
7754,USGS,01351500,1960-12-23,A,6.229706252
7755,USGS,01351500,1960-12-24,A,5.66336932
7756,USGS,01351500,1960-12-25,A,5.66336932
7757,USGS,01351500,1960-12-26,A,5.946537786
7758,USGS,01351500,1960-12-27,A,6.229706252
7759,USGS,01351500,1960-12-28,A,5.946537786
7760,USGS,01351500,1960-12-29,A,5.380200854
7761,USGS,01351500,1960-12-30,A,5.380200854
7762,USGS,01351500,1960-12-31,A,5.097032388000001
7763,USGS,01351500,1961-01-01,A,5.097032388000001
7764,USGS,01351500,1961-01-02,A,4.813863922
7765,USGS,01351500,1961-01-03,A,4.813863922
7766,USGS,01351500,1961-01-04,A,4.530695456
7767,USGS,01351500,1961-01-05,A,4.530695456
7768,USGS,01351500,1961-01-06,A,4.813863922
7769,USGS,01351500,1961-01-07,A,5.097032388000001
7770,USGS,01351500,1961-01-08,A,5.097032388000001
7771,USGS,01351500,1961-01-09,A,4.813863922
7772,USGS,01351500,1961-01-10,A,4.24752699
7773,USGS,01351500,1961-01-11,A,4.530695456
7774,USGS,01351500,1961-01-12,A,4.813863922
7775,USGS,01351500,1961-01-13,A,5.097032388000001
7776,USGS,01351500,1961-01-14,A,5.380200854
7777,USGS,01351500,1961-01-15,A,5.097032388000001
7778,USGS,01351500,1961-01-16,A,5.097032388000001
7779,USGS,01351500,1961-01-17,A,5.380200854
7780,USGS,01351500,1961-01-18,A,4.813863922
7781,USGS,01351500,1961-01-19,A,4.530695456
7782,USGS,01351500,1961-01-20,A,4.24752699
7783,USGS,01351500,1961-01-21,A,3.6811900580000003
7784,USGS,01351500,1961-01-22,A,3.114853126
7785,USGS,01351500,1961-01-23,A,2.690100427
7786,USGS,01351500,1961-01-24,A,2.83168466
7787,USGS,01351500,1961-01-25,A,3.114853126
7788,USGS,01351500,1961-01-26,A,3.398021592
7789,USGS,01351500,1961-01-27,A,3.114853126
7790,USGS,01351500,1961-01-28,A,3.398021592
7791,USGS,01351500,1961-01-29,A,3.398021592
7792,USGS,01351500,1961-01-30,A,3.114853126
7793,USGS,01351500,1961-01-31,A,3.398021592
7794,USGS,01351500,1961-02-01,A,2.83168466
7795,USGS,01351500,1961-02-02,A,2.5485161940000003
7796,USGS,01351500,1961-02-03,A,2.83168466
7797,USGS,01351500,1961-02-04,A,3.398021592
7798,USGS,01351500,1961-02-05,A,3.6811900580000003
7799,USGS,01351500,1961-02-06,A,3.6811900580000003
7800,USGS,01351500,1961-02-07,A,3.964358524
7801,USGS,01351500,1961-02-08,A,4.24752699
7802,USGS,01351500,1961-02-09,A,4.530695456
7803,USGS,01351500,1961-02-10,A,4.24752699
7804,USGS,01351500,1961-02-11,A,3.964358524
7805,USGS,01351500,1961-02-12,A,4.24752699
7806,USGS,01351500,1961-02-13,A,4.813863922
7807,USGS,01351500,1961-02-14,A,5.66336932
7808,USGS,01351500,1961-02-15,A,5.380200854
7809,USGS,01351500,1961-02-16,A,5.097032388000001
7810,USGS,01351500,1961-02-17,A,4.813863922
7811,USGS,01351500,1961-02-18,A,6.512874718
7812,USGS,01351500,1961-02-19,A,9.061390912
7813,USGS,01351500,1961-02-20,A,14.1584233
7814,USGS,01351500,1961-02-21,A,19.82179262
7815,USGS,01351500,1961-02-22,A,28.3168466
7816,USGS,01351500,1961-02-23,A,33.98021592
7817,USGS,01351500,1961-02-24,A,56.6336932
7818,USGS,01351500,1961-02-25,A,169.9010796
7819,USGS,01351500,1961-02-26,A,591.8220939400001
7820,USGS,01351500,1961-02-27,A,255.984293264
7821,USGS,01351500,1961-02-28,A,173.01593272600002
7822,USGS,01351500,1961-03-01,A,117.231744924
7823,USGS,01351500,1961-03-02,A,93.728762246
7824,USGS,01351500,1961-03-03,A,90.330740654
7825,USGS,01351500,1961-03-04,A,96.27727844
7826,USGS,01351500,1961-03-05,A,91.180246052
7827,USGS,01351500,1961-03-06,A,127.70897816600001
7828,USGS,01351500,1961-03-07,A,148.66344465
7829,USGS,01351500,1961-03-08,A,117.231744924
7830,USGS,01351500,1961-03-09,A,92.879256848
7831,USGS,01351500,1961-03-10,A,80.419844344
7832,USGS,01351500,1961-03-11,A,62.013894054000005
7833,USGS,01351500,1961-03-12,A,58.332703996
7834,USGS,01351500,1961-03-13,A,49.837650016
7835,USGS,01351500,1961-03-14,A,47.572302288
7836,USGS,01351500,1961-03-15,A,45.30695456
7837,USGS,01351500,1961-03-16,A,42.4752699
7838,USGS,01351500,1961-03-17,A,35.39605825
7839,USGS,01351500,1961-03-18,A,31.148531260000002
7840,USGS,01351500,1961-03-19,A,32.847542056
7841,USGS,01351500,1961-03-20,A,29.449520464000003
7842,USGS,01351500,1961-03-21,A,27.0992221962
7843,USGS,01351500,1961-03-22,A,26.051498872
7844,USGS,01351500,1961-03-23,A,29.449520464000003
7845,USGS,01351500,1961-03-24,A,34.829721318000004
7846,USGS,01351500,1961-03-25,A,50.403986948000004
7847,USGS,01351500,1961-03-26,A,54.085177006
7848,USGS,01351500,1961-03-27,A,74.190138092
7849,USGS,01351500,1961-03-28,A,148.09710771800002
7850,USGS,01351500,1961-03-29,A,244.374386158
7851,USGS,01351500,1961-03-30,A,155.176319368
7852,USGS,01351500,1961-03-31,A,104.489163954
7853,USGS,01351500,1961-04-01,A,87.78222446000001
7854,USGS,01351500,1961-04-02,A,79.570338946
7855,USGS,01351500,1961-04-03,A,62.863399452
7856,USGS,01351500,1961-04-04,A,53.235671608000004
7857,USGS,01351500,1961-04-05,A,47.572302288
7858,USGS,01351500,1961-04-06,A,44.174280696000004
7859,USGS,01351500,1961-04-07,A,47.572302288
7860,USGS,01351500,1961-04-08,A,46.72279689
7861,USGS,01351500,1961-04-09,A,46.72279689
7862,USGS,01351500,1961-04-10,A,45.30695456
7863,USGS,01351500,1961-04-11,A,45.30695456
7864,USGS,01351500,1961-04-12,A,50.97032388
7865,USGS,01351500,1961-04-13,A,95.994109974
7866,USGS,01351500,1961-04-14,A,91.180246052
7867,USGS,01351500,1961-04-15,A,97.12678383800001
7868,USGS,01351500,1961-04-16,A,162.82186795
7869,USGS,01351500,1961-04-17,A,218.889224218
7870,USGS,01351500,1961-04-18,A,158.291172494
7871,USGS,01351500,1961-04-19,A,150.928792378
7872,USGS,01351500,1961-04-20,A,119.213924186
7873,USGS,01351500,1961-04-21,A,107.037680148
7874,USGS,01351500,1961-04-22,A,111.568375604
7875,USGS,01351500,1961-04-23,A,158.857509426
7876,USGS,01351500,1961-04-24,A,158.291172494
7877,USGS,01351500,1961-04-25,A,175.56444892000002
7878,USGS,01351500,1961-04-26,A,210.111001772
7879,USGS,01351500,1961-04-27,A,148.66344465
7880,USGS,01351500,1961-04-28,A,107.887185546
7881,USGS,01351500,1961-04-29,A,103.35649009000001
7882,USGS,01351500,1961-04-30,A,92.879256848
7883,USGS,01351500,1961-05-01,A,73.906969626
7884,USGS,01351500,1961-05-02,A,78.437665082
7885,USGS,01351500,1961-05-03,A,82.685192072
7886,USGS,01351500,1961-05-04,A,68.243600306
7887,USGS,01351500,1961-05-05,A,55.501019336
7888,USGS,01351500,1961-05-06,A,47.572302288
7889,USGS,01351500,1961-05-07,A,52.669334676
7890,USGS,01351500,1961-05-08,A,77.588159684
7891,USGS,01351500,1961-05-09,A,70.508948034
7892,USGS,01351500,1961-05-10,A,101.657479294
7893,USGS,01351500,1961-05-11,A,89.481235256
7894,USGS,01351500,1961-05-12,A,71.358453432
7895,USGS,01351500,1961-05-13,A,83.53469747
7896,USGS,01351500,1961-05-14,A,69.942611102
7897,USGS,01351500,1961-05-15,A,58.332703996
7898,USGS,01351500,1961-05-16,A,59.748546326
7899,USGS,01351500,1961-05-17,A,62.013894054000005
7900,USGS,01351500,1961-05-18,A,48.988144618
7901,USGS,01351500,1961-05-19,A,42.192101434
7902,USGS,01351500,1961-05-20,A,38.794079842
7903,USGS,01351500,1961-05-21,A,34.829721318000004
7904,USGS,01351500,1961-05-22,A,32.281205124
7905,USGS,01351500,1961-05-23,A,31.714868192
7906,USGS,01351500,1961-05-24,A,27.0992221962
7907,USGS,01351500,1961-05-25,A,23.3897152916
7908,USGS,01351500,1961-05-26,A,20.8695159442
7909,USGS,01351500,1961-05-27,A,24.4657554624
7910,USGS,01351500,1961-05-28,A,48.988144618
7911,USGS,01351500,1961-05-29,A,47.572302288
7912,USGS,01351500,1961-05-30,A,37.944574444000004
7913,USGS,01351500,1961-05-31,A,33.697047454
7914,USGS,01351500,1961-06-01,A,28.2602129068
7915,USGS,01351500,1961-06-02,A,25.5134787866
7916,USGS,01351500,1961-06-03,A,23.3897152916
7917,USGS,01351500,1961-06-04,A,20.388129552000002
7918,USGS,01351500,1961-06-05,A,16.99010796
7919,USGS,01351500,1961-06-06,A,14.1584233
7920,USGS,01351500,1961-06-07,A,11.32673864
7921,USGS,01351500,1961-06-08,A,14.724760232000001
7922,USGS,01351500,1961-06-09,A,19.82179262
7923,USGS,01351500,1961-06-10,A,39.64358524
7924,USGS,01351500,1961-06-11,A,61.447557122
7925,USGS,01351500,1961-06-12,A,60.598051724
7926,USGS,01351500,1961-06-13,A,42.192101434
7927,USGS,01351500,1961-06-14,A,65.978252578
7928,USGS,01351500,1961-06-15,A,54.934682404
7929,USGS,01351500,1961-06-16,A,36.528732114
7930,USGS,01351500,1961-06-17,A,26.90100427
7931,USGS,01351500,1961-06-18,A,21.7756550354
7932,USGS,01351500,1961-06-19,A,17.556444892000002
7933,USGS,01351500,1961-06-20,A,15.007928698
7934,USGS,01351500,1961-06-21,A,13.450502135
7935,USGS,01351500,1961-06-22,A,19.8501094666
7936,USGS,01351500,1961-06-23,A,27.920410747600002
7937,USGS,01351500,1961-06-24,A,22.2570414276
7938,USGS,01351500,1961-06-25,A,17.131692193
7939,USGS,01351500,1961-06-26,A,15.007928698
7940,USGS,01351500,1961-06-27,A,13.0823831292
7941,USGS,01351500,1961-06-28,A,11.32673864
7942,USGS,01351500,1961-06-29,A,9.5144604576
7943,USGS,01351500,1961-06-30,A,8.4101034402
7944,USGS,01351500,1961-07-01,A,7.2491127296
7945,USGS,01351500,1961-07-02,A,6.8243600306
7946,USGS,01351500,1961-07-03,A,7.4473306558
7947,USGS,01351500,1961-07-04,A,7.8720833548
7948,USGS,01351500,1961-07-05,A,6.6261421044
7949,USGS,01351500,1961-07-06,A,5.7766367064
7950,USGS,01351500,1961-07-07,A,5.2952503142000005
7951,USGS,01351500,1961-07-08,A,11.6665407992
7952,USGS,01351500,1961-07-09,A,13.450502135
7953,USGS,01351500,1961-07-10,A,7.0225779568
7954,USGS,01351500,1961-07-11,A,5.2952503142000005
7955,USGS,01351500,1961-07-12,A,4.3324775298
7956,USGS,01351500,1961-07-13,A,3.7944574444
7957,USGS,01351500,1961-07-14,A,3.4263384386
7958,USGS,01351500,1961-07-15,A,4.9837650016
7959,USGS,01351500,1961-07-16,A,5.2952503142000005
7960,USGS,01351500,1961-07-17,A,6.3996073316
7961,USGS,01351500,1961-07-18,A,6.8243600306
7962,USGS,01351500,1961-07-19,A,5.2952503142000005
7963,USGS,01351500,1961-07-20,A,4.813863922
7964,USGS,01351500,1961-07-21,A,4.0493090638
7965,USGS,01351500,1961-07-22,A,3.7944574444
7966,USGS,01351500,1961-07-23,A,3.2847542056
7967,USGS,01351500,1961-07-24,A,3.2847542056
7968,USGS,01351500,1961-07-25,A,3.539605825
7969,USGS,01351500,1961-07-26,A,4.1625764502000004
7970,USGS,01351500,1961-07-27,A,4.4740617628
7971,USGS,01351500,1961-07-28,A,3.964358524
7972,USGS,01351500,1961-07-29,A,3.539605825
7973,USGS,01351500,1961-07-30,A,3.114853126
7974,USGS,01351500,1961-07-31,A,2.83168466
7975,USGS,01351500,1961-08-01,A,2.6334667338
7976,USGS,01351500,1961-08-02,A,2.5485161940000003
7977,USGS,01351500,1961-08-03,A,2.5485161940000003
7978,USGS,01351500,1961-08-04,A,2.5485161940000003
7979,USGS,01351500,1961-08-05,A,2.5485161940000003
7980,USGS,01351500,1961-08-06,A,2.3502982678
7981,USGS,01351500,1961-08-07,A,1.982179262
7982,USGS,01351500,1961-08-08,A,1.7273276426000002
7983,USGS,01351500,1961-08-09,A,1.5291097164
7984,USGS,01351500,1961-08-10,A,1.4724760232
7985,USGS,01351500,1961-08-11,A,1.4724760232
7986,USGS,01351500,1961-08-12,A,1.4724760232
7987,USGS,01351500,1961-08-13,A,1.2742580970000001
7988,USGS,01351500,1961-08-14,A,1.132673864
7989,USGS,01351500,1961-08-15,A,1.0477233242000001
7990,USGS,01351500,1961-08-16,A,0.9627727844
7991,USGS,01351500,1961-08-17,A,0.8778222446
7992,USGS,01351500,1961-08-18,A,0.849505398
7993,USGS,01351500,1961-08-19,A,0.7928717048
7994,USGS,01351500,1961-08-20,A,0.7928717048
7995,USGS,01351500,1961-08-21,A,0.8778222446
7996,USGS,01351500,1961-08-22,A,0.9627727844
7997,USGS,01351500,1961-08-23,A,0.9627727844
7998,USGS,01351500,1961-08-24,A,1.0760401708
7999,USGS,01351500,1961-08-25,A,1.2176244038
8000,USGS,01351500,1961-08-26,A,6.2863399452
8001,USGS,01351500,1961-08-27,A,36.245563648
8002,USGS,01351500,1961-08-28,A,11.32673864
8003,USGS,01351500,1961-08-29,A,8.4101034402
8004,USGS,01351500,1961-08-30,A,12.034659805
8005,USGS,01351500,1961-08-31,A,8.6932719062
8006,USGS,01351500,1961-09-01,A,6.6261421044
8007,USGS,01351500,1961-09-02,A,5.1253492346
8008,USGS,01351500,1961-09-03,A,4.9837650016
8009,USGS,01351500,1961-09-04,A,4.643962842400001
8010,USGS,01351500,1961-09-05,A,5.4651513938
8011,USGS,01351500,1961-09-06,A,4.1625764502000004
8012,USGS,01351500,1961-09-07,A,3.539605825
8013,USGS,01351500,1961-09-08,A,3.1714868192
8014,USGS,01351500,1961-09-09,A,2.9166351998
8015,USGS,01351500,1961-09-10,A,2.7184172736
8016,USGS,01351500,1961-09-11,A,2.4352488076
8017,USGS,01351500,1961-09-12,A,2.1803971882
8018,USGS,01351500,1961-09-13,A,2.0671298018
8019,USGS,01351500,1961-09-14,A,2.0671298018
8020,USGS,01351500,1961-09-15,A,1.9255455688
8021,USGS,01351500,1961-09-16,A,1.7273276426000002
8022,USGS,01351500,1961-09-17,A,1.6423771028
8023,USGS,01351500,1961-09-18,A,1.5291097164
8024,USGS,01351500,1961-09-19,A,1.3875254834000001
8025,USGS,01351500,1961-09-20,A,1.3875254834000001
8026,USGS,01351500,1961-09-21,A,1.4724760232
8027,USGS,01351500,1961-09-22,A,1.4724760232
8028,USGS,01351500,1961-09-23,A,1.6423771028
8029,USGS,01351500,1961-09-24,A,1.7273276426000002
8030,USGS,01351500,1961-09-25,A,1.5857434096
8031,USGS,01351500,1961-09-26,A,1.3875254834000001
8032,USGS,01351500,1961-09-27,A,1.2176244038
8033,USGS,01351500,1961-09-28,A,1.0477233242000001
8034,USGS,01351500,1961-09-29,A,0.9627727844
8035,USGS,01351500,1961-09-30,A,0.9344559378
8036,USGS,01351500,1961-10-01,A,0.8778222446
8037,USGS,01351500,1961-10-02,A,0.8778222446
8038,USGS,01351500,1961-10-03,A,0.849505398
8039,USGS,01351500,1961-10-04,A,1.0760401708
8040,USGS,01351500,1961-10-05,A,1.132673864
8041,USGS,01351500,1961-10-06,A,1.3308917902
8042,USGS,01351500,1961-10-07,A,1.3875254834000001
8043,USGS,01351500,1961-10-08,A,1.2742580970000001
8044,USGS,01351500,1961-10-09,A,1.132673864
8045,USGS,01351500,1961-10-10,A,0.9627727844
8046,USGS,01351500,1961-10-11,A,0.9344559378
8047,USGS,01351500,1961-10-12,A,0.849505398
8048,USGS,01351500,1961-10-13,A,0.8211885514
8049,USGS,01351500,1961-10-14,A,0.7928717048
8050,USGS,01351500,1961-10-15,A,0.7928717048
8051,USGS,01351500,1961-10-16,A,0.849505398
8052,USGS,01351500,1961-10-17,A,0.849505398
8053,USGS,01351500,1961-10-18,A,0.8211885514
8054,USGS,01351500,1961-10-19,A,0.849505398
8055,USGS,01351500,1961-10-20,A,0.849505398
8056,USGS,01351500,1961-10-21,A,0.7928717048
8057,USGS,01351500,1961-10-22,A,0.7928717048
8058,USGS,01351500,1961-10-23,A,0.7362380116
8059,USGS,01351500,1961-10-24,A,0.7362380116
8060,USGS,01351500,1961-10-25,A,0.7928717048
8061,USGS,01351500,1961-10-26,A,0.7928717048
8062,USGS,01351500,1961-10-27,A,0.7928717048
8063,USGS,01351500,1961-10-28,A,0.7362380116
8064,USGS,01351500,1961-10-29,A,0.707921165
8065,USGS,01351500,1961-10-30,A,0.7362380116
8066,USGS,01351500,1961-10-31,A,0.7362380116
8067,USGS,01351500,1961-11-01,A,0.707921165
8068,USGS,01351500,1961-11-02,A,0.707921165
8069,USGS,01351500,1961-11-03,A,0.707921165
8070,USGS,01351500,1961-11-04,A,0.7362380116
8071,USGS,01351500,1961-11-05,A,0.849505398
8072,USGS,01351500,1961-11-06,A,1.0194064776
8073,USGS,01351500,1961-11-07,A,1.2742580970000001
8074,USGS,01351500,1961-11-08,A,2.0671298018
8075,USGS,01351500,1961-11-09,A,2.5485161940000003
8076,USGS,01351500,1961-11-10,A,2.0671298018
8077,USGS,01351500,1961-11-11,A,1.7839613358
8078,USGS,01351500,1961-11-12,A,1.6423771028
8079,USGS,01351500,1961-11-13,A,1.4724760232
8080,USGS,01351500,1961-11-14,A,1.4724760232
8081,USGS,01351500,1961-11-15,A,1.4724760232
8082,USGS,01351500,1961-11-16,A,1.5291097164
8083,USGS,01351500,1961-11-17,A,2.0671298018
8084,USGS,01351500,1961-11-18,A,2.265347728
8085,USGS,01351500,1961-11-19,A,2.3502982678
8086,USGS,01351500,1961-11-20,A,2.1803971882
8087,USGS,01351500,1961-11-21,A,1.982179262
8088,USGS,01351500,1961-11-22,A,1.9255455688
8089,USGS,01351500,1961-11-23,A,1.8405950290000002
8090,USGS,01351500,1961-11-24,A,2.265347728
8091,USGS,01351500,1961-11-25,A,10.6754511682
8092,USGS,01351500,1961-11-26,A,9.7976289236
8093,USGS,01351500,1961-11-27,A,6.6261421044
8094,USGS,01351500,1961-11-28,A,5.6067356268
8095,USGS,01351500,1961-11-29,A,4.24752699
8096,USGS,01351500,1961-11-30,A,3.964358524
8097,USGS,01351500,1961-12-01,A,3.6811900580000003
8098,USGS,01351500,1961-12-02,A,3.6811900580000003
8099,USGS,01351500,1961-12-03,A,3.539605825
8100,USGS,01351500,1961-12-04,A,3.539605825
8101,USGS,01351500,1961-12-05,A,3.6528732114
8102,USGS,01351500,1961-12-06,A,3.9077248308000003
8103,USGS,01351500,1961-12-07,A,4.3324775298
8104,USGS,01351500,1961-12-08,A,4.0493090638
8105,USGS,01351500,1961-12-09,A,3.6528732114
8106,USGS,01351500,1961-12-10,A,3.2847542056
8107,USGS,01351500,1961-12-11,A,3.4263384386
8108,USGS,01351500,1961-12-12,A,3.398021592
8109,USGS,01351500,1961-12-13,A,3.114853126
8110,USGS,01351500,1961-12-14,A,2.83168466
8111,USGS,01351500,1961-12-15,A,2.4918825008
8112,USGS,01351500,1961-12-16,A,1.9255455688
8113,USGS,01351500,1961-12-17,A,2.265347728
8114,USGS,01351500,1961-12-18,A,2.7184172736
8115,USGS,01351500,1961-12-19,A,3.114853126
8116,USGS,01351500,1961-12-20,A,6.229706252
8117,USGS,01351500,1961-12-21,A,7.07921165
8118,USGS,01351500,1961-12-22,A,5.946537786
8119,USGS,01351500,1961-12-23,A,5.380200854
8120,USGS,01351500,1961-12-24,A,5.380200854
8121,USGS,01351500,1961-12-25,A,5.097032388000001
8122,USGS,01351500,1961-12-26,A,5.380200854
8123,USGS,01351500,1961-12-27,A,5.66336932
8124,USGS,01351500,1961-12-28,A,5.66336932
8125,USGS,01351500,1961-12-29,A,4.813863922
8126,USGS,01351500,1961-12-30,A,3.964358524
8127,USGS,01351500,1961-12-31,A,4.530695456
8128,USGS,01351500,1962-01-01,A,4.813863922
8129,USGS,01351500,1962-01-02,A,4.24752699
8130,USGS,01351500,1962-01-03,A,4.530695456
8131,USGS,01351500,1962-01-04,A,4.530695456
8132,USGS,01351500,1962-01-05,A,4.24752699
8133,USGS,01351500,1962-01-06,A,5.66336932
8134,USGS,01351500,1962-01-07,A,16.99010796
8135,USGS,01351500,1962-01-08,A,76.45548582
8136,USGS,01351500,1962-01-09,A,39.64358524
8137,USGS,01351500,1962-01-10,A,24.352488076
8138,USGS,01351500,1962-01-11,A,19.255455688
8139,USGS,01351500,1962-01-12,A,15.291097164
8140,USGS,01351500,1962-01-13,A,13.592086368
8141,USGS,01351500,1962-01-14,A,12.176244038
8142,USGS,01351500,1962-01-15,A,11.609907106
8143,USGS,01351500,1962-01-16,A,65.12874718
8144,USGS,01351500,1962-01-17,A,20.388129552000002
8145,USGS,01351500,1962-01-18,A,13.308917902000001
8146,USGS,01351500,1962-01-19,A,12.176244038
8147,USGS,01351500,1962-01-20,A,12.74258097
8148,USGS,01351500,1962-01-21,A,12.176244038
8149,USGS,01351500,1962-01-22,A,14.1584233
8150,USGS,01351500,1962-01-23,A,28.3168466
8151,USGS,01351500,1962-01-24,A,18.689118756
8152,USGS,01351500,1962-01-25,A,15.291097164
8153,USGS,01351500,1962-01-26,A,13.592086368
8154,USGS,01351500,1962-01-27,A,33.98021592
8155,USGS,01351500,1962-01-28,A,17.556444892000002
8156,USGS,01351500,1962-01-29,A,11.893075572
8157,USGS,01351500,1962-01-30,A,9.061390912
8158,USGS,01351500,1962-01-31,A,6.796043184
8159,USGS,01351500,1962-02-01,A,7.362380116000001
8160,USGS,01351500,1962-02-02,A,8.211885514
8161,USGS,01351500,1962-02-03,A,8.778222446000001
8162,USGS,01351500,1962-02-04,A,9.344559378
8163,USGS,01351500,1962-02-05,A,11.32673864
8164,USGS,01351500,1962-02-06,A,14.1584233
8165,USGS,01351500,1962-02-07,A,8.211885514
8166,USGS,01351500,1962-02-08,A,6.512874718
8167,USGS,01351500,1962-02-09,A,5.097032388000001
8168,USGS,01351500,1962-02-10,A,4.24752699
8169,USGS,01351500,1962-02-11,A,3.398021592
8170,USGS,01351500,1962-02-12,A,3.964358524
8171,USGS,01351500,1962-02-13,A,4.24752699
8172,USGS,01351500,1962-02-14,A,4.813863922
8173,USGS,01351500,1962-02-15,A,5.097032388000001
8174,USGS,01351500,1962-02-16,A,4.530695456
8175,USGS,01351500,1962-02-17,A,4.530695456
8176,USGS,01351500,1962-02-18,A,4.24752699
8177,USGS,01351500,1962-02-19,A,3.964358524
8178,USGS,01351500,1962-02-20,A,3.964358524
8179,USGS,01351500,1962-02-21,A,3.398021592
8180,USGS,01351500,1962-02-22,A,3.964358524
8181,USGS,01351500,1962-02-23,A,3.6811900580000003
8182,USGS,01351500,1962-02-24,A,3.398021592
8183,USGS,01351500,1962-02-25,A,2.83168466
8184,USGS,01351500,1962-02-26,A,3.6811900580000003
8185,USGS,01351500,1962-02-27,A,8.49505398
8186,USGS,01351500,1962-02-28,A,14.441591766
8187,USGS,01351500,1962-03-01,A,42.4752699
8188,USGS,01351500,1962-03-02,A,17.556444892000002
8189,USGS,01351500,1962-03-03,A,7.07921165
8190,USGS,01351500,1962-03-04,A,7.07921165
8191,USGS,01351500,1962-03-05,A,7.645548582
8192,USGS,01351500,1962-03-06,A,7.362380116000001
8193,USGS,01351500,1962-03-07,A,7.07921165
8194,USGS,01351500,1962-03-08,A,6.796043184
8195,USGS,01351500,1962-03-09,A,6.512874718
8196,USGS,01351500,1962-03-10,A,8.211885514
8197,USGS,01351500,1962-03-11,A,13.592086368
8198,USGS,01351500,1962-03-12,A,20.954466484
8199,USGS,01351500,1962-03-13,A,56.6336932
8200,USGS,01351500,1962-03-14,A,48.13863922
8201,USGS,01351500,1962-03-15,A,39.64358524
8202,USGS,01351500,1962-03-16,A,33.98021592
8203,USGS,01351500,1962-03-17,A,28.3168466
8204,USGS,01351500,1962-03-18,A,26.617835804000002
8205,USGS,01351500,1962-03-19,A,25.48516194
8206,USGS,01351500,1962-03-20,A,31.148531260000002
8207,USGS,01351500,1962-03-21,A,39.64358524
8208,USGS,01351500,1962-03-22,A,48.13863922
8209,USGS,01351500,1962-03-23,A,56.6336932
8210,USGS,01351500,1962-03-24,A,62.297062520000004
8211,USGS,01351500,1962-03-25,A,68.243600306
8212,USGS,01351500,1962-03-26,A,71.358453432
8213,USGS,01351500,1962-03-27,A,74.473306558
8214,USGS,01351500,1962-03-28,A,74.473306558
8215,USGS,01351500,1962-03-29,A,95.710941508
8216,USGS,01351500,1962-03-30,A,143.849580728
8217,USGS,01351500,1962-03-31,A,207.845654044
8218,USGS,01351500,1962-04-01,A,447.40617628
8219,USGS,01351500,1962-04-02,A,238.144679906
8220,USGS,01351500,1962-04-03,A,153.760477038
8221,USGS,01351500,1962-04-04,A,94.86143611
8222,USGS,01351500,1962-04-05,A,73.906969626
8223,USGS,01351500,1962-04-06,A,63.71290485
8224,USGS,01351500,1962-04-07,A,101.94064776
8225,USGS,01351500,1962-04-08,A,271.275390428
8226,USGS,01351500,1962-04-09,A,148.66344465
8227,USGS,01351500,1962-04-10,A,112.70104946800001
8228,USGS,01351500,1962-04-11,A,78.720833548
8229,USGS,01351500,1962-04-12,A,60.031714792
8230,USGS,01351500,1962-04-13,A,65.12874718
8231,USGS,01351500,1962-04-14,A,79.570338946
8232,USGS,01351500,1962-04-15,A,74.473306558
8233,USGS,01351500,1962-04-16,A,64.562410248
8234,USGS,01351500,1962-04-17,A,48.704976152
8235,USGS,01351500,1962-04-18,A,41.625764502
8236,USGS,01351500,1962-04-19,A,40.209922172
8237,USGS,01351500,1962-04-20,A,42.192101434
8238,USGS,01351500,1962-04-21,A,38.510911376
8239,USGS,01351500,1962-04-22,A,33.98021592
8240,USGS,01351500,1962-04-23,A,31.714868192
8241,USGS,01351500,1962-04-24,A,28.883183532
8242,USGS,01351500,1962-04-25,A,24.805557621600002
8243,USGS,01351500,1962-04-26,A,21.7756550354
8244,USGS,01351500,1962-04-27,A,19.368723074400002
8245,USGS,01351500,1962-04-28,A,16.706939494
8246,USGS,01351500,1962-04-29,A,15.007928698
8247,USGS,01351500,1962-04-30,A,44.740617628
8248,USGS,01351500,1962-05-01,A,39.077248308
8249,USGS,01351500,1962-05-02,A,32.281205124
8250,USGS,01351500,1962-05-03,A,27.4107075088
8251,USGS,01351500,1962-05-04,A,22.738427819800002
8252,USGS,01351500,1962-05-05,A,19.8501094666
8253,USGS,01351500,1962-05-06,A,17.131692193
8254,USGS,01351500,1962-05-07,A,16.282186795
8255,USGS,01351500,1962-05-08,A,14.1584233
8256,USGS,01351500,1962-05-09,A,13.818621140800001
8257,USGS,01351500,1962-05-10,A,12.402778810800001
8258,USGS,01351500,1962-05-11,A,10.335649009
8259,USGS,01351500,1962-05-12,A,9.5144604576
8260,USGS,01351500,1962-05-13,A,8.4101034402
8261,USGS,01351500,1962-05-14,A,8.9764403722
8262,USGS,01351500,1962-05-15,A,10.618817475
8263,USGS,01351500,1962-05-16,A,9.7976289236
8264,USGS,01351500,1962-05-17,A,8.6932719062
8265,USGS,01351500,1962-05-18,A,8.1552518208
8266,USGS,01351500,1962-05-19,A,7.2491127296
8267,USGS,01351500,1962-05-20,A,6.2013894054000005
8268,USGS,01351500,1962-05-21,A,5.6067356268
8269,USGS,01351500,1962-05-22,A,4.9837650016
8270,USGS,01351500,1962-05-23,A,4.1625764502000004
8271,USGS,01351500,1962-05-24,A,3.7944574444
8272,USGS,01351500,1962-05-25,A,3.539605825
8273,USGS,01351500,1962-05-26,A,3.1714868192
8274,USGS,01351500,1962-05-27,A,2.83168466
8275,USGS,01351500,1962-05-28,A,2.6334667338
8276,USGS,01351500,1962-05-29,A,2.265347728
8277,USGS,01351500,1962-05-30,A,2.265347728
8278,USGS,01351500,1962-05-31,A,2.0671298018
8279,USGS,01351500,1962-06-01,A,1.9255455688
8280,USGS,01351500,1962-06-02,A,1.8689118756
8281,USGS,01351500,1962-06-03,A,1.7839613358
8282,USGS,01351500,1962-06-04,A,1.6706939494
8283,USGS,01351500,1962-06-05,A,1.6706939494
8284,USGS,01351500,1962-06-06,A,1.982179262
8285,USGS,01351500,1962-06-07,A,5.2102997744
8286,USGS,01351500,1962-06-08,A,4.1625764502000004
8287,USGS,01351500,1962-06-09,A,3.0299025862
8288,USGS,01351500,1962-06-10,A,2.3502982678
8289,USGS,01351500,1962-06-11,A,1.982179262
8290,USGS,01351500,1962-06-12,A,1.8689118756
8291,USGS,01351500,1962-06-13,A,1.7839613358
8292,USGS,01351500,1962-06-14,A,1.7839613358
8293,USGS,01351500,1962-06-15,A,1.7839613358
8294,USGS,01351500,1962-06-16,A,1.7273276426000002
8295,USGS,01351500,1962-06-17,A,1.4724760232
8296,USGS,01351500,1962-06-18,A,1.3025749436
8297,USGS,01351500,1962-06-19,A,1.2176244038
8298,USGS,01351500,1962-06-20,A,1.0760401708
8299,USGS,01351500,1962-06-21,A,1.0194064776
8300,USGS,01351500,1962-06-22,A,1.0194064776
8301,USGS,01351500,1962-06-23,A,1.0760401708
8302,USGS,01351500,1962-06-24,A,1.0477233242000001
8303,USGS,01351500,1962-06-25,A,1.132673864
8304,USGS,01351500,1962-06-26,A,1.0760401708
8305,USGS,01351500,1962-06-27,A,1.0194064776
8306,USGS,01351500,1962-06-28,A,0.9627727844
8307,USGS,01351500,1962-06-29,A,0.8778222446
8308,USGS,01351500,1962-06-30,A,0.8211885514
8309,USGS,01351500,1962-07-01,A,0.7645548582
8310,USGS,01351500,1962-07-02,A,0.6512874718
8311,USGS,01351500,1962-07-03,A,0.6229706252
8312,USGS,01351500,1962-07-04,A,0.566336932
8313,USGS,01351500,1962-07-05,A,0.5097032388
8314,USGS,01351500,1962-07-06,A,0.4530695456
8315,USGS,01351500,1962-07-07,A,0.4530695456
8316,USGS,01351500,1962-07-08,A,0.4530695456
8317,USGS,01351500,1962-07-09,A,0.4813863922
8318,USGS,01351500,1962-07-10,A,0.6229706252
8319,USGS,01351500,1962-07-11,A,0.849505398
8320,USGS,01351500,1962-07-12,A,0.6512874718
8321,USGS,01351500,1962-07-13,A,0.5946537786
8322,USGS,01351500,1962-07-14,A,0.5946537786
8323,USGS,01351500,1962-07-15,A,0.5097032388
8324,USGS,01351500,1962-07-16,A,0.4530695456
8325,USGS,01351500,1962-07-17,A,0.424752699
8326,USGS,01351500,1962-07-18,A,0.4530695456
8327,USGS,01351500,1962-07-19,A,0.4813863922
8328,USGS,01351500,1962-07-20,A,0.5097032388
8329,USGS,01351500,1962-07-21,A,0.6229706252
8330,USGS,01351500,1962-07-22,A,0.6512874718
8331,USGS,01351500,1962-07-23,A,0.6796043184
8332,USGS,01351500,1962-07-24,A,0.707921165
8333,USGS,01351500,1962-07-25,A,0.707921165
8334,USGS,01351500,1962-07-26,A,1.0760401708
8335,USGS,01351500,1962-07-27,A,1.132673864
8336,USGS,01351500,1962-07-28,A,0.9344559378
8337,USGS,01351500,1962-07-29,A,0.8211885514
8338,USGS,01351500,1962-07-30,A,0.849505398
8339,USGS,01351500,1962-07-31,A,0.7645548582
8340,USGS,01351500,1962-08-01,A,0.7362380116
8341,USGS,01351500,1962-08-02,A,0.6229706252
8342,USGS,01351500,1962-08-03,A,0.5380200854
8343,USGS,01351500,1962-08-04,A,0.4813863922
8344,USGS,01351500,1962-08-05,A,0.4530695456
8345,USGS,01351500,1962-08-06,A,0.4530695456
8346,USGS,01351500,1962-08-07,A,0.4813863922
8347,USGS,01351500,1962-08-08,A,0.4813863922
8348,USGS,01351500,1962-08-09,A,0.5097032388
8349,USGS,01351500,1962-08-10,A,0.6229706252
8350,USGS,01351500,1962-08-11,A,0.7362380116
8351,USGS,01351500,1962-08-12,A,0.9344559378
8352,USGS,01351500,1962-08-13,A,0.9344559378
8353,USGS,01351500,1962-08-14,A,1.0477233242000001
8354,USGS,01351500,1962-08-15,A,1.0760401708
8355,USGS,01351500,1962-08-16,A,0.9627727844
8356,USGS,01351500,1962-08-17,A,0.8211885514
8357,USGS,01351500,1962-08-18,A,0.7362380116
8358,USGS,01351500,1962-08-19,A,0.6796043184
8359,USGS,01351500,1962-08-20,A,0.5946537786
8360,USGS,01351500,1962-08-21,A,0.5097032388
8361,USGS,01351500,1962-08-22,A,0.424752699
8362,USGS,01351500,1962-08-23,A,0.3964358524
8363,USGS,01351500,1962-08-24,A,0.3681190058
8364,USGS,01351500,1962-08-25,A,0.3681190058
8365,USGS,01351500,1962-08-26,A,0.3398021592
8366,USGS,01351500,1962-08-27,A,0.3114853126
8367,USGS,01351500,1962-08-28,A,0.283168466
8368,USGS,01351500,1962-08-29,A,0.3114853126
8369,USGS,01351500,1962-08-30,A,0.3681190058
8370,USGS,01351500,1962-08-31,A,0.3681190058
8371,USGS,01351500,1962-09-01,A,0.3681190058
8372,USGS,01351500,1962-09-02,A,0.3681190058
8373,USGS,01351500,1962-09-03,A,0.3681190058
8374,USGS,01351500,1962-09-04,A,0.3964358524
8375,USGS,01351500,1962-09-05,A,0.4530695456
8376,USGS,01351500,1962-09-06,A,0.4813863922
8377,USGS,01351500,1962-09-07,A,0.4530695456
8378,USGS,01351500,1962-09-08,A,0.4813863922
8379,USGS,01351500,1962-09-09,A,0.4530695456
8380,USGS,01351500,1962-09-10,A,0.3964358524
8381,USGS,01351500,1962-09-11,A,0.5097032388
8382,USGS,01351500,1962-09-12,A,0.4813863922
8383,USGS,01351500,1962-09-13,A,0.5380200854
8384,USGS,01351500,1962-09-14,A,0.5380200854
8385,USGS,01351500,1962-09-15,A,0.5097032388
8386,USGS,01351500,1962-09-16,A,0.4813863922
8387,USGS,01351500,1962-09-17,A,0.4530695456
8388,USGS,01351500,1962-09-18,A,0.424752699
8389,USGS,01351500,1962-09-19,A,0.3681190058
8390,USGS,01351500,1962-09-20,A,0.3681190058
8391,USGS,01351500,1962-09-21,A,0.3398021592
8392,USGS,01351500,1962-09-22,A,0.3398021592
8393,USGS,01351500,1962-09-23,A,0.3114853126
8394,USGS,01351500,1962-09-24,A,0.3114853126
8395,USGS,01351500,1962-09-25,A,0.3398021592
8396,USGS,01351500,1962-09-26,A,0.3681190058
8397,USGS,01351500,1962-09-27,A,0.3964358524
8398,USGS,01351500,1962-09-28,A,0.4813863922
8399,USGS,01351500,1962-09-29,A,0.5946537786
8400,USGS,01351500,1962-09-30,A,0.7645548582
8401,USGS,01351500,1962-10-01,A,1.3025749436
8402,USGS,01351500,1962-10-02,A,1.3592086368
8403,USGS,01351500,1962-10-03,A,1.132673864
8404,USGS,01351500,1962-10-04,A,1.0477233242000001
8405,USGS,01351500,1962-10-05,A,1.132673864
8406,USGS,01351500,1962-10-06,A,1.3592086368
8407,USGS,01351500,1962-10-07,A,3.0299025862
8408,USGS,01351500,1962-10-08,A,3.4263384386
8409,USGS,01351500,1962-10-09,A,3.2847542056
8410,USGS,01351500,1962-10-10,A,3.2847542056
8411,USGS,01351500,1962-10-11,A,3.539605825
8412,USGS,01351500,1962-10-12,A,3.7944574444
8413,USGS,01351500,1962-10-13,A,3.2847542056
8414,USGS,01351500,1962-10-14,A,2.9166351998
8415,USGS,01351500,1962-10-15,A,2.6334667338
8416,USGS,01351500,1962-10-16,A,2.3502982678
8417,USGS,01351500,1962-10-17,A,2.0671298018
8418,USGS,01351500,1962-10-18,A,1.8689118756
8419,USGS,01351500,1962-10-19,A,1.7273276426000002
8420,USGS,01351500,1962-10-20,A,1.6706939494
8421,USGS,01351500,1962-10-21,A,1.6140602562000002
8422,USGS,01351500,1962-10-22,A,1.41584233
8423,USGS,01351500,1962-10-23,A,1.3592086368
8424,USGS,01351500,1962-10-24,A,1.2459412504
8425,USGS,01351500,1962-10-25,A,1.2176244038
8426,USGS,01351500,1962-10-26,A,1.2176244038
8427,USGS,01351500,1962-10-27,A,1.132673864
8428,USGS,01351500,1962-10-28,A,1.0760401708
8429,USGS,01351500,1962-10-29,A,1.0760401708
8430,USGS,01351500,1962-10-30,A,1.0477233242000001
8431,USGS,01351500,1962-10-31,A,1.4724760232
8432,USGS,01351500,1962-11-01,A,3.964358524
8433,USGS,01351500,1962-11-02,A,5.4651513938
8434,USGS,01351500,1962-11-03,A,4.4740617628
8435,USGS,01351500,1962-11-04,A,4.4740617628
8436,USGS,01351500,1962-11-05,A,4.813863922
8437,USGS,01351500,1962-11-06,A,4.9837650016
8438,USGS,01351500,1962-11-07,A,4.813863922
8439,USGS,01351500,1962-11-08,A,4.4740617628
8440,USGS,01351500,1962-11-09,A,4.9837650016
8441,USGS,01351500,1962-11-10,A,8.353469747
8442,USGS,01351500,1962-11-11,A,55.21785087
8443,USGS,01351500,1962-11-12,A,39.926753706
8444,USGS,01351500,1962-11-13,A,24.2675375362
8445,USGS,01351500,1962-11-14,A,18.40595029
8446,USGS,01351500,1962-11-15,A,14.1584233
8447,USGS,01351500,1962-11-16,A,11.6665407992
8448,USGS,01351500,1962-11-17,A,10.194064776000001
8449,USGS,01351500,1962-11-18,A,9.061390912
8450,USGS,01351500,1962-11-19,A,7.928717048
8451,USGS,01351500,1962-11-20,A,7.07921165
8452,USGS,01351500,1962-11-21,A,6.796043184
8453,USGS,01351500,1962-11-22,A,14.441591766
8454,USGS,01351500,1962-11-23,A,25.48516194
8455,USGS,01351500,1962-11-24,A,20.3314958588
8456,USGS,01351500,1962-11-25,A,15.857434096
8457,USGS,01351500,1962-11-26,A,13.0823831292
8458,USGS,01351500,1962-11-27,A,10.618817475
8459,USGS,01351500,1962-11-28,A,10.0807973896
8460,USGS,01351500,1962-11-29,A,9.5144604576
8461,USGS,01351500,1962-11-30,A,9.231291991600001
8462,USGS,01351500,1962-12-01,A,8.4101034402
8463,USGS,01351500,1962-12-02,A,8.1552518208
8464,USGS,01351500,1962-12-03,A,7.4473306558
8465,USGS,01351500,1962-12-04,A,7.4473306558
8466,USGS,01351500,1962-12-05,A,8.1552518208
8467,USGS,01351500,1962-12-06,A,89.19806679
8468,USGS,01351500,1962-12-07,A,154.893150902
8469,USGS,01351500,1962-12-08,A,69.093105704
8470,USGS,01351500,1962-12-09,A,46.156459958
8471,USGS,01351500,1962-12-10,A,35.962395182
8472,USGS,01351500,1962-12-11,A,20.388129552000002
8473,USGS,01351500,1962-12-12,A,16.99010796
8474,USGS,01351500,1962-12-13,A,14.724760232000001
8475,USGS,01351500,1962-12-14,A,13.025749436
8476,USGS,01351500,1962-12-15,A,11.893075572
8477,USGS,01351500,1962-12-16,A,9.627727844
8478,USGS,01351500,1962-12-17,A,8.778222446000001
8479,USGS,01351500,1962-12-18,A,7.645548582
8480,USGS,01351500,1962-12-19,A,6.796043184
8481,USGS,01351500,1962-12-20,A,5.946537786
8482,USGS,01351500,1962-12-21,A,4.530695456
8483,USGS,01351500,1962-12-22,A,5.380200854
8484,USGS,01351500,1962-12-23,A,5.097032388000001
8485,USGS,01351500,1962-12-24,A,4.813863922
8486,USGS,01351500,1962-12-25,A,4.530695456
8487,USGS,01351500,1962-12-26,A,4.530695456
8488,USGS,01351500,1962-12-27,A,3.6811900580000003
8489,USGS,01351500,1962-12-28,A,3.964358524
8490,USGS,01351500,1962-12-29,A,3.398021592
8491,USGS,01351500,1962-12-30,A,3.114853126
8492,USGS,01351500,1962-12-31,A,2.3786151144
8493,USGS,01351500,1963-01-01,A,3.398021592
8494,USGS,01351500,1963-01-02,A,4.24752699
8495,USGS,01351500,1963-01-03,A,5.097032388000001
8496,USGS,01351500,1963-01-04,A,4.24752699
8497,USGS,01351500,1963-01-05,A,3.964358524
8498,USGS,01351500,1963-01-06,A,3.6811900580000003
8499,USGS,01351500,1963-01-07,A,3.398021592
8500,USGS,01351500,1963-01-08,A,3.114853126
8501,USGS,01351500,1963-01-09,A,3.398021592
8502,USGS,01351500,1963-01-10,A,3.114853126
8503,USGS,01351500,1963-01-11,A,3.6811900580000003
8504,USGS,01351500,1963-01-12,A,5.380200854
8505,USGS,01351500,1963-01-13,A,7.645548582
8506,USGS,01351500,1963-01-14,A,5.66336932
8507,USGS,01351500,1963-01-15,A,5.380200854
8508,USGS,01351500,1963-01-16,A,4.813863922
8509,USGS,01351500,1963-01-17,A,5.380200854
8510,USGS,01351500,1963-01-18,A,5.097032388000001
8511,USGS,01351500,1963-01-19,A,4.813863922
8512,USGS,01351500,1963-01-20,A,7.07921165
8513,USGS,01351500,1963-01-21,A,9.344559378
8514,USGS,01351500,1963-01-22,A,5.946537786
8515,USGS,01351500,1963-01-23,A,6.512874718
8516,USGS,01351500,1963-01-24,A,4.24752699
8517,USGS,01351500,1963-01-25,A,5.097032388000001
8518,USGS,01351500,1963-01-26,A,6.229706252
8519,USGS,01351500,1963-01-27,A,7.07921165
8520,USGS,01351500,1963-01-28,A,5.66336932
8521,USGS,01351500,1963-01-29,A,6.229706252
8522,USGS,01351500,1963-01-30,A,5.946537786
8523,USGS,01351500,1963-01-31,A,5.097032388000001
8524,USGS,01351500,1963-02-01,A,4.530695456
8525,USGS,01351500,1963-02-02,A,5.946537786
8526,USGS,01351500,1963-02-03,A,7.645548582
8527,USGS,01351500,1963-02-04,A,7.07921165
8528,USGS,01351500,1963-02-05,A,6.512874718
8529,USGS,01351500,1963-02-06,A,5.66336932
8530,USGS,01351500,1963-02-07,A,5.380200854
8531,USGS,01351500,1963-02-08,A,4.813863922
8532,USGS,01351500,1963-02-09,A,5.097032388000001
8533,USGS,01351500,1963-02-10,A,5.946537786
8534,USGS,01351500,1963-02-11,A,5.380200854
8535,USGS,01351500,1963-02-12,A,5.946537786
8536,USGS,01351500,1963-02-13,A,5.380200854
8537,USGS,01351500,1963-02-14,A,4.813863922
8538,USGS,01351500,1963-02-15,A,4.24752699
8539,USGS,01351500,1963-02-16,A,3.964358524
8540,USGS,01351500,1963-02-17,A,4.530695456
8541,USGS,01351500,1963-02-18,A,4.813863922
8542,USGS,01351500,1963-02-19,A,4.530695456
8543,USGS,01351500,1963-02-20,A,4.24752699
8544,USGS,01351500,1963-02-21,A,3.6811900580000003
8545,USGS,01351500,1963-02-22,A,3.398021592
8546,USGS,01351500,1963-02-23,A,3.398021592
8547,USGS,01351500,1963-02-24,A,3.6811900580000003
8548,USGS,01351500,1963-02-25,A,4.24752699
8549,USGS,01351500,1963-02-26,A,3.6811900580000003
8550,USGS,01351500,1963-02-27,A,3.398021592
8551,USGS,01351500,1963-02-28,A,3.964358524
8552,USGS,01351500,1963-03-01,A,3.6811900580000003
8553,USGS,01351500,1963-03-02,A,3.964358524
8554,USGS,01351500,1963-03-03,A,3.398021592
8555,USGS,01351500,1963-03-04,A,3.6811900580000003
8556,USGS,01351500,1963-03-05,A,3.964358524
8557,USGS,01351500,1963-03-06,A,4.813863922
8558,USGS,01351500,1963-03-07,A,6.229706252
8559,USGS,01351500,1963-03-08,A,5.097032388000001
8560,USGS,01351500,1963-03-09,A,4.530695456
8561,USGS,01351500,1963-03-10,A,4.813863922
8562,USGS,01351500,1963-03-11,A,5.097032388000001
8563,USGS,01351500,1963-03-12,A,5.946537786
8564,USGS,01351500,1963-03-13,A,12.74258097
8565,USGS,01351500,1963-03-14,A,23.219814212
8566,USGS,01351500,1963-03-15,A,17.556444892000002
8567,USGS,01351500,1963-03-16,A,14.724760232000001
8568,USGS,01351500,1963-03-17,A,23.786151144
8569,USGS,01351500,1963-03-18,A,36.81190058
8570,USGS,01351500,1963-03-19,A,24.06931961
8571,USGS,01351500,1963-03-20,A,19.82179262
8572,USGS,01351500,1963-03-21,A,14.724760232000001
8573,USGS,01351500,1963-03-22,A,12.74258097
8574,USGS,01351500,1963-03-23,A,9.91089631
8575,USGS,01351500,1963-03-24,A,12.176244038
8576,USGS,01351500,1963-03-25,A,56.6336932
8577,USGS,01351500,1963-03-26,A,127.4258097
8578,USGS,01351500,1963-03-27,A,424.752699
8579,USGS,01351500,1963-03-28,A,277.788265146
8580,USGS,01351500,1963-03-29,A,211.243675636
8581,USGS,01351500,1963-03-30,A,183.493165968
8582,USGS,01351500,1963-03-31,A,191.13871455
8583,USGS,01351500,1963-04-01,A,149.796118514
8584,USGS,01351500,1963-04-02,A,136.487200612
8585,USGS,01351500,1963-04-03,A,177.829796648
8586,USGS,01351500,1963-04-04,A,180.095144376
8587,USGS,01351500,1963-04-05,A,122.04560884600001
8588,USGS,01351500,1963-04-06,A,84.384202868
8589,USGS,01351500,1963-04-07,A,64.562410248
8590,USGS,01351500,1963-04-08,A,49.55448155
8591,USGS,01351500,1963-04-09,A,39.077248308
8592,USGS,01351500,1963-04-10,A,33.413878988
8593,USGS,01351500,1963-04-11,A,30.582194328
8594,USGS,01351500,1963-04-12,A,28.3168466
8595,USGS,01351500,1963-04-13,A,25.315260860400002
8596,USGS,01351500,1963-04-14,A,21.7756550354
8597,USGS,01351500,1963-04-15,A,18.8873366822
8598,USGS,01351500,1963-04-16,A,17.131692193
8599,USGS,01351500,1963-04-17,A,15.857434096
8600,USGS,01351500,1963-04-18,A,16.282186795
8601,USGS,01351500,1963-04-19,A,16.706939494
8602,USGS,01351500,1963-04-20,A,20.3314958588
8603,USGS,01351500,1963-04-21,A,21.2942686432
8604,USGS,01351500,1963-04-22,A,17.131692193
8605,USGS,01351500,1963-04-23,A,15.432681397
8606,USGS,01351500,1963-04-24,A,21.7756550354
8607,USGS,01351500,1963-04-25,A,21.2942686432
8608,USGS,01351500,1963-04-26,A,17.131692193
8609,USGS,01351500,1963-04-27,A,15.007928698
8610,USGS,01351500,1963-04-28,A,13.0823831292
8611,USGS,01351500,1963-04-29,A,12.034659805
8612,USGS,01351500,1963-04-30,A,11.32673864
8613,USGS,01351500,1963-05-01,A,12.74258097
8614,USGS,01351500,1963-05-02,A,13.450502135
8615,USGS,01351500,1963-05-03,A,11.6665407992
8616,USGS,01351500,1963-05-04,A,10.335649009
8617,USGS,01351500,1963-05-05,A,9.7976289236
8618,USGS,01351500,1963-05-06,A,9.231291991600001
8619,USGS,01351500,1963-05-07,A,8.6932719062
8620,USGS,01351500,1963-05-08,A,8.1552518208
8621,USGS,01351500,1963-05-09,A,13.3938684418
8622,USGS,01351500,1963-05-10,A,16.706939494
8623,USGS,01351500,1963-05-11,A,35.39605825
8624,USGS,01351500,1963-05-12,A,29.449520464000003
8625,USGS,01351500,1963-05-13,A,20.3314958588
8626,USGS,01351500,1963-05-14,A,17.131692193
8627,USGS,01351500,1963-05-15,A,17.556444892000002
8628,USGS,01351500,1963-05-16,A,14.1584233
8629,USGS,01351500,1963-05-17,A,12.034659805
8630,USGS,01351500,1963-05-18,A,12.74258097
8631,USGS,01351500,1963-05-19,A,19.368723074400002
8632,USGS,01351500,1963-05-20,A,14.583175999
8633,USGS,01351500,1963-05-21,A,14.583175999
8634,USGS,01351500,1963-05-22,A,12.74258097
8635,USGS,01351500,1963-05-23,A,10.335649009
8636,USGS,01351500,1963-05-24,A,9.5144604576
8637,USGS,01351500,1963-05-25,A,8.9764403722
8638,USGS,01351500,1963-05-26,A,8.4101034402
8639,USGS,01351500,1963-05-27,A,8.1552518208
8640,USGS,01351500,1963-05-28,A,7.2491127296
8641,USGS,01351500,1963-05-29,A,6.6261421044
8642,USGS,01351500,1963-05-30,A,6.3996073316
8643,USGS,01351500,1963-05-31,A,6.2013894054000005
8644,USGS,01351500,1963-06-01,A,5.4651513938
8645,USGS,01351500,1963-06-02,A,4.643962842400001
8646,USGS,01351500,1963-06-03,A,4.0493090638
8647,USGS,01351500,1963-06-04,A,3.6528732114
8648,USGS,01351500,1963-06-05,A,3.1714868192
8649,USGS,01351500,1963-06-06,A,2.9166351998
8650,USGS,01351500,1963-06-07,A,2.83168466
8651,USGS,01351500,1963-06-08,A,2.7184172736
8652,USGS,01351500,1963-06-09,A,2.6334667338
8653,USGS,01351500,1963-06-10,A,2.4352488076
8654,USGS,01351500,1963-06-11,A,2.3502982678
8655,USGS,01351500,1963-06-12,A,2.7184172736
8656,USGS,01351500,1963-06-13,A,4.0493090638
8657,USGS,01351500,1963-06-14,A,3.6528732114
8658,USGS,01351500,1963-06-15,A,4.813863922
8659,USGS,01351500,1963-06-16,A,24.2392206896
8660,USGS,01351500,1963-06-17,A,13.450502135
8661,USGS,01351500,1963-06-18,A,8.6932719062
8662,USGS,01351500,1963-06-19,A,6.6261421044
8663,USGS,01351500,1963-06-20,A,5.4651513938
8664,USGS,01351500,1963-06-21,A,4.9837650016
8665,USGS,01351500,1963-06-22,A,5.2952503142000005
8666,USGS,01351500,1963-06-23,A,4.4740617628
8667,USGS,01351500,1963-06-24,A,3.7944574444
8668,USGS,01351500,1963-06-25,A,3.2847542056
8669,USGS,01351500,1963-06-26,A,2.7184172736
8670,USGS,01351500,1963-06-27,A,2.4352488076
8671,USGS,01351500,1963-06-28,A,2.0671298018
8672,USGS,01351500,1963-06-29,A,1.9255455688
8673,USGS,01351500,1963-06-30,A,1.8689118756
8674,USGS,01351500,1963-07-01,A,1.9255455688
8675,USGS,01351500,1963-07-02,A,1.7839613358
8676,USGS,01351500,1963-07-03,A,1.6140602562000002
8677,USGS,01351500,1963-07-04,A,1.3025749436
8678,USGS,01351500,1963-07-05,A,1.1609907106000001
8679,USGS,01351500,1963-07-06,A,1.0760401708
8680,USGS,01351500,1963-07-07,A,1.0477233242000001
8681,USGS,01351500,1963-07-08,A,1.0194064776
8682,USGS,01351500,1963-07-09,A,0.9627727844
8683,USGS,01351500,1963-07-10,A,1.0194064776
8684,USGS,01351500,1963-07-11,A,1.132673864
8685,USGS,01351500,1963-07-12,A,1.132673864
8686,USGS,01351500,1963-07-13,A,1.0194064776
8687,USGS,01351500,1963-07-14,A,1.0194064776
8688,USGS,01351500,1963-07-15,A,0.9344559378
8689,USGS,01351500,1963-07-16,A,0.849505398
8690,USGS,01351500,1963-07-17,A,0.8211885514
8691,USGS,01351500,1963-07-18,A,0.7645548582
8692,USGS,01351500,1963-07-19,A,0.707921165
8693,USGS,01351500,1963-07-20,A,0.707921165
8694,USGS,01351500,1963-07-21,A,0.6512874718
8695,USGS,01351500,1963-07-22,A,0.6512874718
8696,USGS,01351500,1963-07-23,A,1.2459412504
8697,USGS,01351500,1963-07-24,A,1.8689118756
8698,USGS,01351500,1963-07-25,A,1.3592086368
8699,USGS,01351500,1963-07-26,A,1.0760401708
8700,USGS,01351500,1963-07-27,A,0.8778222446
8701,USGS,01351500,1963-07-28,A,0.7362380116
8702,USGS,01351500,1963-07-29,A,0.6512874718
8703,USGS,01351500,1963-07-30,A,1.0477233242000001
8704,USGS,01351500,1963-07-31,A,1.2176244038
8705,USGS,01351500,1963-08-01,A,1.1609907106000001
8706,USGS,01351500,1963-08-02,A,1.0477233242000001
8707,USGS,01351500,1963-08-03,A,1.0194064776
8708,USGS,01351500,1963-08-04,A,1.0760401708
8709,USGS,01351500,1963-08-05,A,1.8689118756
8710,USGS,01351500,1963-08-06,A,3.1714868192
8711,USGS,01351500,1963-08-07,A,2.265347728
8712,USGS,01351500,1963-08-08,A,1.7839613358
8713,USGS,01351500,1963-08-09,A,1.41584233
8714,USGS,01351500,1963-08-10,A,1.1609907106000001
8715,USGS,01351500,1963-08-11,A,1.132673864
8716,USGS,01351500,1963-08-12,A,1.0194064776
8717,USGS,01351500,1963-08-13,A,0.8778222446
8718,USGS,01351500,1963-08-14,A,0.8778222446
8719,USGS,01351500,1963-08-15,A,0.8211885514
8720,USGS,01351500,1963-08-16,A,0.8211885514
8721,USGS,01351500,1963-08-17,A,0.8211885514
8722,USGS,01351500,1963-08-18,A,1.0760401708
8723,USGS,01351500,1963-08-19,A,1.41584233
8724,USGS,01351500,1963-08-20,A,2.3502982678
8725,USGS,01351500,1963-08-21,A,2.265347728
8726,USGS,01351500,1963-08-22,A,1.982179262
8727,USGS,01351500,1963-08-23,A,1.7273276426000002
8728,USGS,01351500,1963-08-24,A,1.41584233
8729,USGS,01351500,1963-08-25,A,1.132673864
8730,USGS,01351500,1963-08-26,A,0.9627727844
8731,USGS,01351500,1963-08-27,A,0.8778222446
8732,USGS,01351500,1963-08-28,A,0.849505398
8733,USGS,01351500,1963-08-29,A,0.8211885514
8734,USGS,01351500,1963-08-30,A,0.7645548582
8735,USGS,01351500,1963-08-31,A,0.707921165
8736,USGS,01351500,1963-09-01,A,0.6512874718
8737,USGS,01351500,1963-09-02,A,0.5946537786
8738,USGS,01351500,1963-09-03,A,0.5380200854
8739,USGS,01351500,1963-09-04,A,0.566336932
8740,USGS,01351500,1963-09-05,A,0.5946537786
8741,USGS,01351500,1963-09-06,A,0.5946537786
8742,USGS,01351500,1963-09-07,A,0.5946537786
8743,USGS,01351500,1963-09-08,A,0.5380200854
8744,USGS,01351500,1963-09-09,A,0.5097032388
8745,USGS,01351500,1963-09-10,A,0.4530695456
8746,USGS,01351500,1963-09-11,A,0.4530695456
8747,USGS,01351500,1963-09-12,A,0.4530695456
8748,USGS,01351500,1963-09-13,A,0.424752699
8749,USGS,01351500,1963-09-14,A,0.3681190058
8750,USGS,01351500,1963-09-15,A,0.3681190058
8751,USGS,01351500,1963-09-16,A,0.3398021592
8752,USGS,01351500,1963-09-17,A,0.3398021592
8753,USGS,01351500,1963-09-18,A,0.3681190058
8754,USGS,01351500,1963-09-19,A,0.3681190058
8755,USGS,01351500,1963-09-20,A,0.424752699
8756,USGS,01351500,1963-09-21,A,0.424752699
8757,USGS,01351500,1963-09-22,A,0.4530695456
8758,USGS,01351500,1963-09-23,A,0.4813863922
8759,USGS,01351500,1963-09-24,A,0.4813863922
8760,USGS,01351500,1963-09-25,A,0.5380200854
8761,USGS,01351500,1963-09-26,A,0.5097032388
8762,USGS,01351500,1963-09-27,A,0.4530695456
8763,USGS,01351500,1963-09-28,A,0.4530695456
8764,USGS,01351500,1963-09-29,A,0.566336932
8765,USGS,01351500,1963-09-30,A,0.6512874718
8766,USGS,01351500,1963-10-01,A,0.7362380116
8767,USGS,01351500,1963-10-02,A,0.849505398
8768,USGS,01351500,1963-10-03,A,1.0477233242000001
8769,USGS,01351500,1963-10-04,A,0.9627727844
8770,USGS,01351500,1963-10-05,A,0.7645548582
8771,USGS,01351500,1963-10-06,A,0.6796043184
8772,USGS,01351500,1963-10-07,A,0.5946537786
8773,USGS,01351500,1963-10-08,A,0.5946537786
8774,USGS,01351500,1963-10-09,A,0.5380200854
8775,USGS,01351500,1963-10-10,A,0.5097032388
8776,USGS,01351500,1963-10-11,A,0.5097032388
8777,USGS,01351500,1963-10-12,A,0.4813863922
8778,USGS,01351500,1963-10-13,A,0.4530695456
8779,USGS,01351500,1963-10-14,A,0.4530695456
8780,USGS,01351500,1963-10-15,A,0.424752699
8781,USGS,01351500,1963-10-16,A,0.3964358524
8782,USGS,01351500,1963-10-17,A,0.3964358524
8783,USGS,01351500,1963-10-18,A,0.3964358524
8784,USGS,01351500,1963-10-19,A,0.3964358524
8785,USGS,01351500,1963-10-20,A,0.3964358524
8786,USGS,01351500,1963-10-21,A,0.3964358524
8787,USGS,01351500,1963-10-22,A,0.3681190058
8788,USGS,01351500,1963-10-23,A,0.3964358524
8789,USGS,01351500,1963-10-24,A,0.3964358524
8790,USGS,01351500,1963-10-25,A,0.3681190058
8791,USGS,01351500,1963-10-26,A,0.3681190058
8792,USGS,01351500,1963-10-27,A,0.3681190058
8793,USGS,01351500,1963-10-28,A,0.3964358524
8794,USGS,01351500,1963-10-29,A,0.3964358524
8795,USGS,01351500,1963-10-30,A,0.3964358524
8796,USGS,01351500,1963-10-31,A,0.3964358524
8797,USGS,01351500,1963-11-01,A,0.424752699
8798,USGS,01351500,1963-11-02,A,0.4530695456
8799,USGS,01351500,1963-11-03,A,0.4813863922
8800,USGS,01351500,1963-11-04,A,0.4530695456
8801,USGS,01351500,1963-11-05,A,0.4530695456
8802,USGS,01351500,1963-11-06,A,0.4813863922
8803,USGS,01351500,1963-11-07,A,0.8211885514
8804,USGS,01351500,1963-11-08,A,5.6350524734
8805,USGS,01351500,1963-11-09,A,12.402778810800001
8806,USGS,01351500,1963-11-10,A,9.5144604576
8807,USGS,01351500,1963-11-11,A,7.2491127296
8808,USGS,01351500,1963-11-12,A,6.6261421044
8809,USGS,01351500,1963-11-13,A,6.2013894054000005
8810,USGS,01351500,1963-11-14,A,5.4651513938
8811,USGS,01351500,1963-11-15,A,4.9837650016
8812,USGS,01351500,1963-11-16,A,4.4740617628
8813,USGS,01351500,1963-11-17,A,4.1625764502000004
8814,USGS,01351500,1963-11-18,A,3.9077248308000003
8815,USGS,01351500,1963-11-19,A,3.6528732114
8816,USGS,01351500,1963-11-20,A,3.4263384386
8817,USGS,01351500,1963-11-21,A,3.2847542056
8818,USGS,01351500,1963-11-22,A,3.0299025862
8819,USGS,01351500,1963-11-23,A,3.1714868192
8820,USGS,01351500,1963-11-24,A,4.3324775298
8821,USGS,01351500,1963-11-25,A,7.4473306558
8822,USGS,01351500,1963-11-26,A,6.2013894054000005
8823,USGS,01351500,1963-11-27,A,5.2952503142000005
8824,USGS,01351500,1963-11-28,A,4.9837650016
8825,USGS,01351500,1963-11-29,A,4.643962842400001
8826,USGS,01351500,1963-11-30,A,6.5411915646
8827,USGS,01351500,1963-12-01,A,13.818621140800001
8828,USGS,01351500,1963-12-02,A,9.231291991600001
8829,USGS,01351500,1963-12-03,A,7.8720833548
8830,USGS,01351500,1963-12-04,A,7.2491127296
8831,USGS,01351500,1963-12-05,A,6.3996073316
8832,USGS,01351500,1963-12-06,A,5.7766367064
8833,USGS,01351500,1963-12-07,A,5.4651513938
8834,USGS,01351500,1963-12-08,A,5.1253492346
8835,USGS,01351500,1963-12-09,A,39.077248308
8836,USGS,01351500,1963-12-10,A,40.776259104000005
8837,USGS,01351500,1963-12-11,A,21.23763495
8838,USGS,01351500,1963-12-12,A,16.140602562
8839,USGS,01351500,1963-12-13,A,15.291097164
8840,USGS,01351500,1963-12-14,A,12.459412504
8841,USGS,01351500,1963-12-15,A,11.32673864
8842,USGS,01351500,1963-12-16,A,10.194064776000001
8843,USGS,01351500,1963-12-17,A,9.344559378
8844,USGS,01351500,1963-12-18,A,9.061390912
8845,USGS,01351500,1963-12-19,A,8.778222446000001
8846,USGS,01351500,1963-12-20,A,8.211885514
8847,USGS,01351500,1963-12-21,A,7.928717048
8848,USGS,01351500,1963-12-22,A,7.362380116000001
8849,USGS,01351500,1963-12-23,A,6.796043184
8850,USGS,01351500,1963-12-24,A,6.512874718
8851,USGS,01351500,1963-12-25,A,6.229706252
8852,USGS,01351500,1963-12-26,A,5.946537786
8853,USGS,01351500,1963-12-27,A,5.66336932
8854,USGS,01351500,1963-12-28,A,5.097032388000001
8855,USGS,01351500,1963-12-29,A,4.813863922
8856,USGS,01351500,1963-12-30,A,4.530695456
8857,USGS,01351500,1963-12-31,A,4.24752699
8858,USGS,01351500,1964-01-01,A,4.813863922
8859,USGS,01351500,1964-01-02,A,5.66336932
8860,USGS,01351500,1964-01-03,A,5.66336932
8861,USGS,01351500,1964-01-04,A,5.380200854
8862,USGS,01351500,1964-01-05,A,4.813863922
8863,USGS,01351500,1964-01-06,A,4.530695456
8864,USGS,01351500,1964-01-07,A,4.24752699
8865,USGS,01351500,1964-01-08,A,3.964358524
8866,USGS,01351500,1964-01-09,A,5.380200854
8867,USGS,01351500,1964-01-10,A,11.043570174000001
8868,USGS,01351500,1964-01-11,A,21.23763495
8869,USGS,01351500,1964-01-12,A,9.627727844
8870,USGS,01351500,1964-01-13,A,8.211885514
8871,USGS,01351500,1964-01-14,A,9.91089631
8872,USGS,01351500,1964-01-15,A,12.74258097
8873,USGS,01351500,1964-01-16,A,14.1584233
8874,USGS,01351500,1964-01-17,A,11.043570174000001
8875,USGS,01351500,1964-01-18,A,9.344559378
8876,USGS,01351500,1964-01-19,A,8.778222446000001
8877,USGS,01351500,1964-01-20,A,10.760401708
8878,USGS,01351500,1964-01-21,A,13.592086368
8879,USGS,01351500,1964-01-22,A,24.918825008
8880,USGS,01351500,1964-01-23,A,20.671298018
8881,USGS,01351500,1964-01-24,A,18.40595029
8882,USGS,01351500,1964-01-25,A,45.30695456
8883,USGS,01351500,1964-01-26,A,147.24760232
8884,USGS,01351500,1964-01-27,A,75.03964349
8885,USGS,01351500,1964-01-28,A,50.120818482000004
8886,USGS,01351500,1964-01-29,A,28.3168466
8887,USGS,01351500,1964-01-30,A,22.65347728
8888,USGS,01351500,1964-01-31,A,19.82179262
8889,USGS,01351500,1964-02-01,A,17.556444892000002
8890,USGS,01351500,1964-02-02,A,15.857434096
8891,USGS,01351500,1964-02-03,A,12.74258097
8892,USGS,01351500,1964-02-04,A,11.32673864
8893,USGS,01351500,1964-02-05,A,9.91089631
8894,USGS,01351500,1964-02-06,A,9.061390912
8895,USGS,01351500,1964-02-07,A,8.49505398
8896,USGS,01351500,1964-02-08,A,7.645548582
8897,USGS,01351500,1964-02-09,A,7.07921165
8898,USGS,01351500,1964-02-10,A,7.362380116000001
8899,USGS,01351500,1964-02-11,A,6.796043184
8900,USGS,01351500,1964-02-12,A,6.229706252
8901,USGS,01351500,1964-02-13,A,5.946537786
8902,USGS,01351500,1964-02-14,A,5.380200854
8903,USGS,01351500,1964-02-15,A,4.530695456
8904,USGS,01351500,1964-02-16,A,4.24752699
8905,USGS,01351500,1964-02-17,A,4.530695456
8906,USGS,01351500,1964-02-18,A,4.813863922
8907,USGS,01351500,1964-02-19,A,3.964358524
8908,USGS,01351500,1964-02-20,A,3.964358524
8909,USGS,01351500,1964-02-21,A,3.6811900580000003
8910,USGS,01351500,1964-02-22,A,3.398021592
8911,USGS,01351500,1964-02-23,A,3.6811900580000003
8912,USGS,01351500,1964-02-24,A,3.964358524
8913,USGS,01351500,1964-02-25,A,3.6811900580000003
8914,USGS,01351500,1964-02-26,A,3.398021592
8915,USGS,01351500,1964-02-27,A,3.114853126
8916,USGS,01351500,1964-02-28,A,2.83168466
8917,USGS,01351500,1964-02-29,A,3.114853126
8918,USGS,01351500,1964-03-01,A,3.398021592
8919,USGS,01351500,1964-03-02,A,4.530695456
8920,USGS,01351500,1964-03-03,A,5.380200854
8921,USGS,01351500,1964-03-04,A,9.344559378
8922,USGS,01351500,1964-03-05,A,254.8516194
8923,USGS,01351500,1964-03-06,A,396.4358524
8924,USGS,01351500,1964-03-07,A,141.867401466
8925,USGS,01351500,1964-03-08,A,124.877293506
8926,USGS,01351500,1964-03-09,A,116.948576458
8927,USGS,01351500,1964-03-10,A,211.81001256800002
8928,USGS,01351500,1964-03-11,A,123.461451176
8929,USGS,01351500,1964-03-12,A,93.44559378
8930,USGS,01351500,1964-03-13,A,89.481235256
8931,USGS,01351500,1964-03-14,A,73.057464228
8932,USGS,01351500,1964-03-15,A,172.449595794
8933,USGS,01351500,1964-03-16,A,145.54859152400002
8934,USGS,01351500,1964-03-17,A,93.728762246
8935,USGS,01351500,1964-03-18,A,77.021822752
8936,USGS,01351500,1964-03-19,A,53.518840074
8937,USGS,01351500,1964-03-20,A,42.192101434
8938,USGS,01351500,1964-03-21,A,42.192101434
8939,USGS,01351500,1964-03-22,A,42.758438366
8940,USGS,01351500,1964-03-23,A,46.156459958
8941,USGS,01351500,1964-03-24,A,53.518840074
8942,USGS,01351500,1964-03-25,A,54.651513938
8943,USGS,01351500,1964-03-26,A,109.303027876
8944,USGS,01351500,1964-03-27,A,124.59412504000001
8945,USGS,01351500,1964-03-28,A,80.986181276
8946,USGS,01351500,1964-03-29,A,77.021822752
8947,USGS,01351500,1964-03-30,A,56.350524734000004
8948,USGS,01351500,1964-03-31,A,40.776259104000005
8949,USGS,01351500,1964-04-01,A,32.847542056
8950,USGS,01351500,1964-04-02,A,29.449520464000003
8951,USGS,01351500,1964-04-03,A,33.98021592
8952,USGS,01351500,1964-04-04,A,40.209922172
8953,USGS,01351500,1964-04-05,A,30.582194328
8954,USGS,01351500,1964-04-06,A,30.015857396
8955,USGS,01351500,1964-04-07,A,58.332703996
8956,USGS,01351500,1964-04-08,A,73.906969626
8957,USGS,01351500,1964-04-09,A,60.598051724
8958,USGS,01351500,1964-04-10,A,45.30695456
8959,USGS,01351500,1964-04-11,A,42.192101434
8960,USGS,01351500,1964-04-12,A,37.095069046
8961,USGS,01351500,1964-04-13,A,34.829721318000004
8962,USGS,01351500,1964-04-14,A,36.528732114
8963,USGS,01351500,1964-04-15,A,44.174280696000004
8964,USGS,01351500,1964-04-16,A,64.845578714
8965,USGS,01351500,1964-04-17,A,62.013894054000005
8966,USGS,01351500,1964-04-18,A,50.687155414
8967,USGS,01351500,1964-04-19,A,50.687155414
8968,USGS,01351500,1964-04-20,A,56.350524734000004
8969,USGS,01351500,1964-04-21,A,92.596088382
8970,USGS,01351500,1964-04-22,A,90.61390912
8971,USGS,01351500,1964-04-23,A,111.285207138
8972,USGS,01351500,1964-04-24,A,81.835686674
8973,USGS,01351500,1964-04-25,A,69.093105704
8974,USGS,01351500,1964-04-26,A,59.182209394000004
8975,USGS,01351500,1964-04-27,A,50.687155414
8976,USGS,01351500,1964-04-28,A,43.607943764
8977,USGS,01351500,1964-04-29,A,39.077248308
8978,USGS,01351500,1964-04-30,A,37.661405978
8979,USGS,01351500,1964-05-01,A,39.64358524
8980,USGS,01351500,1964-05-02,A,37.661405978
8981,USGS,01351500,1964-05-03,A,31.148531260000002
8982,USGS,01351500,1964-05-04,A,27.4107075088
8983,USGS,01351500,1964-05-05,A,20.3314958588
8984,USGS,01351500,1964-05-06,A,13.450502135
8985,USGS,01351500,1964-05-07,A,11.32673864
8986,USGS,01351500,1964-05-08,A,10.0807973896
8987,USGS,01351500,1964-05-09,A,9.5144604576
8988,USGS,01351500,1964-05-10,A,8.6932719062
8989,USGS,01351500,1964-05-11,A,8.1552518208
8990,USGS,01351500,1964-05-12,A,7.6738654286
8991,USGS,01351500,1964-05-13,A,7.2491127296
8992,USGS,01351500,1964-05-14,A,7.6738654286
8993,USGS,01351500,1964-05-15,A,10.335649009
8994,USGS,01351500,1964-05-16,A,10.335649009
8995,USGS,01351500,1964-05-17,A,8.6932719062
8996,USGS,01351500,1964-05-18,A,7.4473306558
8997,USGS,01351500,1964-05-19,A,6.6261421044
8998,USGS,01351500,1964-05-20,A,6.3996073316
8999,USGS,01351500,1964-05-21,A,5.9748546326000005
9000,USGS,01351500,1964-05-22,A,5.2952503142000005
9001,USGS,01351500,1964-05-23,A,4.643962842400001
9002,USGS,01351500,1964-05-24,A,4.3324775298
9003,USGS,01351500,1964-05-25,A,3.9077248308000003
9004,USGS,01351500,1964-05-26,A,3.539605825
9005,USGS,01351500,1964-05-27,A,3.1714868192
9006,USGS,01351500,1964-05-28,A,2.9166351998
9007,USGS,01351500,1964-05-29,A,2.7184172736
9008,USGS,01351500,1964-05-30,A,2.5485161940000003
9009,USGS,01351500,1964-05-31,A,2.5485161940000003
9010,USGS,01351500,1964-06-01,A,2.4352488076
9011,USGS,01351500,1964-06-02,A,2.265347728
9012,USGS,01351500,1964-06-03,A,2.1803971882
9013,USGS,01351500,1964-06-04,A,2.0671298018
9014,USGS,01351500,1964-06-05,A,1.982179262
9015,USGS,01351500,1964-06-06,A,1.982179262
9016,USGS,01351500,1964-06-07,A,1.9255455688
9017,USGS,01351500,1964-06-08,A,1.9255455688
9018,USGS,01351500,1964-06-09,A,1.982179262
9019,USGS,01351500,1964-06-10,A,2.265347728
9020,USGS,01351500,1964-06-11,A,1.982179262
9021,USGS,01351500,1964-06-12,A,1.7839613358
9022,USGS,01351500,1964-06-13,A,1.7273276426000002
9023,USGS,01351500,1964-06-14,A,1.5291097164
9024,USGS,01351500,1964-06-15,A,1.3875254834000001
9025,USGS,01351500,1964-06-16,A,1.2742580970000001
9026,USGS,01351500,1964-06-17,A,1.132673864
9027,USGS,01351500,1964-06-18,A,1.132673864
9028,USGS,01351500,1964-06-19,A,1.0760401708
9029,USGS,01351500,1964-06-20,A,1.0760401708
9030,USGS,01351500,1964-06-21,A,0.9627727844
9031,USGS,01351500,1964-06-22,A,0.849505398
9032,USGS,01351500,1964-06-23,A,0.7928717048
9033,USGS,01351500,1964-06-24,A,0.707921165
9034,USGS,01351500,1964-06-25,A,0.707921165
9035,USGS,01351500,1964-06-26,A,0.6512874718
9036,USGS,01351500,1964-06-27,A,0.5946537786
9037,USGS,01351500,1964-06-28,A,0.4530695456
9038,USGS,01351500,1964-06-29,A,0.3398021592
9039,USGS,01351500,1964-06-30,A,0.26334667338
9040,USGS,01351500,1964-07-01,A,0.21803971882
9041,USGS,01351500,1964-07-02,A,0.20388129552
9042,USGS,01351500,1964-07-03,A,0.5946537786
9043,USGS,01351500,1964-07-04,A,3.4263384386
9044,USGS,01351500,1964-07-05,A,2.1803971882
9045,USGS,01351500,1964-07-06,A,1.6423771028
9046,USGS,01351500,1964-07-07,A,1.2176244038
9047,USGS,01351500,1964-07-08,A,1.0194064776
9048,USGS,01351500,1964-07-09,A,0.849505398
9049,USGS,01351500,1964-07-10,A,0.7928717048
9050,USGS,01351500,1964-07-11,A,0.7362380116
9051,USGS,01351500,1964-07-12,A,0.6796043184
9052,USGS,01351500,1964-07-13,A,0.6229706252
9053,USGS,01351500,1964-07-14,A,0.6229706252
9054,USGS,01351500,1964-07-15,A,0.6229706252
9055,USGS,01351500,1964-07-16,A,0.5946537786
9056,USGS,01351500,1964-07-17,A,0.566336932
9057,USGS,01351500,1964-07-18,A,0.5380200854
9058,USGS,01351500,1964-07-19,A,0.4813863922
9059,USGS,01351500,1964-07-20,A,0.4530695456
9060,USGS,01351500,1964-07-21,A,0.4530695456
9061,USGS,01351500,1964-07-22,A,0.5097032388
9062,USGS,01351500,1964-07-23,A,0.6229706252
9063,USGS,01351500,1964-07-24,A,1.0477233242000001
9064,USGS,01351500,1964-07-25,A,0.9627727844
9065,USGS,01351500,1964-07-26,A,0.707921165
9066,USGS,01351500,1964-07-27,A,0.5946537786
9067,USGS,01351500,1964-07-28,A,0.5097032388
9068,USGS,01351500,1964-07-29,A,0.5097032388
9069,USGS,01351500,1964-07-30,A,0.4813863922
9070,USGS,01351500,1964-07-31,A,0.424752699
9071,USGS,01351500,1964-08-01,A,0.424752699
9072,USGS,01351500,1964-08-02,A,0.424752699
9073,USGS,01351500,1964-08-03,A,0.3964358524
9074,USGS,01351500,1964-08-04,A,0.3964358524
9075,USGS,01351500,1964-08-05,A,0.3681190058
9076,USGS,01351500,1964-08-06,A,0.3398021592
9077,USGS,01351500,1964-08-07,A,0.283168466
9078,USGS,01351500,1964-08-08,A,0.26334667338
9079,USGS,01351500,1964-08-09,A,0.24635656541999998
9080,USGS,01351500,1964-08-10,A,0.23219814211999998
9081,USGS,01351500,1964-08-11,A,0.16706939494
9082,USGS,01351500,1964-08-12,A,0.24635656541999998
9083,USGS,01351500,1964-08-13,A,0.21803971882
9084,USGS,01351500,1964-08-14,A,0.20388129552
9085,USGS,01351500,1964-08-15,A,0.23219814211999998
9086,USGS,01351500,1964-08-16,A,0.24635656541999998
9087,USGS,01351500,1964-08-17,A,0.24635656541999998
9088,USGS,01351500,1964-08-18,A,0.26334667338
9089,USGS,01351500,1964-08-19,A,0.24635656541999998
9090,USGS,01351500,1964-08-20,A,0.24635656541999998
9091,USGS,01351500,1964-08-21,A,0.24635656541999998
9092,USGS,01351500,1964-08-22,A,0.3964358524
9093,USGS,01351500,1964-08-23,A,0.3964358524
9094,USGS,01351500,1964-08-24,A,0.3681190058
9095,USGS,01351500,1964-08-25,A,0.3398021592
9096,USGS,01351500,1964-08-26,A,0.3398021592
9097,USGS,01351500,1964-08-27,A,0.3114853126
9098,USGS,01351500,1964-08-28,A,0.28033678134
9099,USGS,01351500,1964-08-29,A,0.26334667338
9100,USGS,01351500,1964-08-30,A,0.26334667338
9101,USGS,01351500,1964-08-31,A,0.283168466
9102,USGS,01351500,1964-09-01,A,0.3114853126
9103,USGS,01351500,1964-09-02,A,0.283168466
9104,USGS,01351500,1964-09-03,A,0.24635656541999998
9105,USGS,01351500,1964-09-04,A,0.23219814211999998
9106,USGS,01351500,1964-09-05,A,0.23219814211999998
9107,USGS,01351500,1964-09-06,A,0.23219814211999998
9108,USGS,01351500,1964-09-07,A,0.26334667338
9109,USGS,01351500,1964-09-08,A,0.17839613358
9110,USGS,01351500,1964-09-09,A,0.17839613358
9111,USGS,01351500,1964-09-10,A,0.16706939494
9112,USGS,01351500,1964-09-11,A,0.14441591766
9113,USGS,01351500,1964-09-12,A,0.14441591766
9114,USGS,01351500,1964-09-13,A,0.13308917902
9115,USGS,01351500,1964-09-14,A,0.12176244038
9116,USGS,01351500,1964-09-15,A,0.10194064776
9117,USGS,01351500,1964-09-16,A,0.09627727844
9118,USGS,01351500,1964-09-17,A,0.08778222446
9119,USGS,01351500,1964-09-18,A,0.08211885514
9120,USGS,01351500,1964-09-19,A,0.08211885514
9121,USGS,01351500,1964-09-20,A,0.08778222446
9122,USGS,01351500,1964-09-21,A,0.07362380116
9123,USGS,01351500,1964-09-22,A,0.07362380116
9124,USGS,01351500,1964-09-23,A,0.07362380116
9125,USGS,01351500,1964-09-24,A,0.06796043184
9126,USGS,01351500,1964-09-25,A,0.07362380116
9127,USGS,01351500,1964-09-26,A,0.08211885514
9128,USGS,01351500,1964-09-27,A,0.07362380116
9129,USGS,01351500,1964-09-28,A,0.08211885514
9130,USGS,01351500,1964-09-29,A,0.08211885514
9131,USGS,01351500,1964-09-30,A,0.07362380116
9132,USGS,01351500,1964-10-01,A,0.07362380116
9133,USGS,01351500,1964-10-02,A,0.07362380116
9134,USGS,01351500,1964-10-03,A,0.10194064776
9135,USGS,01351500,1964-10-04,A,0.10194064776
9136,USGS,01351500,1964-10-05,A,0.10194064776
9137,USGS,01351500,1964-10-06,A,0.1132673864
9138,USGS,01351500,1964-10-07,A,0.1132673864
9139,USGS,01351500,1964-10-08,A,0.1132673864
9140,USGS,01351500,1964-10-09,A,0.1132673864
9141,USGS,01351500,1964-10-10,A,0.10194064776
9142,USGS,01351500,1964-10-11,A,0.10194064776
9143,USGS,01351500,1964-10-12,A,0.09627727844
9144,USGS,01351500,1964-10-13,A,0.09627727844
9145,USGS,01351500,1964-10-14,A,0.09627727844
9146,USGS,01351500,1964-10-15,A,0.08778222446
9147,USGS,01351500,1964-10-16,A,0.08778222446
9148,USGS,01351500,1964-10-17,A,0.09627727844
9149,USGS,01351500,1964-10-18,A,0.10194064776
9150,USGS,01351500,1964-10-19,A,0.1132673864
9151,USGS,01351500,1964-10-20,A,0.10194064776
9152,USGS,01351500,1964-10-21,A,0.08778222446
9153,USGS,01351500,1964-10-22,A,0.08778222446
9154,USGS,01351500,1964-10-23,A,0.08778222446
9155,USGS,01351500,1964-10-24,A,0.10194064776
9156,USGS,01351500,1964-10-25,A,0.12176244038
9157,USGS,01351500,1964-10-26,A,0.13308917902
9158,USGS,01351500,1964-10-27,A,0.14441591766
9159,USGS,01351500,1964-10-28,A,0.1557426563
9160,USGS,01351500,1964-10-29,A,0.20388129552
9161,USGS,01351500,1964-10-30,A,0.23219814211999998
9162,USGS,01351500,1964-10-31,A,0.23219814211999998
9163,USGS,01351500,1964-11-01,A,0.21803971882
9164,USGS,01351500,1964-11-02,A,0.20388129552
9165,USGS,01351500,1964-11-03,A,0.20388129552
9166,USGS,01351500,1964-11-04,A,0.20388129552
9167,USGS,01351500,1964-11-05,A,0.23219814211999998
9168,USGS,01351500,1964-11-06,A,0.24635656541999998
9169,USGS,01351500,1964-11-07,A,2.4352488076
9170,USGS,01351500,1964-11-08,A,6.6261421044
9171,USGS,01351500,1964-11-09,A,7.0225779568
9172,USGS,01351500,1964-11-10,A,6.6261421044
9173,USGS,01351500,1964-11-11,A,7.2491127296
9174,USGS,01351500,1964-11-12,A,7.0225779568
9175,USGS,01351500,1964-11-13,A,7.0225779568
9176,USGS,01351500,1964-11-14,A,7.0225779568
9177,USGS,01351500,1964-11-15,A,7.0225779568
9178,USGS,01351500,1964-11-16,A,7.0225779568
9179,USGS,01351500,1964-11-17,A,7.0225779568
9180,USGS,01351500,1964-11-18,A,6.8243600306
9181,USGS,01351500,1964-11-19,A,7.0225779568
9182,USGS,01351500,1964-11-20,A,7.2491127296
9183,USGS,01351500,1964-11-21,A,7.0225779568
9184,USGS,01351500,1964-11-22,A,6.8243600306
9185,USGS,01351500,1964-11-23,A,6.6261421044
9186,USGS,01351500,1964-11-24,A,6.3996073316
9187,USGS,01351500,1964-11-25,A,6.2013894054000005
9188,USGS,01351500,1964-11-26,A,6.8243600306
9189,USGS,01351500,1964-11-27,A,6.3996073316
9190,USGS,01351500,1964-11-28,A,5.1253492346
9191,USGS,01351500,1964-11-29,A,3.4263384386
9192,USGS,01351500,1964-11-30,A,2.4352488076
9193,USGS,01351500,1964-12-01,A,1.699010796
9194,USGS,01351500,1964-12-02,A,1.2742580970000001
9195,USGS,01351500,1964-12-03,A,1.3592086368
9196,USGS,01351500,1964-12-04,A,1.2742580970000001
9197,USGS,01351500,1964-12-05,A,1.2742580970000001
9198,USGS,01351500,1964-12-06,A,1.132673864
9199,USGS,01351500,1964-12-07,A,1.0760401708
9200,USGS,01351500,1964-12-08,A,1.0760401708
9201,USGS,01351500,1964-12-09,A,0.9344559378
9202,USGS,01351500,1964-12-10,A,0.849505398
9203,USGS,01351500,1964-12-11,A,0.7928717048
9204,USGS,01351500,1964-12-12,A,0.849505398
9205,USGS,01351500,1964-12-13,A,1.982179262
9206,USGS,01351500,1964-12-14,A,4.24752699
9207,USGS,01351500,1964-12-15,A,3.398021592
9208,USGS,01351500,1964-12-16,A,2.6617835804
9209,USGS,01351500,1964-12-17,A,2.265347728
9210,USGS,01351500,1964-12-18,A,1.8689118756
9211,USGS,01351500,1964-12-19,A,1.6423771028
9212,USGS,01351500,1964-12-20,A,1.4724760232
9213,USGS,01351500,1964-12-21,A,1.3592086368
9214,USGS,01351500,1964-12-22,A,1.2459412504
9215,USGS,01351500,1964-12-23,A,1.132673864
9216,USGS,01351500,1964-12-24,A,1.0477233242000001
9217,USGS,01351500,1964-12-25,A,1.2176244038
9218,USGS,01351500,1964-12-26,A,1.5291097164
9219,USGS,01351500,1964-12-27,A,1.9255455688
9220,USGS,01351500,1964-12-28,A,3.2847542056
9221,USGS,01351500,1964-12-29,A,5.7766367064
9222,USGS,01351500,1964-12-30,A,4.530695456
9223,USGS,01351500,1964-12-31,A,3.964358524
9224,USGS,01351500,1965-01-01,A,3.398021592
9225,USGS,01351500,1965-01-02,A,3.398021592
9226,USGS,01351500,1965-01-03,A,3.2847542056
9227,USGS,01351500,1965-01-04,A,3.2847542056
9228,USGS,01351500,1965-01-05,A,3.1714868192
9229,USGS,01351500,1965-01-06,A,3.114853126
9230,USGS,01351500,1965-01-07,A,3.114853126
9231,USGS,01351500,1965-01-08,A,4.24752699
9232,USGS,01351500,1965-01-09,A,5.380200854
9233,USGS,01351500,1965-01-10,A,42.4752699
9234,USGS,01351500,1965-01-11,A,48.13863922
9235,USGS,01351500,1965-01-12,A,33.98021592
9236,USGS,01351500,1965-01-13,A,25.48516194
9237,USGS,01351500,1965-01-14,A,18.122781824
9238,USGS,01351500,1965-01-15,A,9.627727844
9239,USGS,01351500,1965-01-16,A,3.6811900580000003
9240,USGS,01351500,1965-01-17,A,3.114853126
9241,USGS,01351500,1965-01-18,A,3.6811900580000003
9242,USGS,01351500,1965-01-19,A,4.24752699
9243,USGS,01351500,1965-01-20,A,5.097032388000001
9244,USGS,01351500,1965-01-21,A,5.380200854
9245,USGS,01351500,1965-01-22,A,5.66336932
9246,USGS,01351500,1965-01-23,A,5.380200854
9247,USGS,01351500,1965-01-24,A,4.813863922
9248,USGS,01351500,1965-01-25,A,4.530695456
9249,USGS,01351500,1965-01-26,A,4.24752699
9250,USGS,01351500,1965-01-27,A,4.530695456
9251,USGS,01351500,1965-01-28,A,3.964358524
9252,USGS,01351500,1965-01-29,A,3.398021592
9253,USGS,01351500,1965-01-30,A,2.83168466
9254,USGS,01351500,1965-01-31,A,3.398021592
9255,USGS,01351500,1965-02-01,A,3.6811900580000003
9256,USGS,01351500,1965-02-02,A,4.24752699
9257,USGS,01351500,1965-02-03,A,3.964358524
9258,USGS,01351500,1965-02-04,A,3.6811900580000003
9259,USGS,01351500,1965-02-05,A,4.24752699
9260,USGS,01351500,1965-02-06,A,4.813863922
9261,USGS,01351500,1965-02-07,A,5.66336932
9262,USGS,01351500,1965-02-08,A,33.98021592
9263,USGS,01351500,1965-02-09,A,87.78222446000001
9264,USGS,01351500,1965-02-10,A,53.518840074
9265,USGS,01351500,1965-02-11,A,53.80200854
9266,USGS,01351500,1965-02-12,A,53.80200854
9267,USGS,01351500,1965-02-13,A,59.465377860000004
9268,USGS,01351500,1965-02-14,A,33.98021592
9269,USGS,01351500,1965-02-15,A,22.65347728
9270,USGS,01351500,1965-02-16,A,21.520803416
9271,USGS,01351500,1965-02-17,A,18.122781824
9272,USGS,01351500,1965-02-18,A,16.423771028
9273,USGS,01351500,1965-02-19,A,13.025749436
9274,USGS,01351500,1965-02-20,A,8.211885514
9275,USGS,01351500,1965-02-21,A,10.194064776000001
9276,USGS,01351500,1965-02-22,A,12.74258097
9277,USGS,01351500,1965-02-23,A,9.91089631
9278,USGS,01351500,1965-02-24,A,10.194064776000001
9279,USGS,01351500,1965-02-25,A,11.043570174000001
9280,USGS,01351500,1965-02-26,A,21.520803416
9281,USGS,01351500,1965-02-27,A,20.388129552000002
9282,USGS,01351500,1965-02-28,A,13.592086368
9283,USGS,01351500,1965-03-01,A,10.194064776000001
9284,USGS,01351500,1965-03-02,A,9.627727844
9285,USGS,01351500,1965-03-03,A,9.627727844
9286,USGS,01351500,1965-03-04,A,11.893075572
9287,USGS,01351500,1965-03-05,A,16.99010796
9288,USGS,01351500,1965-03-06,A,31.148531260000002
9289,USGS,01351500,1965-03-07,A,36.528732114
9290,USGS,01351500,1965-03-08,A,33.413878988
9291,USGS,01351500,1965-03-09,A,30.582194328
9292,USGS,01351500,1965-03-10,A,26.362984184600002
9293,USGS,01351500,1965-03-11,A,21.2942686432
9294,USGS,01351500,1965-03-12,A,14.724760232000001
9295,USGS,01351500,1965-03-13,A,12.459412504
9296,USGS,01351500,1965-03-14,A,12.459412504
9297,USGS,01351500,1965-03-15,A,12.402778810800001
9298,USGS,01351500,1965-03-16,A,11.32673864
9299,USGS,01351500,1965-03-17,A,10.618817475
9300,USGS,01351500,1965-03-18,A,10.618817475
9301,USGS,01351500,1965-03-19,A,14.1584233
9302,USGS,01351500,1965-03-20,A,12.74258097
9303,USGS,01351500,1965-03-21,A,10.335649009
9304,USGS,01351500,1965-03-22,A,9.061390912
9305,USGS,01351500,1965-03-23,A,9.7976289236
9306,USGS,01351500,1965-03-24,A,9.7976289236
9307,USGS,01351500,1965-03-25,A,9.7976289236
9308,USGS,01351500,1965-03-26,A,10.618817475
9309,USGS,01351500,1965-03-27,A,11.6665407992
9310,USGS,01351500,1965-03-28,A,12.034659805
9311,USGS,01351500,1965-03-29,A,16.282186795
9312,USGS,01351500,1965-03-30,A,12.402778810800001
9313,USGS,01351500,1965-03-31,A,10.477233242
9314,USGS,01351500,1965-04-01,A,9.344559378
9315,USGS,01351500,1965-04-02,A,10.194064776000001
9316,USGS,01351500,1965-04-03,A,12.034659805
9317,USGS,01351500,1965-04-04,A,13.0823831292
9318,USGS,01351500,1965-04-05,A,15.857434096
9319,USGS,01351500,1965-04-06,A,21.7756550354
9320,USGS,01351500,1965-04-07,A,37.661405978
9321,USGS,01351500,1965-04-08,A,47.289133822000004
9322,USGS,01351500,1965-04-09,A,42.192101434
9323,USGS,01351500,1965-04-10,A,44.740617628
9324,USGS,01351500,1965-04-11,A,53.518840074
9325,USGS,01351500,1965-04-12,A,77.87132815
9326,USGS,01351500,1965-04-13,A,91.180246052
9327,USGS,01351500,1965-04-14,A,62.863399452
9328,USGS,01351500,1965-04-15,A,49.55448155
9329,USGS,01351500,1965-04-16,A,50.687155414
9330,USGS,01351500,1965-04-17,A,46.156459958
9331,USGS,01351500,1965-04-18,A,48.704976152
9332,USGS,01351500,1965-04-19,A,54.368345472
9333,USGS,01351500,1965-04-20,A,58.332703996
9334,USGS,01351500,1965-04-21,A,50.120818482000004
9335,USGS,01351500,1965-04-22,A,44.174280696000004
9336,USGS,01351500,1965-04-23,A,41.625764502
9337,USGS,01351500,1965-04-24,A,35.39605825
9338,USGS,01351500,1965-04-25,A,30.582194328
9339,USGS,01351500,1965-04-26,A,41.625764502
9340,USGS,01351500,1965-04-27,A,64.562410248
9341,USGS,01351500,1965-04-28,A,49.55448155
9342,USGS,01351500,1965-04-29,A,38.510911376
9343,USGS,01351500,1965-04-30,A,31.148531260000002
9344,USGS,01351500,1965-05-01,A,26.90100427
9345,USGS,01351500,1965-05-02,A,22.738427819800002
9346,USGS,01351500,1965-05-03,A,19.8501094666
9347,USGS,01351500,1965-05-04,A,17.556444892000002
9348,USGS,01351500,1965-05-05,A,16.282186795
9349,USGS,01351500,1965-05-06,A,14.583175999
9350,USGS,01351500,1965-05-07,A,13.0823831292
9351,USGS,01351500,1965-05-08,A,13.818621140800001
9352,USGS,01351500,1965-05-09,A,13.0823831292
9353,USGS,01351500,1965-05-10,A,11.6665407992
9354,USGS,01351500,1965-05-11,A,12.74258097
9355,USGS,01351500,1965-05-12,A,14.1584233
9356,USGS,01351500,1965-05-13,A,12.74258097
9357,USGS,01351500,1965-05-14,A,10.9869364808
9358,USGS,01351500,1965-05-15,A,7.2491127296
9359,USGS,01351500,1965-05-16,A,6.8243600306
9360,USGS,01351500,1965-05-17,A,6.8243600306
9361,USGS,01351500,1965-05-18,A,7.4473306558
9362,USGS,01351500,1965-05-19,A,7.4473306558
9363,USGS,01351500,1965-05-20,A,6.6261421044
9364,USGS,01351500,1965-05-21,A,5.7766367064
9365,USGS,01351500,1965-05-22,A,5.4651513938
9366,USGS,01351500,1965-05-23,A,4.9837650016
9367,USGS,01351500,1965-05-24,A,5.1253492346
9368,USGS,01351500,1965-05-25,A,4.643962842400001
9369,USGS,01351500,1965-05-26,A,4.0493090638
9370,USGS,01351500,1965-05-27,A,3.7944574444
9371,USGS,01351500,1965-05-28,A,4.0493090638
9372,USGS,01351500,1965-05-29,A,3.9077248308000003
9373,USGS,01351500,1965-05-30,A,3.539605825
9374,USGS,01351500,1965-05-31,A,3.1714868192
9375,USGS,01351500,1965-06-01,A,2.83168466
9376,USGS,01351500,1965-06-02,A,2.9166351998
9377,USGS,01351500,1965-06-03,A,3.9077248308000003
9378,USGS,01351500,1965-06-04,A,5.7766367064
9379,USGS,01351500,1965-06-05,A,4.3324775298
9380,USGS,01351500,1965-06-06,A,3.4263384386
9381,USGS,01351500,1965-06-07,A,2.83168466
9382,USGS,01351500,1965-06-08,A,2.5485161940000003
9383,USGS,01351500,1965-06-09,A,2.3502982678
9384,USGS,01351500,1965-06-10,A,2.0671298018
9385,USGS,01351500,1965-06-11,A,1.7273276426000002
9386,USGS,01351500,1965-06-12,A,1.6423771028
9387,USGS,01351500,1965-06-13,A,1.7273276426000002
9388,USGS,01351500,1965-06-14,A,1.8405950290000002
9389,USGS,01351500,1965-06-15,A,1.8405950290000002
9390,USGS,01351500,1965-06-16,A,1.8405950290000002
9391,USGS,01351500,1965-06-17,A,1.8405950290000002
9392,USGS,01351500,1965-06-18,A,1.7273276426000002
9393,USGS,01351500,1965-06-19,A,1.5291097164
9394,USGS,01351500,1965-06-20,A,1.4724760232
9395,USGS,01351500,1965-06-21,A,1.2742580970000001
9396,USGS,01351500,1965-06-22,A,1.132673864
9397,USGS,01351500,1965-06-23,A,1.0760401708
9398,USGS,01351500,1965-06-24,A,1.0477233242000001
9399,USGS,01351500,1965-06-25,A,1.0194064776
9400,USGS,01351500,1965-06-26,A,1.1893075572
9401,USGS,01351500,1965-06-27,A,1.1893075572
9402,USGS,01351500,1965-06-28,A,1.0194064776
9403,USGS,01351500,1965-06-29,A,0.849505398
9404,USGS,01351500,1965-06-30,A,0.707921165
9405,USGS,01351500,1965-07-01,A,0.6229706252
9406,USGS,01351500,1965-07-02,A,0.566336932
9407,USGS,01351500,1965-07-03,A,0.5946537786
9408,USGS,01351500,1965-07-04,A,0.566336932
9409,USGS,01351500,1965-07-05,A,0.6229706252
9410,USGS,01351500,1965-07-06,A,0.707921165
9411,USGS,01351500,1965-07-07,A,0.707921165
9412,USGS,01351500,1965-07-08,A,0.6796043184
9413,USGS,01351500,1965-07-09,A,0.707921165
9414,USGS,01351500,1965-07-10,A,0.6512874718
9415,USGS,01351500,1965-07-11,A,0.566336932
9416,USGS,01351500,1965-07-12,A,0.5097032388
9417,USGS,01351500,1965-07-13,A,0.4530695456
9418,USGS,01351500,1965-07-14,A,0.424752699
9419,USGS,01351500,1965-07-15,A,0.4813863922
9420,USGS,01351500,1965-07-16,A,0.6229706252
9421,USGS,01351500,1965-07-17,A,0.7362380116
9422,USGS,01351500,1965-07-18,A,0.8211885514
9423,USGS,01351500,1965-07-19,A,0.8211885514
9424,USGS,01351500,1965-07-20,A,0.707921165
9425,USGS,01351500,1965-07-21,A,0.6229706252
9426,USGS,01351500,1965-07-22,A,0.5946537786
9427,USGS,01351500,1965-07-23,A,0.566336932
9428,USGS,01351500,1965-07-24,A,0.5380200854
9429,USGS,01351500,1965-07-25,A,0.4530695456
9430,USGS,01351500,1965-07-26,A,0.3964358524
9431,USGS,01351500,1965-07-27,A,0.3398021592
9432,USGS,01351500,1965-07-28,A,0.3398021592
9433,USGS,01351500,1965-07-29,A,0.3114853126
9434,USGS,01351500,1965-07-30,A,0.283168466
9435,USGS,01351500,1965-07-31,A,0.26617835804
9436,USGS,01351500,1965-08-01,A,0.26617835804
9437,USGS,01351500,1965-08-02,A,0.26617835804
9438,USGS,01351500,1965-08-03,A,0.26617835804
9439,USGS,01351500,1965-08-04,A,0.26334667338
9440,USGS,01351500,1965-08-05,A,0.26334667338
9441,USGS,01351500,1965-08-06,A,0.23219814211999998
9442,USGS,01351500,1965-08-07,A,0.24635656541999998
9443,USGS,01351500,1965-08-08,A,0.24635656541999998
9444,USGS,01351500,1965-08-09,A,0.26334667338
9445,USGS,01351500,1965-08-10,A,0.3398021592
9446,USGS,01351500,1965-08-11,A,0.283168466
9447,USGS,01351500,1965-08-12,A,0.141584233
9448,USGS,01351500,1965-08-13,A,0.141584233
9449,USGS,01351500,1965-08-14,A,0.15857434096
9450,USGS,01351500,1965-08-15,A,0.17556444892
9451,USGS,01351500,1965-08-16,A,0.17556444892
9452,USGS,01351500,1965-08-17,A,0.14724760232
9453,USGS,01351500,1965-08-18,A,0.18972287222
9454,USGS,01351500,1965-08-19,A,0.21803971882
9455,USGS,01351500,1965-08-20,A,0.24635656541999998
9456,USGS,01351500,1965-08-21,A,0.283168466
9457,USGS,01351500,1965-08-22,A,0.3114853126
9458,USGS,01351500,1965-08-23,A,0.283168466
9459,USGS,01351500,1965-08-24,A,0.26334667338
9460,USGS,01351500,1965-08-25,A,0.24635656541999998
9461,USGS,01351500,1965-08-26,A,0.24635656541999998
9462,USGS,01351500,1965-08-27,A,0.23219814211999998
9463,USGS,01351500,1965-08-28,A,0.24635656541999998
9464,USGS,01351500,1965-08-29,A,0.21803971882
9465,USGS,01351500,1965-08-30,A,0.20388129552
9466,USGS,01351500,1965-08-31,A,0.18972287222
9467,USGS,01351500,1965-09-01,A,0.24635656541999998
9468,USGS,01351500,1965-09-02,A,0.26334667338
9469,USGS,01351500,1965-09-03,A,0.26334667338
9470,USGS,01351500,1965-09-04,A,0.28033678134
9471,USGS,01351500,1965-09-05,A,0.283168466
9472,USGS,01351500,1965-09-06,A,0.283168466
9473,USGS,01351500,1965-09-07,A,0.28033678134
9474,USGS,01351500,1965-09-08,A,0.26334667338
9475,USGS,01351500,1965-09-09,A,0.28033678134
9476,USGS,01351500,1965-09-10,A,0.28033678134
9477,USGS,01351500,1965-09-11,A,0.283168466
9478,USGS,01351500,1965-09-12,A,0.28033678134
9479,USGS,01351500,1965-09-13,A,0.28033678134
9480,USGS,01351500,1965-09-14,A,0.28033678134
9481,USGS,01351500,1965-09-15,A,0.283168466
9482,USGS,01351500,1965-09-16,A,0.3681190058
9483,USGS,01351500,1965-09-17,A,0.4530695456
9484,USGS,01351500,1965-09-18,A,0.6512874718
9485,USGS,01351500,1965-09-19,A,1.9255455688
9486,USGS,01351500,1965-09-20,A,5.7766367064
9487,USGS,01351500,1965-09-21,A,4.0493090638
9488,USGS,01351500,1965-09-22,A,2.7184172736
9489,USGS,01351500,1965-09-23,A,1.982179262
9490,USGS,01351500,1965-09-24,A,1.8405950290000002
9491,USGS,01351500,1965-09-25,A,3.6528732114
9492,USGS,01351500,1965-09-26,A,10.0807973896
9493,USGS,01351500,1965-09-27,A,6.8243600306
9494,USGS,01351500,1965-09-28,A,5.1253492346
9495,USGS,01351500,1965-09-29,A,4.0493090638
9496,USGS,01351500,1965-09-30,A,3.4263384386
9497,USGS,01351500,1965-10-01,A,3.2847542056
9498,USGS,01351500,1965-10-02,A,3.539605825
9499,USGS,01351500,1965-10-03,A,4.3324775298
9500,USGS,01351500,1965-10-04,A,3.7944574444
9501,USGS,01351500,1965-10-05,A,3.6528732114
9502,USGS,01351500,1965-10-06,A,3.1714868192
9503,USGS,01351500,1965-10-07,A,3.1714868192
9504,USGS,01351500,1965-10-08,A,3.7944574444
9505,USGS,01351500,1965-10-09,A,7.8720833548
9506,USGS,01351500,1965-10-10,A,8.6932719062
9507,USGS,01351500,1965-10-11,A,7.4473306558
9508,USGS,01351500,1965-10-12,A,6.3996073316
9509,USGS,01351500,1965-10-13,A,6.3996073316
9510,USGS,01351500,1965-10-14,A,6.3996073316
9511,USGS,01351500,1965-10-15,A,5.7766367064
9512,USGS,01351500,1965-10-16,A,5.2952503142000005
9513,USGS,01351500,1965-10-17,A,5.2952503142000005
9514,USGS,01351500,1965-10-18,A,4.813863922
9515,USGS,01351500,1965-10-19,A,4.1625764502000004
9516,USGS,01351500,1965-10-20,A,4.643962842400001
9517,USGS,01351500,1965-10-21,A,4.3324775298
9518,USGS,01351500,1965-10-22,A,4.1625764502000004
9519,USGS,01351500,1965-10-23,A,4.1625764502000004
9520,USGS,01351500,1965-10-24,A,4.3324775298
9521,USGS,01351500,1965-10-25,A,4.3324775298
9522,USGS,01351500,1965-10-26,A,4.1625764502000004
9523,USGS,01351500,1965-10-27,A,3.9077248308000003
9524,USGS,01351500,1965-10-28,A,3.7944574444
9525,USGS,01351500,1965-10-29,A,3.2847542056
9526,USGS,01351500,1965-10-30,A,2.83168466
9527,USGS,01351500,1965-10-31,A,2.83168466
9528,USGS,01351500,1965-11-01,A,2.4352488076
9529,USGS,01351500,1965-11-02,A,2.3502982678
9530,USGS,01351500,1965-11-03,A,2.265347728
9531,USGS,01351500,1965-11-04,A,2.265347728
9532,USGS,01351500,1965-11-05,A,2.0671298018
9533,USGS,01351500,1965-11-06,A,2.0671298018
9534,USGS,01351500,1965-11-07,A,2.1803971882
9535,USGS,01351500,1965-11-08,A,2.3502982678
9536,USGS,01351500,1965-11-09,A,2.83168466
9537,USGS,01351500,1965-11-10,A,4.1625764502000004
9538,USGS,01351500,1965-11-11,A,4.643962842400001
9539,USGS,01351500,1965-11-12,A,4.1625764502000004
9540,USGS,01351500,1965-11-13,A,4.0493090638
9541,USGS,01351500,1965-11-14,A,4.0493090638
9542,USGS,01351500,1965-11-15,A,3.7944574444
9543,USGS,01351500,1965-11-16,A,3.7944574444
9544,USGS,01351500,1965-11-17,A,5.1253492346
9545,USGS,01351500,1965-11-18,A,9.5144604576
9546,USGS,01351500,1965-11-19,A,7.6738654286
9547,USGS,01351500,1965-11-20,A,7.2491127296
9548,USGS,01351500,1965-11-21,A,7.0225779568
9549,USGS,01351500,1965-11-22,A,7.0225779568
9550,USGS,01351500,1965-11-23,A,8.1552518208
9551,USGS,01351500,1965-11-24,A,10.335649009
9552,USGS,01351500,1965-11-25,A,9.5144604576
9553,USGS,01351500,1965-11-26,A,8.1552518208
9554,USGS,01351500,1965-11-27,A,8.4101034402
9555,USGS,01351500,1965-11-28,A,17.131692193
9556,USGS,01351500,1965-11-29,A,14.583175999
9557,USGS,01351500,1965-11-30,A,12.402778810800001
9558,USGS,01351500,1965-12-01,A,10.618817475
9559,USGS,01351500,1965-12-02,A,10.335649009
9560,USGS,01351500,1965-12-03,A,10.0807973896
9561,USGS,01351500,1965-12-04,A,10.0807973896
9562,USGS,01351500,1965-12-05,A,11.32673864
9563,USGS,01351500,1965-12-06,A,10.335649009
9564,USGS,01351500,1965-12-07,A,9.5144604576
9565,USGS,01351500,1965-12-08,A,7.6738654286
9566,USGS,01351500,1965-12-09,A,7.6738654286
9567,USGS,01351500,1965-12-10,A,7.6738654286
9568,USGS,01351500,1965-12-11,A,7.2491127296
9569,USGS,01351500,1965-12-12,A,7.2491127296
9570,USGS,01351500,1965-12-13,A,7.2491127296
9571,USGS,01351500,1965-12-14,A,8.6932719062
9572,USGS,01351500,1965-12-15,A,11.6665407992
9573,USGS,01351500,1965-12-16,A,11.6665407992
9574,USGS,01351500,1965-12-17,A,10.9869364808
9575,USGS,01351500,1965-12-18,A,10.0807973896
9576,USGS,01351500,1965-12-19,A,9.231291991600001
9577,USGS,01351500,1965-12-20,A,7.928717048
9578,USGS,01351500,1965-12-21,A,7.362380116000001
9579,USGS,01351500,1965-12-22,A,7.362380116000001
9580,USGS,01351500,1965-12-23,A,7.362380116000001
9581,USGS,01351500,1965-12-24,A,8.49505398
9582,USGS,01351500,1965-12-25,A,11.32673864
9583,USGS,01351500,1965-12-26,A,17.556444892000002
9584,USGS,01351500,1965-12-27,A,16.423771028
9585,USGS,01351500,1965-12-28,A,15.291097164
9586,USGS,01351500,1965-12-29,A,13.450502135
9587,USGS,01351500,1965-12-30,A,15.857434096
9588,USGS,01351500,1965-12-31,A,22.65347728
9589,USGS,01351500,1966-01-01,A,15.432681397
9590,USGS,01351500,1966-01-02,A,15.432681397
9591,USGS,01351500,1966-01-03,A,16.282186795
9592,USGS,01351500,1966-01-04,A,16.282186795
9593,USGS,01351500,1966-01-05,A,15.007928698
9594,USGS,01351500,1966-01-06,A,13.450502135
9595,USGS,01351500,1966-01-07,A,16.706939494
9596,USGS,01351500,1966-01-08,A,14.724760232000001
9597,USGS,01351500,1966-01-09,A,13.308917902000001
9598,USGS,01351500,1966-01-10,A,10.194064776000001
9599,USGS,01351500,1966-01-11,A,9.627727844
9600,USGS,01351500,1966-01-12,A,9.061390912
9601,USGS,01351500,1966-01-13,A,8.778222446000001
9602,USGS,01351500,1966-01-14,A,8.49505398
9603,USGS,01351500,1966-01-15,A,7.928717048
9604,USGS,01351500,1966-01-16,A,7.362380116000001
9605,USGS,01351500,1966-01-17,A,7.07921165
9606,USGS,01351500,1966-01-18,A,6.796043184
9607,USGS,01351500,1966-01-19,A,6.512874718
9608,USGS,01351500,1966-01-20,A,6.229706252
9609,USGS,01351500,1966-01-21,A,6.229706252
9610,USGS,01351500,1966-01-22,A,6.229706252
9611,USGS,01351500,1966-01-23,A,5.946537786
9612,USGS,01351500,1966-01-24,A,5.946537786
9613,USGS,01351500,1966-01-25,A,5.946537786
9614,USGS,01351500,1966-01-26,A,5.946537786
9615,USGS,01351500,1966-01-27,A,5.946537786
9616,USGS,01351500,1966-01-28,A,5.66336932
9617,USGS,01351500,1966-01-29,A,5.66336932
9618,USGS,01351500,1966-01-30,A,5.66336932
9619,USGS,01351500,1966-01-31,A,5.66336932
9620,USGS,01351500,1966-02-01,A,5.66336932
9621,USGS,01351500,1966-02-02,A,5.66336932
9622,USGS,01351500,1966-02-03,A,5.66336932
9623,USGS,01351500,1966-02-04,A,5.66336932
9624,USGS,01351500,1966-02-05,A,5.66336932
9625,USGS,01351500,1966-02-06,A,5.66336932
9626,USGS,01351500,1966-02-07,A,5.66336932
9627,USGS,01351500,1966-02-08,A,5.66336932
9628,USGS,01351500,1966-02-09,A,5.946537786
9629,USGS,01351500,1966-02-10,A,6.512874718
9630,USGS,01351500,1966-02-11,A,13.592086368
9631,USGS,01351500,1966-02-12,A,70.7921165
9632,USGS,01351500,1966-02-13,A,65.12874718
9633,USGS,01351500,1966-02-14,A,101.657479294
9634,USGS,01351500,1966-02-15,A,80.419844344
9635,USGS,01351500,1966-02-16,A,48.704976152
9636,USGS,01351500,1966-02-17,A,40.776259104000005
9637,USGS,01351500,1966-02-18,A,25.48516194
9638,USGS,01351500,1966-02-19,A,20.954466484
9639,USGS,01351500,1966-02-20,A,16.423771028
9640,USGS,01351500,1966-02-21,A,14.724760232000001
9641,USGS,01351500,1966-02-22,A,13.308917902000001
9642,USGS,01351500,1966-02-23,A,12.459412504
9643,USGS,01351500,1966-02-24,A,11.609907106
9644,USGS,01351500,1966-02-25,A,11.043570174000001
9645,USGS,01351500,1966-02-26,A,10.477233242
9646,USGS,01351500,1966-02-27,A,10.477233242
9647,USGS,01351500,1966-02-28,A,10.194064776000001
9648,USGS,01351500,1966-03-01,A,15.857434096
9649,USGS,01351500,1966-03-02,A,48.13863922
9650,USGS,01351500,1966-03-03,A,46.72279689
9651,USGS,01351500,1966-03-04,A,46.156459958
9652,USGS,01351500,1966-03-05,A,88.065392926
9653,USGS,01351500,1966-03-06,A,144.699086126
9654,USGS,01351500,1966-03-07,A,77.87132815
9655,USGS,01351500,1966-03-08,A,52.102997744
9656,USGS,01351500,1966-03-09,A,39.64358524
9657,USGS,01351500,1966-03-10,A,38.510911376
9658,USGS,01351500,1966-03-11,A,46.156459958
9659,USGS,01351500,1966-03-12,A,42.192101434
9660,USGS,01351500,1966-03-13,A,34.829721318000004
9661,USGS,01351500,1966-03-14,A,31.148531260000002
9662,USGS,01351500,1966-03-15,A,38.510911376
9663,USGS,01351500,1966-03-16,A,33.98021592
9664,USGS,01351500,1966-03-17,A,33.98021592
9665,USGS,01351500,1966-03-18,A,46.72279689
9666,USGS,01351500,1966-03-19,A,93.728762246
9667,USGS,01351500,1966-03-20,A,107.887185546
9668,USGS,01351500,1966-03-21,A,92.879256848
9669,USGS,01351500,1966-03-22,A,72.20795883
9670,USGS,01351500,1966-03-23,A,81.835686674
9671,USGS,01351500,1966-03-24,A,120.91293498200001
9672,USGS,01351500,1966-03-25,A,193.687230744
9673,USGS,01351500,1966-03-26,A,99.958468498
9674,USGS,01351500,1966-03-27,A,71.358453432
9675,USGS,01351500,1966-03-28,A,48.704976152
9676,USGS,01351500,1966-03-29,A,39.64358524
9677,USGS,01351500,1966-03-30,A,37.661405978
9678,USGS,01351500,1966-03-31,A,35.962395182
9679,USGS,01351500,1966-04-01,A,32.847542056
9680,USGS,01351500,1966-04-02,A,30.582194328
9681,USGS,01351500,1966-04-03,A,29.449520464000003
9682,USGS,01351500,1966-04-04,A,26.90100427
9683,USGS,01351500,1966-04-05,A,25.315260860400002
9684,USGS,01351500,1966-04-06,A,24.352488076
9685,USGS,01351500,1966-04-07,A,23.219814212
9686,USGS,01351500,1966-04-08,A,23.219814212
9687,USGS,01351500,1966-04-09,A,22.2570414276
9688,USGS,01351500,1966-04-10,A,20.812882251
9689,USGS,01351500,1966-04-11,A,19.255455688
9690,USGS,01351500,1966-04-12,A,18.122781824
9691,USGS,01351500,1966-04-13,A,16.99010796
9692,USGS,01351500,1966-04-14,A,15.857434096
9693,USGS,01351500,1966-04-15,A,14.724760232000001
9694,USGS,01351500,1966-04-16,A,14.1584233
9695,USGS,01351500,1966-04-17,A,13.592086368
9696,USGS,01351500,1966-04-18,A,13.025749436
9697,USGS,01351500,1966-04-19,A,12.74258097
9698,USGS,01351500,1966-04-20,A,12.034659805
9699,USGS,01351500,1966-04-21,A,15.432681397
9700,USGS,01351500,1966-04-22,A,13.818621140800001
9701,USGS,01351500,1966-04-23,A,12.402778810800001
9702,USGS,01351500,1966-04-24,A,18.40595029
9703,USGS,01351500,1966-04-25,A,34.829721318000004
9704,USGS,01351500,1966-04-26,A,23.7295174508
9705,USGS,01351500,1966-04-27,A,17.556444892000002
9706,USGS,01351500,1966-04-28,A,15.432681397
9707,USGS,01351500,1966-04-29,A,15.007928698
9708,USGS,01351500,1966-04-30,A,13.818621140800001
9709,USGS,01351500,1966-05-01,A,17.556444892000002
9710,USGS,01351500,1966-05-02,A,16.706939494
9711,USGS,01351500,1966-05-03,A,13.0823831292
9712,USGS,01351500,1966-05-04,A,11.6665407992
9713,USGS,01351500,1966-05-05,A,11.32673864
9714,USGS,01351500,1966-05-06,A,10.9869364808
9715,USGS,01351500,1966-05-07,A,10.9869364808
9716,USGS,01351500,1966-05-08,A,15.432681397
9717,USGS,01351500,1966-05-09,A,22.738427819800002
9718,USGS,01351500,1966-05-10,A,28.3168466
9719,USGS,01351500,1966-05-11,A,28.3168466
9720,USGS,01351500,1966-05-12,A,22.738427819800002
9721,USGS,01351500,1966-05-13,A,50.97032388
9722,USGS,01351500,1966-05-14,A,41.625764502
9723,USGS,01351500,1966-05-15,A,31.148531260000002
9724,USGS,01351500,1966-05-16,A,24.2675375362
9725,USGS,01351500,1966-05-17,A,24.805557621600002
9726,USGS,01351500,1966-05-18,A,21.7756550354
9727,USGS,01351500,1966-05-19,A,23.219814212
9728,USGS,01351500,1966-05-20,A,31.148531260000002
9729,USGS,01351500,1966-05-21,A,24.2675375362
9730,USGS,01351500,1966-05-22,A,19.8501094666
9731,USGS,01351500,1966-05-23,A,17.981197591
9732,USGS,01351500,1966-05-24,A,15.007928698
9733,USGS,01351500,1966-05-25,A,12.74258097
9734,USGS,01351500,1966-05-26,A,11.6665407992
9735,USGS,01351500,1966-05-27,A,10.0807973896
9736,USGS,01351500,1966-05-28,A,9.5144604576
9737,USGS,01351500,1966-05-29,A,8.6932719062
9738,USGS,01351500,1966-05-30,A,8.6932719062
9739,USGS,01351500,1966-05-31,A,7.2491127296
9740,USGS,01351500,1966-06-01,A,6.3996073316
9741,USGS,01351500,1966-06-02,A,5.9748546326000005
9742,USGS,01351500,1966-06-03,A,5.6067356268
9743,USGS,01351500,1966-06-04,A,5.2952503142000005
9744,USGS,01351500,1966-06-05,A,4.813863922
9745,USGS,01351500,1966-06-06,A,4.4740617628
9746,USGS,01351500,1966-06-07,A,4.1625764502000004
9747,USGS,01351500,1966-06-08,A,4.0493090638
9748,USGS,01351500,1966-06-09,A,3.7944574444
9749,USGS,01351500,1966-06-10,A,12.176244038
9750,USGS,01351500,1966-06-11,A,20.3314958588
9751,USGS,01351500,1966-06-12,A,10.618817475
9752,USGS,01351500,1966-06-13,A,7.6738654286
9753,USGS,01351500,1966-06-14,A,6.6261421044
9754,USGS,01351500,1966-06-15,A,6.2013894054000005
9755,USGS,01351500,1966-06-16,A,6.8243600306
9756,USGS,01351500,1966-06-17,A,6.3996073316
9757,USGS,01351500,1966-06-18,A,6.2013894054000005
9758,USGS,01351500,1966-06-19,A,5.1253492346
9759,USGS,01351500,1966-06-20,A,4.3324775298
9760,USGS,01351500,1966-06-21,A,3.9077248308000003
9761,USGS,01351500,1966-06-22,A,3.4263384386
9762,USGS,01351500,1966-06-23,A,3.1714868192
9763,USGS,01351500,1966-06-24,A,2.83168466
9764,USGS,01351500,1966-06-25,A,2.6334667338
9765,USGS,01351500,1966-06-26,A,2.3502982678
9766,USGS,01351500,1966-06-27,A,2.1803971882
9767,USGS,01351500,1966-06-28,A,1.982179262
9768,USGS,01351500,1966-06-29,A,1.7273276426000002
9769,USGS,01351500,1966-06-30,A,1.5857434096
9770,USGS,01351500,1966-07-01,A,1.3308917902
9771,USGS,01351500,1966-07-02,A,1.2176244038
9772,USGS,01351500,1966-07-03,A,1.0760401708
9773,USGS,01351500,1966-07-04,A,0.9344559378
9774,USGS,01351500,1966-07-05,A,0.8778222446
9775,USGS,01351500,1966-07-06,A,0.849505398
9776,USGS,01351500,1966-07-07,A,0.849505398
9777,USGS,01351500,1966-07-08,A,0.7928717048
9778,USGS,01351500,1966-07-09,A,0.8211885514
9779,USGS,01351500,1966-07-10,A,0.8778222446
9780,USGS,01351500,1966-07-11,A,0.8778222446
9781,USGS,01351500,1966-07-12,A,0.8211885514
9782,USGS,01351500,1966-07-13,A,0.7362380116
9783,USGS,01351500,1966-07-14,A,0.6512874718
9784,USGS,01351500,1966-07-15,A,0.566336932
9785,USGS,01351500,1966-07-16,A,0.4813863922
9786,USGS,01351500,1966-07-17,A,0.3964358524
9787,USGS,01351500,1966-07-18,A,0.3681190058
9788,USGS,01351500,1966-07-19,A,0.6229706252
9789,USGS,01351500,1966-07-20,A,0.9344559378
9790,USGS,01351500,1966-07-21,A,1.0477233242000001
9791,USGS,01351500,1966-07-22,A,0.8778222446
9792,USGS,01351500,1966-07-23,A,0.7362380116
9793,USGS,01351500,1966-07-24,A,0.6229706252
9794,USGS,01351500,1966-07-25,A,0.566336932
9795,USGS,01351500,1966-07-26,A,0.4813863922
9796,USGS,01351500,1966-07-27,A,0.424752699
9797,USGS,01351500,1966-07-28,A,0.424752699
9798,USGS,01351500,1966-07-29,A,0.424752699
9799,USGS,01351500,1966-07-30,A,0.3964358524
9800,USGS,01351500,1966-07-31,A,0.4530695456
9801,USGS,01351500,1966-08-01,A,0.424752699
9802,USGS,01351500,1966-08-02,A,0.424752699
9803,USGS,01351500,1966-08-03,A,0.4530695456
9804,USGS,01351500,1966-08-04,A,0.3964358524
9805,USGS,01351500,1966-08-05,A,0.3681190058
9806,USGS,01351500,1966-08-06,A,0.3681190058
9807,USGS,01351500,1966-08-07,A,0.3398021592
9808,USGS,01351500,1966-08-08,A,0.3114853126
9809,USGS,01351500,1966-08-09,A,0.283168466
9810,USGS,01351500,1966-08-10,A,0.28033678134
9811,USGS,01351500,1966-08-11,A,0.28033678134
9812,USGS,01351500,1966-08-12,A,0.283168466
9813,USGS,01351500,1966-08-13,A,0.28033678134
9814,USGS,01351500,1966-08-14,A,0.26334667338
9815,USGS,01351500,1966-08-15,A,0.26334667338
9816,USGS,01351500,1966-08-16,A,0.26334667338
9817,USGS,01351500,1966-08-17,A,0.26334667338
9818,USGS,01351500,1966-08-18,A,0.24635656541999998
9819,USGS,01351500,1966-08-19,A,0.23219814211999998
9820,USGS,01351500,1966-08-20,A,0.21803971882
9821,USGS,01351500,1966-08-21,A,0.20388129552
9822,USGS,01351500,1966-08-22,A,0.20388129552
9823,USGS,01351500,1966-08-23,A,0.3114853126
9824,USGS,01351500,1966-08-24,A,0.26334667338
9825,USGS,01351500,1966-08-25,A,0.28033678134
9826,USGS,01351500,1966-08-26,A,0.3114853126
9827,USGS,01351500,1966-08-27,A,0.3114853126
9828,USGS,01351500,1966-08-28,A,0.28033678134
9829,USGS,01351500,1966-08-29,A,0.26334667338
9830,USGS,01351500,1966-08-30,A,0.23219814211999998
9831,USGS,01351500,1966-08-31,A,0.20388129552
9832,USGS,01351500,1966-09-01,A,0.20388129552
9833,USGS,01351500,1966-09-02,A,0.18972287222
9834,USGS,01351500,1966-09-03,A,0.18972287222
9835,USGS,01351500,1966-09-04,A,0.3114853126
9836,USGS,01351500,1966-09-05,A,0.6512874718
9837,USGS,01351500,1966-09-06,A,1.7839613358
9838,USGS,01351500,1966-09-07,A,2.3502982678
9839,USGS,01351500,1966-09-08,A,1.6423771028
9840,USGS,01351500,1966-09-09,A,1.2742580970000001
9841,USGS,01351500,1966-09-10,A,0.9344559378
9842,USGS,01351500,1966-09-11,A,0.7928717048
9843,USGS,01351500,1966-09-12,A,0.6796043184
9844,USGS,01351500,1966-09-13,A,0.6229706252
9845,USGS,01351500,1966-09-14,A,0.5946537786
9846,USGS,01351500,1966-09-15,A,0.6229706252
9847,USGS,01351500,1966-09-16,A,0.6229706252
9848,USGS,01351500,1966-09-17,A,0.5946537786
9849,USGS,01351500,1966-09-18,A,0.566336932
9850,USGS,01351500,1966-09-19,A,0.4530695456
9851,USGS,01351500,1966-09-20,A,0.3398021592
9852,USGS,01351500,1966-09-21,A,0.5097032388
9853,USGS,01351500,1966-09-22,A,0.9344559378
9854,USGS,01351500,1966-09-23,A,1.6423771028
9855,USGS,01351500,1966-09-24,A,2.3502982678
9856,USGS,01351500,1966-09-25,A,2.6334667338
9857,USGS,01351500,1966-09-26,A,2.3502982678
9858,USGS,01351500,1966-09-27,A,1.9255455688
9859,USGS,01351500,1966-09-28,A,1.6423771028
9860,USGS,01351500,1966-09-29,A,1.3875254834000001
9861,USGS,01351500,1966-09-30,A,1.2742580970000001
9862,USGS,01351500,1966-10-01,A,1.3875254834000001
9863,USGS,01351500,1966-10-02,A,1.8405950290000002
9864,USGS,01351500,1966-10-03,A,3.1714868192
9865,USGS,01351500,1966-10-04,A,3.4263384386
9866,USGS,01351500,1966-10-05,A,2.83168466
9867,USGS,01351500,1966-10-06,A,2.5485161940000003
9868,USGS,01351500,1966-10-07,A,2.265347728
9869,USGS,01351500,1966-10-08,A,1.982179262
9870,USGS,01351500,1966-10-09,A,1.699010796
9871,USGS,01351500,1966-10-10,A,1.4724760232
9872,USGS,01351500,1966-10-11,A,1.2742580970000001
9873,USGS,01351500,1966-10-12,A,1.0760401708
9874,USGS,01351500,1966-10-13,A,1.2176244038
9875,USGS,01351500,1966-10-14,A,1.3592086368
9876,USGS,01351500,1966-10-15,A,1.41584233
9877,USGS,01351500,1966-10-16,A,1.3025749436
9878,USGS,01351500,1966-10-17,A,1.2176244038
9879,USGS,01351500,1966-10-18,A,1.1893075572
9880,USGS,01351500,1966-10-19,A,1.0760401708
9881,USGS,01351500,1966-10-20,A,0.991089631
9882,USGS,01351500,1966-10-21,A,1.5857434096
9883,USGS,01351500,1966-10-22,A,2.265347728
9884,USGS,01351500,1966-10-23,A,1.982179262
9885,USGS,01351500,1966-10-24,A,1.9255455688
9886,USGS,01351500,1966-10-25,A,1.699010796
9887,USGS,01351500,1966-10-26,A,1.5857434096
9888,USGS,01351500,1966-10-27,A,1.41584233
9889,USGS,01351500,1966-10-28,A,1.3308917902
9890,USGS,01351500,1966-10-29,A,1.2742580970000001
9891,USGS,01351500,1966-10-30,A,1.2742580970000001
9892,USGS,01351500,1966-10-31,A,1.2176244038
9893,USGS,01351500,1966-11-01,A,1.2176244038
9894,USGS,01351500,1966-11-02,A,1.2176244038
9895,USGS,01351500,1966-11-03,A,1.3025749436
9896,USGS,01351500,1966-11-04,A,1.4724760232
9897,USGS,01351500,1966-11-05,A,1.7556444892
9898,USGS,01351500,1966-11-06,A,2.265347728
9899,USGS,01351500,1966-11-07,A,2.83168466
9900,USGS,01351500,1966-11-08,A,4.24752699
9901,USGS,01351500,1966-11-09,A,4.24752699
9902,USGS,01351500,1966-11-10,A,3.964358524
9903,USGS,01351500,1966-11-11,A,3.398021592
9904,USGS,01351500,1966-11-12,A,4.813863922
9905,USGS,01351500,1966-11-13,A,4.530695456
9906,USGS,01351500,1966-11-14,A,3.964358524
9907,USGS,01351500,1966-11-15,A,3.6811900580000003
9908,USGS,01351500,1966-11-16,A,3.539605825
9909,USGS,01351500,1966-11-17,A,3.4263384386
9910,USGS,01351500,1966-11-18,A,3.2847542056
9911,USGS,01351500,1966-11-19,A,3.1714868192
9912,USGS,01351500,1966-11-20,A,3.0299025862
9913,USGS,01351500,1966-11-21,A,2.9166351998
9914,USGS,01351500,1966-11-22,A,2.7184172736
9915,USGS,01351500,1966-11-23,A,2.4352488076
9916,USGS,01351500,1966-11-24,A,2.4352488076
9917,USGS,01351500,1966-11-25,A,2.4352488076
9918,USGS,01351500,1966-11-26,A,2.5485161940000003
9919,USGS,01351500,1966-11-27,A,2.7184172736
9920,USGS,01351500,1966-11-28,A,2.83168466
9921,USGS,01351500,1966-11-29,A,3.0299025862
9922,USGS,01351500,1966-11-30,A,4.1625764502000004
9923,USGS,01351500,1966-12-01,A,4.3324775298
9924,USGS,01351500,1966-12-02,A,4.0493090638
9925,USGS,01351500,1966-12-03,A,4.0493090638
9926,USGS,01351500,1966-12-04,A,2.7184172736
9927,USGS,01351500,1966-12-05,A,2.83168466
9928,USGS,01351500,1966-12-06,A,3.539605825
9929,USGS,01351500,1966-12-07,A,3.9077248308000003
9930,USGS,01351500,1966-12-08,A,5.2952503142000005
9931,USGS,01351500,1966-12-09,A,10.0807973896
9932,USGS,01351500,1966-12-10,A,8.6932719062
9933,USGS,01351500,1966-12-11,A,9.7976289236
9934,USGS,01351500,1966-12-12,A,13.0823831292
9935,USGS,01351500,1966-12-13,A,10.335649009
9936,USGS,01351500,1966-12-14,A,9.231291991600001
9937,USGS,01351500,1966-12-15,A,8.6932719062
9938,USGS,01351500,1966-12-16,A,7.362380116000001
9939,USGS,01351500,1966-12-17,A,7.362380116000001
9940,USGS,01351500,1966-12-18,A,7.362380116000001
9941,USGS,01351500,1966-12-19,A,8.778222446000001
9942,USGS,01351500,1966-12-20,A,7.362380116000001
9943,USGS,01351500,1966-12-21,A,6.512874718
9944,USGS,01351500,1966-12-22,A,6.512874718
9945,USGS,01351500,1966-12-23,A,6.229706252
9946,USGS,01351500,1966-12-24,A,5.946537786
9947,USGS,01351500,1966-12-25,A,5.946537786
9948,USGS,01351500,1966-12-26,A,5.66336932
9949,USGS,01351500,1966-12-27,A,5.66336932
9950,USGS,01351500,1966-12-28,A,5.66336932
9951,USGS,01351500,1966-12-29,A,5.380200854
9952,USGS,01351500,1966-12-30,A,5.380200854
9953,USGS,01351500,1966-12-31,A,5.380200854
9954,USGS,01351500,1967-01-01,A,5.66336932
9955,USGS,01351500,1967-01-02,A,5.946537786
9956,USGS,01351500,1967-01-03,A,5.946537786
9957,USGS,01351500,1967-01-04,A,6.229706252
9958,USGS,01351500,1967-01-05,A,6.229706252
9959,USGS,01351500,1967-01-06,A,6.229706252
9960,USGS,01351500,1967-01-07,A,5.946537786
9961,USGS,01351500,1967-01-08,A,6.229706252
9962,USGS,01351500,1967-01-09,A,6.796043184
9963,USGS,01351500,1967-01-10,A,7.645548582
9964,USGS,01351500,1967-01-11,A,7.362380116000001
9965,USGS,01351500,1967-01-12,A,7.07921165
9966,USGS,01351500,1967-01-13,A,7.07921165
9967,USGS,01351500,1967-01-14,A,7.07921165
9968,USGS,01351500,1967-01-15,A,7.07921165
9969,USGS,01351500,1967-01-16,A,7.07921165
9970,USGS,01351500,1967-01-17,A,6.796043184
9971,USGS,01351500,1967-01-18,A,6.512874718
9972,USGS,01351500,1967-01-19,A,5.946537786
9973,USGS,01351500,1967-01-20,A,13.025749436
9974,USGS,01351500,1967-01-21,A,23.786151144
9975,USGS,01351500,1967-01-22,A,23.786151144
9976,USGS,01351500,1967-01-23,A,25.48516194
9977,USGS,01351500,1967-01-24,A,121.76244038
9978,USGS,01351500,1967-01-25,A,103.35649009000001
9979,USGS,01351500,1967-01-26,A,80.419844344
9980,USGS,01351500,1967-01-27,A,51.536660812
9981,USGS,01351500,1967-01-28,A,42.192101434
9982,USGS,01351500,1967-01-29,A,32.281205124
9983,USGS,01351500,1967-01-30,A,25.315260860400002
9984,USGS,01351500,1967-01-31,A,19.82179262
9985,USGS,01351500,1967-02-01,A,16.99010796
9986,USGS,01351500,1967-02-02,A,15.291097164
9987,USGS,01351500,1967-02-03,A,14.724760232000001
9988,USGS,01351500,1967-02-04,A,13.308917902000001
9989,USGS,01351500,1967-02-05,A,11.893075572
9990,USGS,01351500,1967-02-06,A,10.760401708
9991,USGS,01351500,1967-02-07,A,9.627727844
9992,USGS,01351500,1967-02-08,A,8.49505398
9993,USGS,01351500,1967-02-09,A,7.928717048
9994,USGS,01351500,1967-02-10,A,7.362380116000001
9995,USGS,01351500,1967-02-11,A,7.07921165
9996,USGS,01351500,1967-02-12,A,6.796043184
9997,USGS,01351500,1967-02-13,A,6.512874718
9998,USGS,01351500,1967-02-14,A,6.512874718
9999,USGS,01351500,1967-02-15,A,7.07921165
10000,USGS,01351500,1967-02-16,A,8.49505398
10001,USGS,01351500,1967-02-17,A,11.32673864
10002,USGS,01351500,1967-02-18,A,10.477233242
10003,USGS,01351500,1967-02-19,A,9.061390912
10004,USGS,01351500,1967-02-20,A,7.928717048
10005,USGS,01351500,1967-02-21,A,7.362380116000001
10006,USGS,01351500,1967-02-22,A,6.512874718
10007,USGS,01351500,1967-02-23,A,5.946537786
10008,USGS,01351500,1967-02-24,A,5.380200854
10009,USGS,01351500,1967-02-25,A,5.097032388000001
10010,USGS,01351500,1967-02-26,A,4.813863922
10011,USGS,01351500,1967-02-27,A,4.530695456
10012,USGS,01351500,1967-02-28,A,4.530695456
10013,USGS,01351500,1967-03-01,A,4.530695456
10014,USGS,01351500,1967-03-02,A,4.530695456
10015,USGS,01351500,1967-03-03,A,4.813863922
10016,USGS,01351500,1967-03-04,A,5.097032388000001
10017,USGS,01351500,1967-03-05,A,5.66336932
10018,USGS,01351500,1967-03-06,A,6.229706252
10019,USGS,01351500,1967-03-07,A,7.07921165
10020,USGS,01351500,1967-03-08,A,8.49505398
10021,USGS,01351500,1967-03-09,A,12.176244038
10022,USGS,01351500,1967-03-10,A,28.3168466
10023,USGS,01351500,1967-03-11,A,59.465377860000004
10024,USGS,01351500,1967-03-12,A,104.489163954
10025,USGS,01351500,1967-03-13,A,62.863399452
10026,USGS,01351500,1967-03-14,A,57.766367064
10027,USGS,01351500,1967-03-15,A,62.863399452
10028,USGS,01351500,1967-03-16,A,32.847542056
10029,USGS,01351500,1967-03-17,A,22.65347728
10030,USGS,01351500,1967-03-18,A,19.82179262
10031,USGS,01351500,1967-03-19,A,16.99010796
10032,USGS,01351500,1967-03-20,A,15.857434096
10033,USGS,01351500,1967-03-21,A,14.1584233
10034,USGS,01351500,1967-03-22,A,13.308917902000001
10035,USGS,01351500,1967-03-23,A,12.74258097
10036,USGS,01351500,1967-03-24,A,12.74258097
10037,USGS,01351500,1967-03-25,A,17.131692193
10038,USGS,01351500,1967-03-26,A,33.98021592
10039,USGS,01351500,1967-03-27,A,54.368345472
10040,USGS,01351500,1967-03-28,A,73.057464228
10041,USGS,01351500,1967-03-29,A,92.879256848
10042,USGS,01351500,1967-03-30,A,103.35649009000001
10043,USGS,01351500,1967-03-31,A,99.1089631
10044,USGS,01351500,1967-04-01,A,113.550554866
10045,USGS,01351500,1967-04-02,A,138.75254834
10046,USGS,01351500,1967-04-03,A,127.70897816600001
10047,USGS,01351500,1967-04-04,A,83.817865936
10048,USGS,01351500,1967-04-05,A,58.332703996
10049,USGS,01351500,1967-04-06,A,76.738654286
10050,USGS,01351500,1967-04-07,A,131.67333669
10051,USGS,01351500,1967-04-08,A,105.338669352
10052,USGS,01351500,1967-04-09,A,81.835686674
10053,USGS,01351500,1967-04-10,A,97.69312077000001
10054,USGS,01351500,1967-04-11,A,92.879256848
10055,USGS,01351500,1967-04-12,A,73.906969626
10056,USGS,01351500,1967-04-13,A,62.863399452
10057,USGS,01351500,1967-04-14,A,54.934682404
10058,USGS,01351500,1967-04-15,A,51.536660812
10059,USGS,01351500,1967-04-16,A,111.285207138
10060,USGS,01351500,1967-04-17,A,90.330740654
10061,USGS,01351500,1967-04-18,A,99.1089631
10062,USGS,01351500,1967-04-19,A,99.958468498
10063,USGS,01351500,1967-04-20,A,88.631729858
10064,USGS,01351500,1967-04-21,A,69.942611102
10065,USGS,01351500,1967-04-22,A,64.562410248
10066,USGS,01351500,1967-04-23,A,66.827757976
10067,USGS,01351500,1967-04-24,A,59.182209394000004
10068,USGS,01351500,1967-04-25,A,65.12874718
10069,USGS,01351500,1967-04-26,A,56.350524734000004
10070,USGS,01351500,1967-04-27,A,46.156459958
10071,USGS,01351500,1967-04-28,A,35.39605825
10072,USGS,01351500,1967-04-29,A,27.4107075088
10073,USGS,01351500,1967-04-30,A,22.2570414276
10074,USGS,01351500,1967-05-01,A,19.368723074400002
10075,USGS,01351500,1967-05-02,A,16.706939494
10076,USGS,01351500,1967-05-03,A,25.9948651788
10077,USGS,01351500,1967-05-04,A,37.661405978
10078,USGS,01351500,1967-05-05,A,29.449520464000003
10079,USGS,01351500,1967-05-06,A,30.015857396
10080,USGS,01351500,1967-05-07,A,36.528732114
10081,USGS,01351500,1967-05-08,A,62.863399452
10082,USGS,01351500,1967-05-09,A,83.53469747
10083,USGS,01351500,1967-05-10,A,75.322811956
10084,USGS,01351500,1967-05-11,A,65.12874718
10085,USGS,01351500,1967-05-12,A,109.01985941000001
10086,USGS,01351500,1967-05-13,A,88.631729858
10087,USGS,01351500,1967-05-14,A,66.827757976
10088,USGS,01351500,1967-05-15,A,70.508948034
10089,USGS,01351500,1967-05-16,A,124.02778810800001
10090,USGS,01351500,1967-05-17,A,86.083213664
10091,USGS,01351500,1967-05-18,A,75.322811956
10092,USGS,01351500,1967-05-19,A,60.598051724
10093,USGS,01351500,1967-05-20,A,81.835686674
10094,USGS,01351500,1967-05-21,A,66.827757976
10095,USGS,01351500,1967-05-22,A,51.536660812
10096,USGS,01351500,1967-05-23,A,46.72279689
10097,USGS,01351500,1967-05-24,A,41.625764502
10098,USGS,01351500,1967-05-25,A,37.095069046
10099,USGS,01351500,1967-05-26,A,46.156459958
10100,USGS,01351500,1967-05-27,A,51.536660812
10101,USGS,01351500,1967-05-28,A,38.510911376
10102,USGS,01351500,1967-05-29,A,32.281205124
10103,USGS,01351500,1967-05-30,A,28.883183532
10104,USGS,01351500,1967-05-31,A,25.315260860400002
10105,USGS,01351500,1967-06-01,A,19.368723074400002
10106,USGS,01351500,1967-06-02,A,12.402778810800001
10107,USGS,01351500,1967-06-03,A,9.7976289236
10108,USGS,01351500,1967-06-04,A,8.6932719062
10109,USGS,01351500,1967-06-05,A,7.8720833548
10110,USGS,01351500,1967-06-06,A,7.8720833548
10111,USGS,01351500,1967-06-07,A,6.2013894054000005
10112,USGS,01351500,1967-06-08,A,5.4651513938
10113,USGS,01351500,1967-06-09,A,5.1253492346
10114,USGS,01351500,1967-06-10,A,5.1253492346
10115,USGS,01351500,1967-06-11,A,4.813863922
10116,USGS,01351500,1967-06-12,A,4.4740617628
10117,USGS,01351500,1967-06-13,A,3.9077248308000003
10118,USGS,01351500,1967-06-14,A,3.539605825
10119,USGS,01351500,1967-06-15,A,3.2847542056
10120,USGS,01351500,1967-06-16,A,3.1714868192
10121,USGS,01351500,1967-06-17,A,2.83168466
10122,USGS,01351500,1967-06-18,A,3.2847542056
10123,USGS,01351500,1967-06-19,A,7.645548582
10124,USGS,01351500,1967-06-20,A,7.2491127296
10125,USGS,01351500,1967-06-21,A,4.9837650016
10126,USGS,01351500,1967-06-22,A,4.1625764502000004
10127,USGS,01351500,1967-06-23,A,5.2952503142000005
10128,USGS,01351500,1967-06-24,A,6.6261421044
10129,USGS,01351500,1967-06-25,A,5.4651513938
10130,USGS,01351500,1967-06-26,A,4.9837650016
10131,USGS,01351500,1967-06-27,A,4.9837650016
10132,USGS,01351500,1967-06-28,A,3.7944574444
10133,USGS,01351500,1967-06-29,A,3.1714868192
10134,USGS,01351500,1967-06-30,A,2.6334667338
10135,USGS,01351500,1967-07-01,A,2.6334667338
10136,USGS,01351500,1967-07-02,A,2.5485161940000003
10137,USGS,01351500,1967-07-03,A,2.7184172736
10138,USGS,01351500,1967-07-04,A,2.3502982678
10139,USGS,01351500,1967-07-05,A,2.265347728
10140,USGS,01351500,1967-07-06,A,3.5112889784
10141,USGS,01351500,1967-07-07,A,4.0493090638
10142,USGS,01351500,1967-07-08,A,3.0299025862
10143,USGS,01351500,1967-07-09,A,2.5485161940000003
10144,USGS,01351500,1967-07-10,A,2.6334667338
10145,USGS,01351500,1967-07-11,A,2.0671298018
10146,USGS,01351500,1967-07-12,A,8.5516876732
10147,USGS,01351500,1967-07-13,A,13.167333669
10148,USGS,01351500,1967-07-14,A,9.231291991600001
10149,USGS,01351500,1967-07-15,A,4.813863922
10150,USGS,01351500,1967-07-16,A,4.0493090638
10151,USGS,01351500,1967-07-17,A,3.7944574444
10152,USGS,01351500,1967-07-18,A,3.4263384386
10153,USGS,01351500,1967-07-19,A,2.9166351998
10154,USGS,01351500,1967-07-20,A,2.6334667338
10155,USGS,01351500,1967-07-21,A,2.4352488076
10156,USGS,01351500,1967-07-22,A,2.265347728
10157,USGS,01351500,1967-07-23,A,2.3502982678
10158,USGS,01351500,1967-07-24,A,2.5485161940000003
10159,USGS,01351500,1967-07-25,A,3.1714868192
10160,USGS,01351500,1967-07-26,A,3.7944574444
10161,USGS,01351500,1967-07-27,A,3.9077248308000003
10162,USGS,01351500,1967-07-28,A,3.2847542056
10163,USGS,01351500,1967-07-29,A,2.9166351998
10164,USGS,01351500,1967-07-30,A,3.1714868192
10165,USGS,01351500,1967-07-31,A,2.9166351998
10166,USGS,01351500,1967-08-01,A,3.1714868192
10167,USGS,01351500,1967-08-02,A,4.0493090638
10168,USGS,01351500,1967-08-03,A,3.6528732114
10169,USGS,01351500,1967-08-04,A,2.9166351998
10170,USGS,01351500,1967-08-05,A,2.9166351998
10171,USGS,01351500,1967-08-06,A,2.7184172736
10172,USGS,01351500,1967-08-07,A,2.3502982678
10173,USGS,01351500,1967-08-08,A,2.1803971882
10174,USGS,01351500,1967-08-09,A,1.982179262
10175,USGS,01351500,1967-08-10,A,1.982179262
10176,USGS,01351500,1967-08-11,A,1.8405950290000002
10177,USGS,01351500,1967-08-12,A,1.7273276426000002
10178,USGS,01351500,1967-08-13,A,1.5857434096
10179,USGS,01351500,1967-08-14,A,1.3875254834000001
10180,USGS,01351500,1967-08-15,A,1.2176244038
10181,USGS,01351500,1967-08-16,A,1.0760401708
10182,USGS,01351500,1967-08-17,A,1.0194064776
10183,USGS,01351500,1967-08-18,A,0.9627727844
10184,USGS,01351500,1967-08-19,A,1.0477233242000001
10185,USGS,01351500,1967-08-20,A,1.132673864
10186,USGS,01351500,1967-08-21,A,1.5857434096
10187,USGS,01351500,1967-08-22,A,1.6423771028
10188,USGS,01351500,1967-08-23,A,1.3875254834000001
10189,USGS,01351500,1967-08-24,A,1.2742580970000001
10190,USGS,01351500,1967-08-25,A,1.0760401708
10191,USGS,01351500,1967-08-26,A,1.0194064776
10192,USGS,01351500,1967-08-27,A,1.132673864
10193,USGS,01351500,1967-08-28,A,1.2176244038
10194,USGS,01351500,1967-08-29,A,2.0671298018
10195,USGS,01351500,1967-08-30,A,2.1803971882
10196,USGS,01351500,1967-08-31,A,1.9255455688
10197,USGS,01351500,1967-09-01,A,1.5291097164
10198,USGS,01351500,1967-09-02,A,1.3308917902
10199,USGS,01351500,1967-09-03,A,1.2742580970000001
10200,USGS,01351500,1967-09-04,A,1.132673864
10201,USGS,01351500,1967-09-05,A,1.0477233242000001
10202,USGS,01351500,1967-09-06,A,0.8778222446
10203,USGS,01351500,1967-09-07,A,0.8211885514
10204,USGS,01351500,1967-09-08,A,0.7362380116
10205,USGS,01351500,1967-09-09,A,0.707921165
10206,USGS,01351500,1967-09-10,A,0.8778222446
10207,USGS,01351500,1967-09-11,A,0.849505398
10208,USGS,01351500,1967-09-12,A,1.8405950290000002
10209,USGS,01351500,1967-09-13,A,1.8405950290000002
10210,USGS,01351500,1967-09-14,A,1.3875254834000001
10211,USGS,01351500,1967-09-15,A,1.132673864
10212,USGS,01351500,1967-09-16,A,1.0194064776
10213,USGS,01351500,1967-09-17,A,0.8778222446
10214,USGS,01351500,1967-09-18,A,0.7928717048
10215,USGS,01351500,1967-09-19,A,0.707921165
10216,USGS,01351500,1967-09-20,A,0.7928717048
10217,USGS,01351500,1967-09-21,A,1.41584233
10218,USGS,01351500,1967-09-22,A,2.83168466
10219,USGS,01351500,1967-09-23,A,1.7556444892
10220,USGS,01351500,1967-09-24,A,1.8689118756
10221,USGS,01351500,1967-09-25,A,1.41584233
10222,USGS,01351500,1967-09-26,A,0.8778222446
10223,USGS,01351500,1967-09-27,A,0.7645548582
10224,USGS,01351500,1967-09-28,A,0.849505398
10225,USGS,01351500,1967-09-29,A,1.1043570174
10226,USGS,01351500,1967-09-30,A,1.2742580970000001
10227,USGS,01351500,1967-10-01,A,0.991089631
10228,USGS,01351500,1967-10-02,A,0.849505398
10229,USGS,01351500,1967-10-03,A,0.7645548582
10230,USGS,01351500,1967-10-04,A,0.6796043184
10231,USGS,01351500,1967-10-05,A,0.6229706252
10232,USGS,01351500,1967-10-06,A,1.0477233242000001
10233,USGS,01351500,1967-10-07,A,1.2459412504
10234,USGS,01351500,1967-10-08,A,1.132673864
10235,USGS,01351500,1967-10-09,A,1.0194064776
10236,USGS,01351500,1967-10-10,A,1.2742580970000001
10237,USGS,01351500,1967-10-11,A,1.982179262
10238,USGS,01351500,1967-10-12,A,3.398021592
10239,USGS,01351500,1967-10-13,A,2.83168466
10240,USGS,01351500,1967-10-14,A,2.4918825008
10241,USGS,01351500,1967-10-15,A,2.3219814212000003
10242,USGS,01351500,1967-10-16,A,2.265347728
10243,USGS,01351500,1967-10-17,A,2.4352488076
10244,USGS,01351500,1967-10-18,A,2.7750509668000003
10245,USGS,01351500,1967-10-19,A,3.398021592
10246,USGS,01351500,1967-10-20,A,4.530695456
10247,USGS,01351500,1967-10-21,A,3.114853126
10248,USGS,01351500,1967-10-22,A,2.265347728
10249,USGS,01351500,1967-10-23,A,2.0388129552
10250,USGS,01351500,1967-10-24,A,1.8405950290000002
10251,USGS,01351500,1967-10-25,A,1.8405950290000002
10252,USGS,01351500,1967-10-26,A,2.7184172736
10253,USGS,01351500,1967-10-27,A,8.6932719062
10254,USGS,01351500,1967-10-28,A,5.7766367064
10255,USGS,01351500,1967-10-29,A,4.4740617628
10256,USGS,01351500,1967-10-30,A,3.9077248308000003
10257,USGS,01351500,1967-10-31,A,3.539605825
10258,USGS,01351500,1967-11-01,A,3.1714868192
10259,USGS,01351500,1967-11-02,A,3.1714868192
10260,USGS,01351500,1967-11-03,A,4.0493090638
10261,USGS,01351500,1967-11-04,A,9.7976289236
10262,USGS,01351500,1967-11-05,A,11.6665407992
10263,USGS,01351500,1967-11-06,A,10.0807973896
10264,USGS,01351500,1967-11-07,A,7.8720833548
10265,USGS,01351500,1967-11-08,A,6.8243600306
10266,USGS,01351500,1967-11-09,A,5.9748546326000005
10267,USGS,01351500,1967-11-10,A,5.4651513938
10268,USGS,01351500,1967-11-11,A,5.2952503142000005
10269,USGS,01351500,1967-11-12,A,5.1253492346
10270,USGS,01351500,1967-11-13,A,5.4651513938
10271,USGS,01351500,1967-11-14,A,7.2491127296
10272,USGS,01351500,1967-11-15,A,6.3996073316
10273,USGS,01351500,1967-11-16,A,5.1253492346
10274,USGS,01351500,1967-11-17,A,4.643962842400001
10275,USGS,01351500,1967-11-18,A,4.9837650016
10276,USGS,01351500,1967-11-19,A,5.4651513938
10277,USGS,01351500,1967-11-20,A,6.3996073316
10278,USGS,01351500,1967-11-21,A,5.6067356268
10279,USGS,01351500,1967-11-22,A,5.1253492346
10280,USGS,01351500,1967-11-23,A,6.3996073316
10281,USGS,01351500,1967-11-24,A,16.706939494
10282,USGS,01351500,1967-11-25,A,13.818621140800001
10283,USGS,01351500,1967-11-26,A,12.74258097
10284,USGS,01351500,1967-11-27,A,15.432681397
10285,USGS,01351500,1967-11-28,A,13.450502135
10286,USGS,01351500,1967-11-29,A,11.32673864
10287,USGS,01351500,1967-11-30,A,10.9869364808
10288,USGS,01351500,1967-12-01,A,10.0807973896
10289,USGS,01351500,1967-12-02,A,9.7976289236
10290,USGS,01351500,1967-12-03,A,9.7976289236
10291,USGS,01351500,1967-12-04,A,24.2675375362
10292,USGS,01351500,1967-12-05,A,18.8873366822
10293,USGS,01351500,1967-12-06,A,13.450502135
10294,USGS,01351500,1967-12-07,A,11.32673864
10295,USGS,01351500,1967-12-08,A,10.618817475
10296,USGS,01351500,1967-12-09,A,15.432681397
10297,USGS,01351500,1967-12-10,A,14.583175999
10298,USGS,01351500,1967-12-11,A,11.6665407992
10299,USGS,01351500,1967-12-12,A,46.156459958
10300,USGS,01351500,1967-12-13,A,112.70104946800001
10301,USGS,01351500,1967-12-14,A,61.164388656
10302,USGS,01351500,1967-12-15,A,42.192101434
10303,USGS,01351500,1967-12-16,A,30.582194328
10304,USGS,01351500,1967-12-17,A,26.90100427
10305,USGS,01351500,1967-12-18,A,23.219814212
10306,USGS,01351500,1967-12-19,A,41.059427570000004
10307,USGS,01351500,1967-12-20,A,52.102997744
10308,USGS,01351500,1967-12-21,A,41.625764502
10309,USGS,01351500,1967-12-22,A,40.209922172
10310,USGS,01351500,1967-12-23,A,40.776259104000005
10311,USGS,01351500,1967-12-24,A,32.281205124
10312,USGS,01351500,1967-12-25,A,29.449520464000003
10313,USGS,01351500,1967-12-26,A,29.449520464000003
10314,USGS,01351500,1967-12-27,A,22.2570414276
10315,USGS,01351500,1967-12-28,A,20.812882251
10316,USGS,01351500,1967-12-29,A,19.82179262
10317,USGS,01351500,1967-12-30,A,18.689118756
10318,USGS,01351500,1967-12-31,A,16.99010796
10319,USGS,01351500,1968-01-01,A,15.291097164
10320,USGS,01351500,1968-01-02,A,13.592086368
10321,USGS,01351500,1968-01-03,A,12.459412504
10322,USGS,01351500,1968-01-04,A,11.32673864
10323,USGS,01351500,1968-01-05,A,10.477233242
10324,USGS,01351500,1968-01-06,A,10.194064776000001
10325,USGS,01351500,1968-01-07,A,9.91089631
10326,USGS,01351500,1968-01-08,A,9.627727844
10327,USGS,01351500,1968-01-09,A,9.627727844
10328,USGS,01351500,1968-01-10,A,9.627727844
10329,USGS,01351500,1968-01-11,A,9.91089631
10330,USGS,01351500,1968-01-12,A,10.194064776000001
10331,USGS,01351500,1968-01-13,A,10.194064776000001
10332,USGS,01351500,1968-01-14,A,10.194064776000001
10333,USGS,01351500,1968-01-15,A,10.194064776000001
10334,USGS,01351500,1968-01-16,A,10.194064776000001
10335,USGS,01351500,1968-01-17,A,9.91089631
10336,USGS,01351500,1968-01-18,A,9.627727844
10337,USGS,01351500,1968-01-19,A,9.344559378
10338,USGS,01351500,1968-01-20,A,9.061390912
10339,USGS,01351500,1968-01-21,A,8.778222446000001
10340,USGS,01351500,1968-01-22,A,8.49505398
10341,USGS,01351500,1968-01-23,A,8.49505398
10342,USGS,01351500,1968-01-24,A,8.49505398
10343,USGS,01351500,1968-01-25,A,8.49505398
10344,USGS,01351500,1968-01-26,A,8.49505398
10345,USGS,01351500,1968-01-27,A,8.49505398
10346,USGS,01351500,1968-01-28,A,8.778222446000001
10347,USGS,01351500,1968-01-29,A,9.91089631
10348,USGS,01351500,1968-01-30,A,22.087140348000002
10349,USGS,01351500,1968-01-31,A,50.97032388
10350,USGS,01351500,1968-02-01,A,67.96043184
10351,USGS,01351500,1968-02-02,A,82.11885514000001
10352,USGS,01351500,1968-02-03,A,90.61390912
10353,USGS,01351500,1968-02-04,A,73.62380116
10354,USGS,01351500,1968-02-05,A,53.80200854
10355,USGS,01351500,1968-02-06,A,39.64358524
10356,USGS,01351500,1968-02-07,A,36.81190058
10357,USGS,01351500,1968-02-08,A,31.148531260000002
10358,USGS,01351500,1968-02-09,A,26.617835804000002
10359,USGS,01351500,1968-02-10,A,21.520803416
10360,USGS,01351500,1968-02-11,A,18.689118756
10361,USGS,01351500,1968-02-12,A,16.423771028
10362,USGS,01351500,1968-02-13,A,14.724760232000001
10363,USGS,01351500,1968-02-14,A,13.592086368
10364,USGS,01351500,1968-02-15,A,13.025749436
10365,USGS,01351500,1968-02-16,A,12.176244038
10366,USGS,01351500,1968-02-17,A,11.609907106
10367,USGS,01351500,1968-02-18,A,11.043570174000001
10368,USGS,01351500,1968-02-19,A,10.760401708
10369,USGS,01351500,1968-02-20,A,10.194064776000001
10370,USGS,01351500,1968-02-21,A,9.91089631
10371,USGS,01351500,1968-02-22,A,9.627727844
10372,USGS,01351500,1968-02-23,A,9.344559378
10373,USGS,01351500,1968-02-24,A,9.061390912
10374,USGS,01351500,1968-02-25,A,8.778222446000001
10375,USGS,01351500,1968-02-26,A,8.49505398
10376,USGS,01351500,1968-02-27,A,8.211885514
10377,USGS,01351500,1968-02-28,A,7.928717048
10378,USGS,01351500,1968-02-29,A,7.928717048
10379,USGS,01351500,1968-03-01,A,7.645548582
10380,USGS,01351500,1968-03-02,A,7.645548582
10381,USGS,01351500,1968-03-03,A,7.645548582
10382,USGS,01351500,1968-03-04,A,7.362380116000001
10383,USGS,01351500,1968-03-05,A,7.362380116000001
10384,USGS,01351500,1968-03-06,A,7.645548582
10385,USGS,01351500,1968-03-07,A,7.928717048
10386,USGS,01351500,1968-03-08,A,8.211885514
10387,USGS,01351500,1968-03-09,A,8.49505398
10388,USGS,01351500,1968-03-10,A,9.344559378
10389,USGS,01351500,1968-03-11,A,12.74258097
10390,USGS,01351500,1968-03-12,A,18.972287222000002
10391,USGS,01351500,1968-03-13,A,13.592086368
10392,USGS,01351500,1968-03-14,A,11.893075572
10393,USGS,01351500,1968-03-15,A,11.32673864
10394,USGS,01351500,1968-03-16,A,16.99010796
10395,USGS,01351500,1968-03-17,A,70.7921165
10396,USGS,01351500,1968-03-18,A,226.5347728
10397,USGS,01351500,1968-03-19,A,453.0695456
10398,USGS,01351500,1968-03-20,A,256.26746173
10399,USGS,01351500,1968-03-21,A,222.85358274200001
10400,USGS,01351500,1968-03-22,A,239.843690702
10401,USGS,01351500,1968-03-23,A,265.328852642
10402,USGS,01351500,1968-03-24,A,379.44574444
10403,USGS,01351500,1968-03-25,A,165.370384144
10404,USGS,01351500,1968-03-26,A,125.726798904
10405,USGS,01351500,1968-03-27,A,103.35649009000001
10406,USGS,01351500,1968-03-28,A,92.02975145
10407,USGS,01351500,1968-03-29,A,89.481235256
10408,USGS,01351500,1968-03-30,A,86.083213664
10409,USGS,01351500,1968-03-31,A,73.057464228
10410,USGS,01351500,1968-04-01,A,72.20795883
10411,USGS,01351500,1968-04-02,A,78.720833548
10412,USGS,01351500,1968-04-03,A,61.447557122
10413,USGS,01351500,1968-04-04,A,53.518840074
10414,USGS,01351500,1968-04-05,A,52.952503142000005
10415,USGS,01351500,1968-04-06,A,48.13863922
10416,USGS,01351500,1968-04-07,A,42.192101434
10417,USGS,01351500,1968-04-08,A,37.661405978
10418,USGS,01351500,1968-04-09,A,38.510911376
10419,USGS,01351500,1968-04-10,A,33.413878988
10420,USGS,01351500,1968-04-11,A,29.449520464000003
10421,USGS,01351500,1968-04-12,A,24.2675375362
10422,USGS,01351500,1968-04-13,A,21.7756550354
10423,USGS,01351500,1968-04-14,A,19.368723074400002
10424,USGS,01351500,1968-04-15,A,17.131692193
10425,USGS,01351500,1968-04-16,A,15.007928698
10426,USGS,01351500,1968-04-17,A,13.0823831292
10427,USGS,01351500,1968-04-18,A,9.7976289236
10428,USGS,01351500,1968-04-19,A,8.4101034402
10429,USGS,01351500,1968-04-20,A,7.2491127296
10430,USGS,01351500,1968-04-21,A,6.6261421044
10431,USGS,01351500,1968-04-22,A,6.2013894054000005
10432,USGS,01351500,1968-04-23,A,6.2013894054000005
10433,USGS,01351500,1968-04-24,A,6.6261421044
10434,USGS,01351500,1968-04-25,A,202.182284724
10435,USGS,01351500,1968-04-26,A,146.964433854
10436,USGS,01351500,1968-04-27,A,90.330740654
10437,USGS,01351500,1968-04-28,A,71.358453432
10438,USGS,01351500,1968-04-29,A,54.368345472
10439,USGS,01351500,1968-04-30,A,46.156459958
10440,USGS,01351500,1968-05-01,A,48.13863922
10441,USGS,01351500,1968-05-02,A,45.30695456
10442,USGS,01351500,1968-05-03,A,38.510911376
10443,USGS,01351500,1968-05-04,A,40.776259104000005
10444,USGS,01351500,1968-05-05,A,42.758438366
10445,USGS,01351500,1968-05-06,A,34.829721318000004
10446,USGS,01351500,1968-05-07,A,29.449520464000003
10447,USGS,01351500,1968-05-08,A,25.824964099200002
10448,USGS,01351500,1968-05-09,A,23.7295174508
10449,USGS,01351500,1968-05-10,A,26.362984184600002
10450,USGS,01351500,1968-05-11,A,26.362984184600002
10451,USGS,01351500,1968-05-12,A,31.431699726
10452,USGS,01351500,1968-05-13,A,73.057464228
10453,USGS,01351500,1968-05-14,A,63.146567918
10454,USGS,01351500,1968-05-15,A,50.120818482000004
10455,USGS,01351500,1968-05-16,A,42.758438366
10456,USGS,01351500,1968-05-17,A,50.120818482000004
10457,USGS,01351500,1968-05-18,A,52.102997744
10458,USGS,01351500,1968-05-19,A,62.013894054000005
10459,USGS,01351500,1968-05-20,A,84.384202868
10460,USGS,01351500,1968-05-21,A,75.322811956
10461,USGS,01351500,1968-05-22,A,61.447557122
10462,USGS,01351500,1968-05-23,A,51.536660812
10463,USGS,01351500,1968-05-24,A,51.536660812
10464,USGS,01351500,1968-05-25,A,54.368345472
10465,USGS,01351500,1968-05-26,A,43.607943764
10466,USGS,01351500,1968-05-27,A,35.962395182
10467,USGS,01351500,1968-05-28,A,31.714868192
10468,USGS,01351500,1968-05-29,A,74.756475024
10469,USGS,01351500,1968-05-30,A,359.62395182
10470,USGS,01351500,1968-05-31,A,162.82186795
10471,USGS,01351500,1968-06-01,A,134.788189816
10472,USGS,01351500,1968-06-02,A,95.427773042
10473,USGS,01351500,1968-06-03,A,82.685192072
10474,USGS,01351500,1968-06-04,A,73.057464228
10475,USGS,01351500,1968-06-05,A,57.200030132
10476,USGS,01351500,1968-06-06,A,45.30695456
10477,USGS,01351500,1968-06-07,A,37.095069046
10478,USGS,01351500,1968-06-08,A,30.015857396
10479,USGS,01351500,1968-06-09,A,25.824964099200002
10480,USGS,01351500,1968-06-10,A,21.7756550354
10481,USGS,01351500,1968-06-11,A,21.7756550354
10482,USGS,01351500,1968-06-12,A,20.812882251
10483,USGS,01351500,1968-06-13,A,29.449520464000003
10484,USGS,01351500,1968-06-14,A,44.740617628
10485,USGS,01351500,1968-06-15,A,51.536660812
10486,USGS,01351500,1968-06-16,A,39.077248308
10487,USGS,01351500,1968-06-17,A,35.962395182
10488,USGS,01351500,1968-06-18,A,36.528732114
10489,USGS,01351500,1968-06-19,A,27.920410747600002
10490,USGS,01351500,1968-06-20,A,30.015857396
10491,USGS,01351500,1968-06-21,A,29.449520464000003
10492,USGS,01351500,1968-06-22,A,19.368723074400002
10493,USGS,01351500,1968-06-23,A,12.402778810800001
10494,USGS,01351500,1968-06-24,A,9.7976289236
10495,USGS,01351500,1968-06-25,A,8.4101034402
10496,USGS,01351500,1968-06-26,A,48.421807686
10497,USGS,01351500,1968-06-27,A,155.176319368
10498,USGS,01351500,1968-06-28,A,180.095144376
10499,USGS,01351500,1968-06-29,A,134.788189816
10500,USGS,01351500,1968-06-30,A,92.879256848
10501,USGS,01351500,1968-07-01,A,67.394094908
10502,USGS,01351500,1968-07-02,A,50.687155414
10503,USGS,01351500,1968-07-03,A,39.077248308
10504,USGS,01351500,1968-07-04,A,31.714868192
10505,USGS,01351500,1968-07-05,A,25.824964099200002
10506,USGS,01351500,1968-07-06,A,21.7756550354
10507,USGS,01351500,1968-07-07,A,18.8873366822
10508,USGS,01351500,1968-07-08,A,15.432681397
10509,USGS,01351500,1968-07-09,A,12.402778810800001
10510,USGS,01351500,1968-07-10,A,7.8720833548
10511,USGS,01351500,1968-07-11,A,8.6932719062
10512,USGS,01351500,1968-07-12,A,7.2491127296
10513,USGS,01351500,1968-07-13,A,6.2013894054000005
10514,USGS,01351500,1968-07-14,A,5.2952503142000005
10515,USGS,01351500,1968-07-15,A,4.4740617628
10516,USGS,01351500,1968-07-16,A,4.1625764502000004
10517,USGS,01351500,1968-07-17,A,3.539605825
10518,USGS,01351500,1968-07-18,A,3.9077248308000003
10519,USGS,01351500,1968-07-19,A,5.4651513938
10520,USGS,01351500,1968-07-20,A,4.3324775298
10521,USGS,01351500,1968-07-21,A,4.3324775298
10522,USGS,01351500,1968-07-22,A,3.4263384386
10523,USGS,01351500,1968-07-23,A,2.9166351998
10524,USGS,01351500,1968-07-24,A,2.7184172736
10525,USGS,01351500,1968-07-25,A,2.7184172736
10526,USGS,01351500,1968-07-26,A,2.6334667338
10527,USGS,01351500,1968-07-27,A,2.4352488076
10528,USGS,01351500,1968-07-28,A,2.1803971882
10529,USGS,01351500,1968-07-29,A,1.8405950290000002
10530,USGS,01351500,1968-07-30,A,1.7273276426000002
10531,USGS,01351500,1968-07-31,A,1.5857434096
10532,USGS,01351500,1968-08-01,A,1.4724760232
10533,USGS,01351500,1968-08-02,A,1.5291097164
10534,USGS,01351500,1968-08-03,A,1.5291097164
10535,USGS,01351500,1968-08-04,A,1.5291097164
10536,USGS,01351500,1968-08-05,A,1.3308917902
10537,USGS,01351500,1968-08-06,A,1.3308917902
10538,USGS,01351500,1968-08-07,A,1.3308917902
10539,USGS,01351500,1968-08-08,A,1.3308917902
10540,USGS,01351500,1968-08-09,A,1.6423771028
10541,USGS,01351500,1968-08-10,A,1.3875254834000001
10542,USGS,01351500,1968-08-11,A,1.1893075572
10543,USGS,01351500,1968-08-12,A,1.0760401708
10544,USGS,01351500,1968-08-13,A,0.9627727844
10545,USGS,01351500,1968-08-14,A,0.9344559378
10546,USGS,01351500,1968-08-15,A,0.8211885514
10547,USGS,01351500,1968-08-16,A,0.707921165
10548,USGS,01351500,1968-08-17,A,0.7362380116
10549,USGS,01351500,1968-08-18,A,0.707921165
10550,USGS,01351500,1968-08-19,A,0.6512874718
10551,USGS,01351500,1968-08-20,A,0.8211885514
10552,USGS,01351500,1968-08-21,A,0.9627727844
10553,USGS,01351500,1968-08-22,A,0.8778222446
10554,USGS,01351500,1968-08-23,A,0.8778222446
10555,USGS,01351500,1968-08-24,A,0.9344559378
10556,USGS,01351500,1968-08-25,A,0.9344559378
10557,USGS,01351500,1968-08-26,A,0.8211885514
10558,USGS,01351500,1968-08-27,A,0.7362380116
10559,USGS,01351500,1968-08-28,A,0.6512874718
10560,USGS,01351500,1968-08-29,A,0.5097032388
10561,USGS,01351500,1968-08-30,A,0.424752699
10562,USGS,01351500,1968-08-31,A,0.3964358524
10563,USGS,01351500,1968-09-01,A,0.3964358524
10564,USGS,01351500,1968-09-02,A,0.424752699
10565,USGS,01351500,1968-09-03,A,0.4530695456
10566,USGS,01351500,1968-09-04,A,0.4530695456
10567,USGS,01351500,1968-09-05,A,0.3964358524
10568,USGS,01351500,1968-09-06,A,0.424752699
10569,USGS,01351500,1968-09-07,A,0.424752699
10570,USGS,01351500,1968-09-08,A,0.424752699
10571,USGS,01351500,1968-09-09,A,0.424752699
10572,USGS,01351500,1968-09-10,A,0.424752699
10573,USGS,01351500,1968-09-11,A,0.5097032388
10574,USGS,01351500,1968-09-12,A,0.566336932
10575,USGS,01351500,1968-09-13,A,0.566336932
10576,USGS,01351500,1968-09-14,A,0.566336932
10577,USGS,01351500,1968-09-15,A,0.5380200854
10578,USGS,01351500,1968-09-16,A,0.4813863922
10579,USGS,01351500,1968-09-17,A,0.4813863922
10580,USGS,01351500,1968-09-18,A,0.424752699
10581,USGS,01351500,1968-09-19,A,0.3964358524
10582,USGS,01351500,1968-09-20,A,0.3681190058
10583,USGS,01351500,1968-09-21,A,0.3398021592
10584,USGS,01351500,1968-09-22,A,0.3398021592
10585,USGS,01351500,1968-09-23,A,0.3114853126
10586,USGS,01351500,1968-09-24,A,0.283168466
10587,USGS,01351500,1968-09-25,A,0.3114853126
10588,USGS,01351500,1968-09-26,A,0.3398021592
10589,USGS,01351500,1968-09-27,A,0.3114853126
10590,USGS,01351500,1968-09-28,A,0.3398021592
10591,USGS,01351500,1968-09-29,A,0.3398021592
10592,USGS,01351500,1968-09-30,A,0.283168466
10593,USGS,01351500,1968-10-01,A,0.283168466
10594,USGS,01351500,1968-10-02,A,0.3114853126
10595,USGS,01351500,1968-10-03,A,0.3398021592
10596,USGS,01351500,1968-10-04,A,0.3398021592
10597,USGS,01351500,1968-10-05,A,0.3114853126
10598,USGS,01351500,1968-10-06,A,0.3114853126
10599,USGS,01351500,1968-10-07,A,0.4813863922
10600,USGS,01351500,1968-10-08,A,0.6229706252
10601,USGS,01351500,1968-10-09,A,0.6796043184
10602,USGS,01351500,1968-10-10,A,0.707921165
10603,USGS,01351500,1968-10-11,A,0.707921165
10604,USGS,01351500,1968-10-12,A,0.6796043184
10605,USGS,01351500,1968-10-13,A,0.6229706252
10606,USGS,01351500,1968-10-14,A,0.566336932
10607,USGS,01351500,1968-10-15,A,0.5380200854
10608,USGS,01351500,1968-10-16,A,0.5380200854
10609,USGS,01351500,1968-10-17,A,0.5380200854
10610,USGS,01351500,1968-10-18,A,0.4813863922
10611,USGS,01351500,1968-10-19,A,0.5097032388
10612,USGS,01351500,1968-10-20,A,0.4813863922
10613,USGS,01351500,1968-10-21,A,0.5097032388
10614,USGS,01351500,1968-10-22,A,0.5097032388
10615,USGS,01351500,1968-10-23,A,0.5097032388
10616,USGS,01351500,1968-10-24,A,0.5097032388
10617,USGS,01351500,1968-10-25,A,1.0760401708
10618,USGS,01351500,1968-10-26,A,1.6140602562000002
10619,USGS,01351500,1968-10-27,A,2.4635656542
10620,USGS,01351500,1968-10-28,A,2.0671298018
10621,USGS,01351500,1968-10-29,A,1.7273276426000002
10622,USGS,01351500,1968-10-30,A,1.4724760232
10623,USGS,01351500,1968-10-31,A,1.3025749436
10624,USGS,01351500,1968-11-01,A,1.2176244038
10625,USGS,01351500,1968-11-02,A,1.2459412504
10626,USGS,01351500,1968-11-03,A,1.1043570174
10627,USGS,01351500,1968-11-04,A,1.0194064776
10628,USGS,01351500,1968-11-05,A,1.0194064776
10629,USGS,01351500,1968-11-06,A,0.9344559378
10630,USGS,01351500,1968-11-07,A,1.1609907106000001
10631,USGS,01351500,1968-11-08,A,4.2192101434
10632,USGS,01351500,1968-11-09,A,8.0986181276
10633,USGS,01351500,1968-11-10,A,7.1358453432
10634,USGS,01351500,1968-11-11,A,6.8526768772
10635,USGS,01351500,1968-11-12,A,6.8526768772
10636,USGS,01351500,1968-11-13,A,6.909310570400001
10637,USGS,01351500,1968-11-14,A,6.003171479200001
10638,USGS,01351500,1968-11-15,A,5.8332703996
10639,USGS,01351500,1968-11-16,A,14.6964433854
10640,USGS,01351500,1968-11-17,A,24.4657554624
10641,USGS,01351500,1968-11-18,A,25.5134787866
10642,USGS,01351500,1968-11-19,A,92.02975145
10643,USGS,01351500,1968-11-20,A,51.819829278
10644,USGS,01351500,1968-11-21,A,32.847542056
10645,USGS,01351500,1968-11-22,A,27.608925435
10646,USGS,01351500,1968-11-23,A,31.431699726
10647,USGS,01351500,1968-11-24,A,28.600015066
10648,USGS,01351500,1968-11-25,A,45.590123026
10649,USGS,01351500,1968-11-26,A,37.378237512
10650,USGS,01351500,1968-11-27,A,30.299025862
10651,USGS,01351500,1968-11-28,A,27.750509668
10652,USGS,01351500,1968-11-29,A,82.968360538
10653,USGS,01351500,1968-11-30,A,74.756475024
10654,USGS,01351500,1968-12-01,A,45.590123026
10655,USGS,01351500,1968-12-02,A,40.209922172
10656,USGS,01351500,1968-12-03,A,38.794079842
10657,USGS,01351500,1968-12-04,A,39.360416774
10658,USGS,01351500,1968-12-05,A,60.598051724
10659,USGS,01351500,1968-12-06,A,41.908932968
10660,USGS,01351500,1968-12-07,A,30.299025862
10661,USGS,01351500,1968-12-08,A,24.7489239284
10662,USGS,01351500,1968-12-09,A,19.82179262
10663,USGS,01351500,1968-12-10,A,14.724760232000001
10664,USGS,01351500,1968-12-11,A,15.857434096
10665,USGS,01351500,1968-12-12,A,16.423771028
10666,USGS,01351500,1968-12-13,A,19.255455688
10667,USGS,01351500,1968-12-14,A,23.219814212
10668,USGS,01351500,1968-12-15,A,35.962395182
10669,USGS,01351500,1968-12-16,A,14.1584233
10670,USGS,01351500,1968-12-17,A,14.1584233
10671,USGS,01351500,1968-12-18,A,14.724760232000001
10672,USGS,01351500,1968-12-19,A,15.291097164
10673,USGS,01351500,1968-12-20,A,16.423771028
10674,USGS,01351500,1968-12-21,A,18.689118756
10675,USGS,01351500,1968-12-22,A,22.65347728
10676,USGS,01351500,1968-12-23,A,27.184172736
10677,USGS,01351500,1968-12-24,A,32.56437359
10678,USGS,01351500,1968-12-25,A,25.48516194
10679,USGS,01351500,1968-12-26,A,14.1584233
10680,USGS,01351500,1968-12-27,A,13.025749436
10681,USGS,01351500,1968-12-28,A,12.74258097
10682,USGS,01351500,1968-12-29,A,12.459412504
10683,USGS,01351500,1968-12-30,A,12.176244038
10684,USGS,01351500,1968-12-31,A,12.176244038
10685,USGS,01351500,1969-01-01,A,11.893075572
10686,USGS,01351500,1969-01-02,A,11.893075572
10687,USGS,01351500,1969-01-03,A,11.893075572
10688,USGS,01351500,1969-01-04,A,11.609907106
10689,USGS,01351500,1969-01-05,A,11.609907106
10690,USGS,01351500,1969-01-06,A,11.609907106
10691,USGS,01351500,1969-01-07,A,11.609907106
10692,USGS,01351500,1969-01-08,A,11.32673864
10693,USGS,01351500,1969-01-09,A,11.32673864
10694,USGS,01351500,1969-01-10,A,11.043570174000001
10695,USGS,01351500,1969-01-11,A,10.760401708
10696,USGS,01351500,1969-01-12,A,10.760401708
10697,USGS,01351500,1969-01-13,A,10.477233242
10698,USGS,01351500,1969-01-14,A,10.194064776000001
10699,USGS,01351500,1969-01-15,A,10.194064776000001
10700,USGS,01351500,1969-01-16,A,9.91089631
10701,USGS,01351500,1969-01-17,A,9.91089631
10702,USGS,01351500,1969-01-18,A,9.627727844
10703,USGS,01351500,1969-01-19,A,9.344559378
10704,USGS,01351500,1969-01-20,A,9.627727844
10705,USGS,01351500,1969-01-21,A,9.627727844
10706,USGS,01351500,1969-01-22,A,10.194064776000001
10707,USGS,01351500,1969-01-23,A,12.74258097
10708,USGS,01351500,1969-01-24,A,23.786151144
10709,USGS,01351500,1969-01-25,A,65.12874718
10710,USGS,01351500,1969-01-26,A,62.297062520000004
10711,USGS,01351500,1969-01-27,A,53.80200854
10712,USGS,01351500,1969-01-28,A,48.13863922
10713,USGS,01351500,1969-01-29,A,42.4752699
10714,USGS,01351500,1969-01-30,A,48.13863922
10715,USGS,01351500,1969-01-31,A,50.97032388
10716,USGS,01351500,1969-02-01,A,42.4752699
10717,USGS,01351500,1969-02-02,A,36.81190058
10718,USGS,01351500,1969-02-03,A,31.148531260000002
10719,USGS,01351500,1969-02-04,A,27.750509668
10720,USGS,01351500,1969-02-05,A,24.918825008
10721,USGS,01351500,1969-02-06,A,23.786151144
10722,USGS,01351500,1969-02-07,A,22.087140348000002
10723,USGS,01351500,1969-02-08,A,20.388129552000002
10724,USGS,01351500,1969-02-09,A,19.255455688
10725,USGS,01351500,1969-02-10,A,17.556444892000002
10726,USGS,01351500,1969-02-11,A,15.857434096
10727,USGS,01351500,1969-02-12,A,14.1584233
10728,USGS,01351500,1969-02-13,A,13.308917902000001
10729,USGS,01351500,1969-02-14,A,12.459412504
10730,USGS,01351500,1969-02-15,A,12.176244038
10731,USGS,01351500,1969-02-16,A,11.609907106
10732,USGS,01351500,1969-02-17,A,11.32673864
10733,USGS,01351500,1969-02-18,A,10.760401708
10734,USGS,01351500,1969-02-19,A,10.194064776000001
10735,USGS,01351500,1969-02-20,A,9.91089631
10736,USGS,01351500,1969-02-21,A,9.627727844
10737,USGS,01351500,1969-02-22,A,9.344559378
10738,USGS,01351500,1969-02-23,A,9.061390912
10739,USGS,01351500,1969-02-24,A,8.778222446000001
10740,USGS,01351500,1969-02-25,A,8.49505398
10741,USGS,01351500,1969-02-26,A,8.211885514
10742,USGS,01351500,1969-02-27,A,7.928717048
10743,USGS,01351500,1969-02-28,A,7.928717048
10744,USGS,01351500,1969-03-01,A,7.645548582
10745,USGS,01351500,1969-03-02,A,7.362380116000001
10746,USGS,01351500,1969-03-03,A,7.362380116000001
10747,USGS,01351500,1969-03-04,A,7.07921165
10748,USGS,01351500,1969-03-05,A,6.796043184
10749,USGS,01351500,1969-03-06,A,6.796043184
10750,USGS,01351500,1969-03-07,A,6.796043184
10751,USGS,01351500,1969-03-08,A,6.512874718
10752,USGS,01351500,1969-03-09,A,6.512874718
10753,USGS,01351500,1969-03-10,A,6.512874718
10754,USGS,01351500,1969-03-11,A,6.229706252
10755,USGS,01351500,1969-03-12,A,6.229706252
10756,USGS,01351500,1969-03-13,A,5.946537786
10757,USGS,01351500,1969-03-14,A,5.946537786
10758,USGS,01351500,1969-03-15,A,5.946537786
10759,USGS,01351500,1969-03-16,A,6.1447557122
10760,USGS,01351500,1969-03-17,A,6.3146567918
10761,USGS,01351500,1969-03-18,A,11.7231744924
10762,USGS,01351500,1969-03-19,A,54.651513938
10763,USGS,01351500,1969-03-20,A,122.328777312
10764,USGS,01351500,1969-03-21,A,172.73276426
10765,USGS,01351500,1969-03-22,A,129.691157428
10766,USGS,01351500,1969-03-23,A,83.251529004
10767,USGS,01351500,1969-03-24,A,88.631729858
10768,USGS,01351500,1969-03-25,A,146.398096922
10769,USGS,01351500,1969-03-26,A,185.47534523000002
10770,USGS,01351500,1969-03-27,A,103.073321624
10771,USGS,01351500,1969-03-28,A,73.906969626
10772,USGS,01351500,1969-03-29,A,73.340632694
10773,USGS,01351500,1969-03-30,A,63.429736384
10774,USGS,01351500,1969-03-31,A,44.457449162
10775,USGS,01351500,1969-04-01,A,33.130710522
10776,USGS,01351500,1969-04-02,A,45.590123026
10777,USGS,01351500,1969-04-03,A,64.562410248
10778,USGS,01351500,1969-04-04,A,58.615872462
10779,USGS,01351500,1969-04-05,A,144.41591766
10780,USGS,01351500,1969-04-06,A,254.8516194
10781,USGS,01351500,1969-04-07,A,197.085252336
10782,USGS,01351500,1969-04-08,A,143.566412262
10783,USGS,01351500,1969-04-09,A,117.51491339
10784,USGS,01351500,1969-04-10,A,109.303027876
10785,USGS,01351500,1969-04-11,A,138.186211408
10786,USGS,01351500,1969-04-12,A,105.90500628400001
10787,USGS,01351500,1969-04-13,A,80.986181276
10788,USGS,01351500,1969-04-14,A,66.827757976
10789,USGS,01351500,1969-04-15,A,57.766367064
10790,USGS,01351500,1969-04-16,A,54.085177006
10791,USGS,01351500,1969-04-17,A,57.483198598
10792,USGS,01351500,1969-04-18,A,54.651513938
10793,USGS,01351500,1969-04-19,A,82.685192072
10794,USGS,01351500,1969-04-20,A,92.312919916
10795,USGS,01351500,1969-04-21,A,68.243600306
10796,USGS,01351500,1969-04-22,A,69.942611102
10797,USGS,01351500,1969-04-23,A,308.65362794000004
10798,USGS,01351500,1969-04-24,A,221.154571946
10799,USGS,01351500,1969-04-25,A,150.07928698
10800,USGS,01351500,1969-04-26,A,106.18817475
10801,USGS,01351500,1969-04-27,A,82.685192072
10802,USGS,01351500,1969-04-28,A,67.96043184
10803,USGS,01351500,1969-04-29,A,61.447557122
10804,USGS,01351500,1969-04-30,A,54.085177006
10805,USGS,01351500,1969-05-01,A,46.72279689
10806,USGS,01351500,1969-05-02,A,39.64358524
10807,USGS,01351500,1969-05-03,A,34.546552852
10808,USGS,01351500,1969-05-04,A,30.582194328
10809,USGS,01351500,1969-05-05,A,26.8443705768
10810,USGS,01351500,1969-05-06,A,23.219814212
10811,USGS,01351500,1969-05-07,A,20.6996148646
10812,USGS,01351500,1969-05-08,A,19.5669410006
10813,USGS,01351500,1969-05-09,A,26.5045684176
10814,USGS,01351500,1969-05-10,A,56.6336932
10815,USGS,01351500,1969-05-11,A,39.926753706
10816,USGS,01351500,1969-05-12,A,33.697047454
10817,USGS,01351500,1969-05-13,A,31.148531260000002
10818,USGS,01351500,1969-05-14,A,28.600015066
10819,USGS,01351500,1969-05-15,A,26.5895189574
10820,USGS,01351500,1969-05-16,A,23.2764479052
10821,USGS,01351500,1969-05-17,A,20.8411990976
10822,USGS,01351500,1969-05-18,A,18.9439703754
10823,USGS,01351500,1969-05-19,A,17.3865438124
10824,USGS,01351500,1969-05-20,A,20.133277932600002
10825,USGS,01351500,1969-05-21,A,78.437665082
10826,USGS,01351500,1969-05-22,A,47.005965356000004
10827,USGS,01351500,1969-05-23,A,34.546552852
10828,USGS,01351500,1969-05-24,A,28.883183532
10829,USGS,01351500,1969-05-25,A,26.0231820254
10830,USGS,01351500,1969-05-26,A,24.5790228488
10831,USGS,01351500,1969-05-27,A,21.2942686432
10832,USGS,01351500,1969-05-28,A,17.8679302046
10833,USGS,01351500,1969-05-29,A,16.0273351756
10834,USGS,01351500,1969-05-30,A,67.96043184
10835,USGS,01351500,1969-05-31,A,46.156459958
10836,USGS,01351500,1969-06-01,A,27.7221928214
10837,USGS,01351500,1969-06-02,A,20.8978327908
10838,USGS,01351500,1969-06-03,A,21.7756550354
10839,USGS,01351500,1969-06-04,A,25.768330406
10840,USGS,01351500,1969-06-05,A,17.3299101192
10841,USGS,01351500,1969-06-06,A,11.6948576458
10842,USGS,01351500,1969-06-07,A,10.0807973896
10843,USGS,01351500,1969-06-08,A,9.1746582984
10844,USGS,01351500,1969-06-09,A,7.4756475024
10845,USGS,01351500,1969-06-10,A,6.456241024800001
10846,USGS,01351500,1969-06-11,A,5.5217850870000005
10847,USGS,01351500,1969-06-12,A,4.9271313084
10848,USGS,01351500,1969-06-13,A,4.4740617628
10849,USGS,01351500,1969-06-14,A,4.2758438366
10850,USGS,01351500,1969-06-15,A,5.7766367064
10851,USGS,01351500,1969-06-16,A,21.0677338704
10852,USGS,01351500,1969-06-17,A,18.122781824
10853,USGS,01351500,1969-06-18,A,10.5055500886
10854,USGS,01351500,1969-06-19,A,8.1552518208
10855,USGS,01351500,1969-06-20,A,7.362380116000001
10856,USGS,01351500,1969-06-21,A,8.0136675878
10857,USGS,01351500,1969-06-22,A,7.0225779568
10858,USGS,01351500,1969-06-23,A,5.8899040928
10859,USGS,01351500,1969-06-24,A,12.4877293506
10860,USGS,01351500,1969-06-25,A,16.9334742668
10861,USGS,01351500,1969-06-26,A,9.91089631
10862,USGS,01351500,1969-06-27,A,7.503964349
10863,USGS,01351500,1969-06-28,A,6.1447557122
10864,USGS,01351500,1969-06-29,A,5.2102997744
10865,USGS,01351500,1969-06-30,A,4.530695456
10866,USGS,01351500,1969-07-01,A,4.3891112230000005
10867,USGS,01351500,1969-07-02,A,4.3891112230000005
10868,USGS,01351500,1969-07-03,A,3.822774291
10869,USGS,01351500,1969-07-04,A,3.3130710522
10870,USGS,01351500,1969-07-05,A,3.1998036658
10871,USGS,01351500,1969-07-06,A,3.0299025862
10872,USGS,01351500,1969-07-07,A,2.8600015066
10873,USGS,01351500,1969-07-08,A,2.5768330406
10874,USGS,01351500,1969-07-09,A,2.265347728
10875,USGS,01351500,1969-07-10,A,2.0104961086
10876,USGS,01351500,1969-07-11,A,1.8689118756
10877,USGS,01351500,1969-07-12,A,2.5201993474
10878,USGS,01351500,1969-07-13,A,9.344559378
10879,USGS,01351500,1969-07-14,A,11.2134712536
10880,USGS,01351500,1969-07-15,A,7.3340632694000005
10881,USGS,01351500,1969-07-16,A,4.9837650016
10882,USGS,01351500,1969-07-17,A,3.822774291
10883,USGS,01351500,1969-07-18,A,3.1431699726
10884,USGS,01351500,1969-07-19,A,2.8883183532
10885,USGS,01351500,1969-07-20,A,2.6617835804
10886,USGS,01351500,1969-07-21,A,3.0865362794
10887,USGS,01351500,1969-07-22,A,5.9182209394
10888,USGS,01351500,1969-07-23,A,4.643962842400001
10889,USGS,01351500,1969-07-24,A,3.3413878988
10890,USGS,01351500,1969-07-25,A,2.7467341202
10891,USGS,01351500,1969-07-26,A,2.4352488076
10892,USGS,01351500,1969-07-27,A,2.1803971882
10893,USGS,01351500,1969-07-28,A,2.4635656542
10894,USGS,01351500,1969-07-29,A,5.238616621
10895,USGS,01351500,1969-07-30,A,66.261421044
10896,USGS,01351500,1969-07-31,A,44.740617628
10897,USGS,01351500,1969-08-01,A,32.281205124
10898,USGS,01351500,1969-08-02,A,22.2570414276
10899,USGS,01351500,1969-08-03,A,18.4342671366
10900,USGS,01351500,1969-08-04,A,16.7918900338
10901,USGS,01351500,1969-08-05,A,20.0766442394
10902,USGS,01351500,1969-08-06,A,26.4196178778
10903,USGS,01351500,1969-08-07,A,18.689118756
10904,USGS,01351500,1969-08-08,A,14.016839067000001
10905,USGS,01351500,1969-08-09,A,21.803971882
10906,USGS,01351500,1969-08-10,A,25.6550630196
10907,USGS,01351500,1969-08-11,A,30.299025862
10908,USGS,01351500,1969-08-12,A,17.811296511400002
10909,USGS,01351500,1969-08-13,A,9.7126783838
10910,USGS,01351500,1969-08-14,A,6.8243600306
10911,USGS,01351500,1969-08-15,A,5.4934682404
10912,USGS,01351500,1969-08-16,A,4.955448155
10913,USGS,01351500,1969-08-17,A,4.7005965356
10914,USGS,01351500,1969-08-18,A,4.7005965356
10915,USGS,01351500,1969-08-19,A,4.3041606832
10916,USGS,01351500,1969-08-20,A,3.7661405978
10917,USGS,01351500,1969-08-21,A,3.4546552852000003
10918,USGS,01351500,1969-08-22,A,2.9449520464
10919,USGS,01351500,1969-08-23,A,2.5768330406
10920,USGS,01351500,1969-08-24,A,2.2936645746
10921,USGS,01351500,1969-08-25,A,2.0954466484000003
10922,USGS,01351500,1969-08-26,A,1.9255455688
10923,USGS,01351500,1969-08-27,A,1.6706939494
10924,USGS,01351500,1969-08-28,A,1.5291097164
10925,USGS,01351500,1969-08-29,A,1.3875254834000001
10926,USGS,01351500,1969-08-30,A,1.3025749436
10927,USGS,01351500,1969-08-31,A,1.1893075572
10928,USGS,01351500,1969-09-01,A,1.132673864
10929,USGS,01351500,1969-09-02,A,1.1043570174
10930,USGS,01351500,1969-09-03,A,1.1609907106000001
10931,USGS,01351500,1969-09-04,A,1.3308917902
10932,USGS,01351500,1969-09-05,A,1.3308917902
10933,USGS,01351500,1969-09-06,A,1.3592086368
10934,USGS,01351500,1969-09-07,A,1.3592086368
10935,USGS,01351500,1969-09-08,A,1.6423771028
10936,USGS,01351500,1969-09-09,A,1.8405950290000002
10937,USGS,01351500,1969-09-10,A,2.3502982678
10938,USGS,01351500,1969-09-11,A,2.3502982678
10939,USGS,01351500,1969-09-12,A,1.9255455688
10940,USGS,01351500,1969-09-13,A,1.6423771028
10941,USGS,01351500,1969-09-14,A,1.41584233
10942,USGS,01351500,1969-09-15,A,1.2742580970000001
10943,USGS,01351500,1969-09-16,A,1.1043570174
10944,USGS,01351500,1969-09-17,A,1.0760401708
10945,USGS,01351500,1969-09-18,A,1.0760401708
10946,USGS,01351500,1969-09-19,A,1.0477233242000001
10947,USGS,01351500,1969-09-20,A,0.9627727844
10948,USGS,01351500,1969-09-21,A,0.9627727844
10949,USGS,01351500,1969-09-22,A,1.0477233242000001
10950,USGS,01351500,1969-09-23,A,1.0477233242000001
10951,USGS,01351500,1969-09-24,A,1.0194064776
10952,USGS,01351500,1969-09-25,A,0.991089631
10953,USGS,01351500,1969-09-26,A,0.9344559378
10954,USGS,01351500,1969-09-27,A,0.9344559378
10955,USGS,01351500,1969-09-28,A,0.9061390912
10956,USGS,01351500,1969-09-29,A,0.8778222446
10957,USGS,01351500,1969-09-30,A,0.849505398
10958,USGS,01351500,1969-10-01,A,0.8211885514
10959,USGS,01351500,1969-10-02,A,0.8211885514
10960,USGS,01351500,1969-10-03,A,1.1893075572
10961,USGS,01351500,1969-10-04,A,1.3592086368
10962,USGS,01351500,1969-10-05,A,1.6140602562000002
10963,USGS,01351500,1969-10-06,A,1.6140602562000002
10964,USGS,01351500,1969-10-07,A,1.3875254834000001
10965,USGS,01351500,1969-10-08,A,1.2176244038
10966,USGS,01351500,1969-10-09,A,1.0477233242000001
10967,USGS,01351500,1969-10-10,A,0.9344559378
10968,USGS,01351500,1969-10-11,A,0.9061390912
10969,USGS,01351500,1969-10-12,A,0.849505398
10970,USGS,01351500,1969-10-13,A,0.7928717048
10971,USGS,01351500,1969-10-14,A,0.7928717048
10972,USGS,01351500,1969-10-15,A,0.7645548582
10973,USGS,01351500,1969-10-16,A,0.707921165
10974,USGS,01351500,1969-10-17,A,0.707921165
10975,USGS,01351500,1969-10-18,A,0.7362380116
10976,USGS,01351500,1969-10-19,A,0.7362380116
10977,USGS,01351500,1969-10-20,A,0.7928717048
10978,USGS,01351500,1969-10-21,A,1.0477233242000001
10979,USGS,01351500,1969-10-22,A,1.2176244038
10980,USGS,01351500,1969-10-23,A,1.7273276426000002
10981,USGS,01351500,1969-10-24,A,1.8689118756
10982,USGS,01351500,1969-10-25,A,1.6140602562000002
10983,USGS,01351500,1969-10-26,A,1.41584233
10984,USGS,01351500,1969-10-27,A,1.3025749436
10985,USGS,01351500,1969-10-28,A,1.1893075572
10986,USGS,01351500,1969-10-29,A,1.1043570174
10987,USGS,01351500,1969-10-30,A,1.0760401708
10988,USGS,01351500,1969-10-31,A,1.0194064776
10989,USGS,01351500,1969-11-01,A,0.991089631
10990,USGS,01351500,1969-11-02,A,1.2459412504
10991,USGS,01351500,1969-11-03,A,2.406931961
10992,USGS,01351500,1969-11-04,A,4.1625764502000004
10993,USGS,01351500,1969-11-05,A,7.7304991218
10994,USGS,01351500,1969-11-06,A,55.784187802
10995,USGS,01351500,1969-11-07,A,65.12874718
10996,USGS,01351500,1969-11-08,A,300.15857396
10997,USGS,01351500,1969-11-09,A,170.184248066
10998,USGS,01351500,1969-11-10,A,85.800045198
10999,USGS,01351500,1969-11-11,A,58.899040928000005
11000,USGS,01351500,1969-11-12,A,43.607943764
11001,USGS,01351500,1969-11-13,A,37.378237512
11002,USGS,01351500,1969-11-14,A,30.865362794
11003,USGS,01351500,1969-11-15,A,30.299025862
11004,USGS,01351500,1969-11-16,A,24.8338744682
11005,USGS,01351500,1969-11-17,A,19.7085252336
11006,USGS,01351500,1969-11-18,A,17.414860659000002
11007,USGS,01351500,1969-11-19,A,16.4520878746
11008,USGS,01351500,1969-11-20,A,54.368345472
11009,USGS,01351500,1969-11-21,A,43.891112230000005
11010,USGS,01351500,1969-11-22,A,30.015857396
11011,USGS,01351500,1969-11-23,A,26.0231820254
11012,USGS,01351500,1969-11-24,A,42.758438366
11013,USGS,01351500,1969-11-25,A,35.679226716
11014,USGS,01351500,1969-11-26,A,28.3168466
11015,USGS,01351500,1969-11-27,A,25.7966472526
11016,USGS,01351500,1969-11-28,A,22.65347728
11017,USGS,01351500,1969-11-29,A,20.3598127054
11018,USGS,01351500,1969-11-30,A,18.689118756
11019,USGS,01351500,1969-12-01,A,17.273276426
11020,USGS,01351500,1969-12-02,A,15.291097164
11021,USGS,01351500,1969-12-03,A,14.2716906864
11022,USGS,01351500,1969-12-04,A,14.5265423058
11023,USGS,01351500,1969-12-05,A,14.413274919400001
11024,USGS,01351500,1969-12-06,A,15.772483556200001
11025,USGS,01351500,1969-12-07,A,15.4609982436
11026,USGS,01351500,1969-12-08,A,13.7053537544
11027,USGS,01351500,1969-12-09,A,12.2611945778
11028,USGS,01351500,1969-12-10,A,12.176244038
11029,USGS,01351500,1969-12-11,A,80.136675878
11030,USGS,01351500,1969-12-12,A,100.24163696400001
11031,USGS,01351500,1969-12-13,A,98.825794634
11032,USGS,01351500,1969-12-14,A,78.154496616
11033,USGS,01351500,1969-12-15,A,65.695084112
11034,USGS,01351500,1969-12-16,A,53.235671608000004
11035,USGS,01351500,1969-12-17,A,44.457449162
11036,USGS,01351500,1969-12-18,A,36.528732114
11037,USGS,01351500,1969-12-19,A,36.528732114
11038,USGS,01351500,1969-12-20,A,37.944574444000004
11039,USGS,01351500,1969-12-21,A,31.998036658
11040,USGS,01351500,1969-12-22,A,34.263384386
11041,USGS,01351500,1969-12-23,A,27.637242281600003
11042,USGS,01351500,1969-12-24,A,27.7221928214
11043,USGS,01351500,1969-12-25,A,26.90100427
11044,USGS,01351500,1969-12-26,A,24.918825008
11045,USGS,01351500,1969-12-27,A,24.918825008
11046,USGS,01351500,1969-12-28,A,27.184172736
11047,USGS,01351500,1969-12-29,A,27.184172736
11048,USGS,01351500,1969-12-30,A,27.184172736
11049,USGS,01351500,1969-12-31,A,27.184172736
11050,USGS,01351500,1970-01-01,A,27.184172736
11051,USGS,01351500,1970-01-02,A,24.918825008
11052,USGS,01351500,1970-01-03,A,23.786151144
11053,USGS,01351500,1970-01-04,A,23.219814212
11054,USGS,01351500,1970-01-05,A,24.352488076
11055,USGS,01351500,1970-01-06,A,26.051498872
11056,USGS,01351500,1970-01-07,A,25.48516194
11057,USGS,01351500,1970-01-08,A,23.786151144
11058,USGS,01351500,1970-01-09,A,21.520803416
11059,USGS,01351500,1970-01-10,A,20.954466484
11060,USGS,01351500,1970-01-11,A,22.65347728
11061,USGS,01351500,1970-01-12,A,21.520803416
11062,USGS,01351500,1970-01-13,A,22.087140348000002
11063,USGS,01351500,1970-01-14,A,23.786151144
11064,USGS,01351500,1970-01-15,A,24.352488076
11065,USGS,01351500,1970-01-16,A,22.65347728
11066,USGS,01351500,1970-01-17,A,20.954466484
11067,USGS,01351500,1970-01-18,A,18.122781824
11068,USGS,01351500,1970-01-19,A,19.255455688
11069,USGS,01351500,1970-01-20,A,19.82179262
11070,USGS,01351500,1970-01-21,A,18.689118756
11071,USGS,01351500,1970-01-22,A,17.556444892000002
11072,USGS,01351500,1970-01-23,A,16.99010796
11073,USGS,01351500,1970-01-24,A,16.99010796
11074,USGS,01351500,1970-01-25,A,16.423771028
11075,USGS,01351500,1970-01-26,A,16.423771028
11076,USGS,01351500,1970-01-27,A,16.423771028
11077,USGS,01351500,1970-01-28,A,15.857434096
11078,USGS,01351500,1970-01-29,A,15.857434096
11079,USGS,01351500,1970-01-30,A,18.689118756
11080,USGS,01351500,1970-01-31,A,25.48516194
11081,USGS,01351500,1970-02-01,A,36.81190058
11082,USGS,01351500,1970-02-02,A,50.97032388
11083,USGS,01351500,1970-02-03,A,70.7921165
11084,USGS,01351500,1970-02-04,A,65.12874718
11085,USGS,01351500,1970-02-05,A,56.6336932
11086,USGS,01351500,1970-02-06,A,48.13863922
11087,USGS,01351500,1970-02-07,A,42.4752699
11088,USGS,01351500,1970-02-08,A,36.81190058
11089,USGS,01351500,1970-02-09,A,33.98021592
11090,USGS,01351500,1970-02-10,A,31.148531260000002
11091,USGS,01351500,1970-02-11,A,53.80200854
11092,USGS,01351500,1970-02-12,A,59.465377860000004
11093,USGS,01351500,1970-02-13,A,50.97032388
11094,USGS,01351500,1970-02-14,A,33.98021592
11095,USGS,01351500,1970-02-15,A,28.3168466
11096,USGS,01351500,1970-02-16,A,25.48516194
11097,USGS,01351500,1970-02-17,A,26.051498872
11098,USGS,01351500,1970-02-18,A,27.750509668
11099,USGS,01351500,1970-02-19,A,27.184172736
11100,USGS,01351500,1970-02-20,A,20.388129552000002
11101,USGS,01351500,1970-02-21,A,19.82179262
11102,USGS,01351500,1970-02-22,A,20.388129552000002
11103,USGS,01351500,1970-02-23,A,20.954466484
11104,USGS,01351500,1970-02-24,A,19.255455688
11105,USGS,01351500,1970-02-25,A,14.724760232000001
11106,USGS,01351500,1970-02-26,A,12.176244038
11107,USGS,01351500,1970-02-27,A,11.609907106
11108,USGS,01351500,1970-02-28,A,11.32673864
11109,USGS,01351500,1970-03-01,A,11.32673864
11110,USGS,01351500,1970-03-02,A,11.043570174000001
11111,USGS,01351500,1970-03-03,A,11.32673864
11112,USGS,01351500,1970-03-04,A,11.893075572
11113,USGS,01351500,1970-03-05,A,12.176244038
11114,USGS,01351500,1970-03-06,A,16.1122857154
11115,USGS,01351500,1970-03-07,A,15.2061466242
11116,USGS,01351500,1970-03-08,A,16.6786226474
11117,USGS,01351500,1970-03-09,A,14.1584233
11118,USGS,01351500,1970-03-10,A,18.8873366822
11119,USGS,01351500,1970-03-11,A,14.583175999
11120,USGS,01351500,1970-03-12,A,11.32673864
11121,USGS,01351500,1970-03-13,A,11.6948576458
11122,USGS,01351500,1970-03-14,A,10.618817475
11123,USGS,01351500,1970-03-15,A,10.335649009
11124,USGS,01351500,1970-03-16,A,11.32673864
11125,USGS,01351500,1970-03-17,A,10.335649009
11126,USGS,01351500,1970-03-18,A,10.335649009
11127,USGS,01351500,1970-03-19,A,9.7976289236
11128,USGS,01351500,1970-03-20,A,16.282186795
11129,USGS,01351500,1970-03-21,A,20.812882251
11130,USGS,01351500,1970-03-22,A,29.732688930000002
11131,USGS,01351500,1970-03-23,A,49.55448155
11132,USGS,01351500,1970-03-24,A,42.758438366
11133,USGS,01351500,1970-03-25,A,56.350524734000004
11134,USGS,01351500,1970-03-26,A,77.021822752
11135,USGS,01351500,1970-03-27,A,228.516952062
11136,USGS,01351500,1970-03-28,A,134.788189816
11137,USGS,01351500,1970-03-29,A,118.081250322
11138,USGS,01351500,1970-03-30,A,67.394094908
11139,USGS,01351500,1970-03-31,A,55.784187802
11140,USGS,01351500,1970-04-01,A,47.855470754
11141,USGS,01351500,1970-04-02,A,158.857509426
11142,USGS,01351500,1970-04-03,A,421.92101434
11143,USGS,01351500,1970-04-04,A,210.39417023800002
11144,USGS,01351500,1970-04-05,A,145.265423058
11145,USGS,01351500,1970-04-06,A,118.647587254
11146,USGS,01351500,1970-04-07,A,120.91293498200001
11147,USGS,01351500,1970-04-08,A,155.7426563
11148,USGS,01351500,1970-04-09,A,258.249640992
11149,USGS,01351500,1970-04-10,A,291.66351998
11150,USGS,01351500,1970-04-11,A,167.635731872
11151,USGS,01351500,1970-04-12,A,124.59412504000001
11152,USGS,01351500,1970-04-13,A,118.93075572000001
11153,USGS,01351500,1970-04-14,A,128.84165203
11154,USGS,01351500,1970-04-15,A,139.885222204
11155,USGS,01351500,1970-04-16,A,145.83175999
11156,USGS,01351500,1970-04-17,A,148.09710771800002
11157,USGS,01351500,1970-04-18,A,193.404062278
11158,USGS,01351500,1970-04-19,A,153.760477038
11159,USGS,01351500,1970-04-20,A,119.780261118
11160,USGS,01351500,1970-04-21,A,116.382239526
11161,USGS,01351500,1970-04-22,A,109.869364808
11162,USGS,01351500,1970-04-23,A,95.144604576
11163,USGS,01351500,1970-04-24,A,99.392131566
11164,USGS,01351500,1970-04-25,A,138.75254834
11165,USGS,01351500,1970-04-26,A,111.568375604
11166,USGS,01351500,1970-04-27,A,92.02975145
11167,USGS,01351500,1970-04-28,A,80.136675878
11168,USGS,01351500,1970-04-29,A,69.37627417
11169,USGS,01351500,1970-04-30,A,59.465377860000004
11170,USGS,01351500,1970-05-01,A,50.97032388
11171,USGS,01351500,1970-05-02,A,43.607943764
11172,USGS,01351500,1970-05-03,A,48.704976152
11173,USGS,01351500,1970-05-04,A,57.766367064
11174,USGS,01351500,1970-05-05,A,44.740617628
11175,USGS,01351500,1970-05-06,A,39.64358524
11176,USGS,01351500,1970-05-07,A,36.245563648
11177,USGS,01351500,1970-05-08,A,31.148531260000002
11178,USGS,01351500,1970-05-09,A,34.263384386
11179,USGS,01351500,1970-05-10,A,33.413878988
11180,USGS,01351500,1970-05-11,A,30.299025862
11181,USGS,01351500,1970-05-12,A,30.015857396
11182,USGS,01351500,1970-05-13,A,26.4479347244
11183,USGS,01351500,1970-05-14,A,24.352488076
11184,USGS,01351500,1970-05-15,A,21.7190213422
11185,USGS,01351500,1970-05-16,A,17.4431775056
11186,USGS,01351500,1970-05-17,A,37.095069046
11187,USGS,01351500,1970-05-18,A,60.314883258
11188,USGS,01351500,1970-05-19,A,42.4752699
11189,USGS,01351500,1970-05-20,A,33.697047454
11190,USGS,01351500,1970-05-21,A,24.494072309
11191,USGS,01351500,1970-05-22,A,17.2166427328
11192,USGS,01351500,1970-05-23,A,15.5176319368
11193,USGS,01351500,1970-05-24,A,14.469908612600001
11194,USGS,01351500,1970-05-25,A,14.7530770786
11195,USGS,01351500,1970-05-26,A,26.6744694972
11196,USGS,01351500,1970-05-27,A,33.98021592
11197,USGS,01351500,1970-05-28,A,22.4552593538
11198,USGS,01351500,1970-05-29,A,16.5936721076
11199,USGS,01351500,1970-05-30,A,13.507135828200001
11200,USGS,01351500,1970-05-31,A,11.5249565662
11201,USGS,01351500,1970-06-01,A,9.9958468498
11202,USGS,01351500,1970-06-02,A,8.778222446000001
11203,USGS,01351500,1970-06-03,A,7.7871328150000005
11204,USGS,01351500,1970-06-04,A,8.325152900400001
11205,USGS,01351500,1970-06-05,A,7.503964349
11206,USGS,01351500,1970-06-06,A,6.6827757976
11207,USGS,01351500,1970-06-07,A,6.088122019
11208,USGS,01351500,1970-06-08,A,5.4368345472
11209,USGS,01351500,1970-06-09,A,4.9271313084
11210,USGS,01351500,1970-06-10,A,4.2758438366
11211,USGS,01351500,1970-06-11,A,3.8510911376
11212,USGS,01351500,1970-06-12,A,3.539605825
11213,USGS,01351500,1970-06-13,A,4.0493090638
11214,USGS,01351500,1970-06-14,A,3.4546552852000003
11215,USGS,01351500,1970-06-15,A,2.973268893
11216,USGS,01351500,1970-06-16,A,2.690100427
11217,USGS,01351500,1970-06-17,A,2.6617835804
11218,USGS,01351500,1970-06-18,A,2.8883183532
11219,USGS,01351500,1970-06-19,A,2.8883183532
11220,USGS,01351500,1970-06-20,A,2.7184172736
11221,USGS,01351500,1970-06-21,A,2.4635656542
11222,USGS,01351500,1970-06-22,A,2.4352488076
11223,USGS,01351500,1970-06-23,A,2.4352488076
11224,USGS,01351500,1970-06-24,A,2.4352488076
11225,USGS,01351500,1970-06-25,A,2.2370308814
11226,USGS,01351500,1970-06-26,A,1.982179262
11227,USGS,01351500,1970-06-27,A,1.982179262
11228,USGS,01351500,1970-06-28,A,1.9538624154000002
11229,USGS,01351500,1970-06-29,A,1.8689118756
11230,USGS,01351500,1970-06-30,A,1.8689118756
11231,USGS,01351500,1970-07-01,A,1.7839613358
11232,USGS,01351500,1970-07-02,A,1.699010796
11233,USGS,01351500,1970-07-03,A,1.6140602562000002
11234,USGS,01351500,1970-07-04,A,2.0954466484000003
11235,USGS,01351500,1970-07-05,A,3.6528732114
11236,USGS,01351500,1970-07-06,A,4.3324775298
11237,USGS,01351500,1970-07-07,A,2.9166351998
11238,USGS,01351500,1970-07-08,A,2.265347728
11239,USGS,01351500,1970-07-09,A,1.7839613358
11240,USGS,01351500,1970-07-10,A,1.5291097164
11241,USGS,01351500,1970-07-11,A,1.6706939494
11242,USGS,01351500,1970-07-12,A,1.982179262
11243,USGS,01351500,1970-07-13,A,2.4635656542
11244,USGS,01351500,1970-07-14,A,1.982179262
11245,USGS,01351500,1970-07-15,A,1.7273276426000002
11246,USGS,01351500,1970-07-16,A,1.6706939494
11247,USGS,01351500,1970-07-17,A,1.6706939494
11248,USGS,01351500,1970-07-18,A,1.5857434096
11249,USGS,01351500,1970-07-19,A,1.5857434096
11250,USGS,01351500,1970-07-20,A,1.5291097164
11251,USGS,01351500,1970-07-21,A,1.3875254834000001
11252,USGS,01351500,1970-07-22,A,1.2742580970000001
11253,USGS,01351500,1970-07-23,A,1.1893075572
11254,USGS,01351500,1970-07-24,A,1.1043570174
11255,USGS,01351500,1970-07-25,A,1.0194064776
11256,USGS,01351500,1970-07-26,A,0.8778222446
11257,USGS,01351500,1970-07-27,A,0.8778222446
11258,USGS,01351500,1970-07-28,A,0.9627727844
11259,USGS,01351500,1970-07-29,A,0.8778222446
11260,USGS,01351500,1970-07-30,A,1.0194064776
11261,USGS,01351500,1970-07-31,A,1.0477233242000001
11262,USGS,01351500,1970-08-01,A,1.0194064776
11263,USGS,01351500,1970-08-02,A,0.9627727844
11264,USGS,01351500,1970-08-03,A,1.0194064776
11265,USGS,01351500,1970-08-04,A,1.0477233242000001
11266,USGS,01351500,1970-08-05,A,0.9344559378
11267,USGS,01351500,1970-08-06,A,0.8211885514
11268,USGS,01351500,1970-08-07,A,0.707921165
11269,USGS,01351500,1970-08-08,A,0.6512874718
11270,USGS,01351500,1970-08-09,A,0.6512874718
11271,USGS,01351500,1970-08-10,A,0.5946537786
11272,USGS,01351500,1970-08-11,A,0.5380200854
11273,USGS,01351500,1970-08-12,A,0.5097032388
11274,USGS,01351500,1970-08-13,A,0.4530695456
11275,USGS,01351500,1970-08-14,A,0.424752699
11276,USGS,01351500,1970-08-15,A,0.3681190058
11277,USGS,01351500,1970-08-16,A,0.3398021592
11278,USGS,01351500,1970-08-17,A,0.3398021592
11279,USGS,01351500,1970-08-18,A,0.3114853126
11280,USGS,01351500,1970-08-19,A,0.3114853126
11281,USGS,01351500,1970-08-20,A,0.28033678134
11282,USGS,01351500,1970-08-21,A,0.28033678134
11283,USGS,01351500,1970-08-22,A,0.26334667338
11284,USGS,01351500,1970-08-23,A,0.3964358524
11285,USGS,01351500,1970-08-24,A,0.3964358524
11286,USGS,01351500,1970-08-25,A,0.424752699
11287,USGS,01351500,1970-08-26,A,0.4530695456
11288,USGS,01351500,1970-08-27,A,0.566336932
11289,USGS,01351500,1970-08-28,A,0.5946537786
11290,USGS,01351500,1970-08-29,A,0.566336932
11291,USGS,01351500,1970-08-30,A,0.5380200854
11292,USGS,01351500,1970-08-31,A,0.5097032388
11293,USGS,01351500,1970-09-01,A,0.424752699
11294,USGS,01351500,1970-09-02,A,0.3964358524
11295,USGS,01351500,1970-09-03,A,0.3964358524
11296,USGS,01351500,1970-09-04,A,0.3964358524
11297,USGS,01351500,1970-09-05,A,0.424752699
11298,USGS,01351500,1970-09-06,A,0.424752699
11299,USGS,01351500,1970-09-07,A,0.3964358524
11300,USGS,01351500,1970-09-08,A,0.3681190058
11301,USGS,01351500,1970-09-09,A,0.3398021592
11302,USGS,01351500,1970-09-10,A,0.3398021592
11303,USGS,01351500,1970-09-11,A,0.3398021592
11304,USGS,01351500,1970-09-12,A,0.3398021592
11305,USGS,01351500,1970-09-13,A,0.3398021592
11306,USGS,01351500,1970-09-14,A,0.3681190058
11307,USGS,01351500,1970-09-15,A,0.5097032388
11308,USGS,01351500,1970-09-16,A,0.6512874718
11309,USGS,01351500,1970-09-17,A,0.849505398
11310,USGS,01351500,1970-09-18,A,1.3308917902
11311,USGS,01351500,1970-09-19,A,1.4724760232
11312,USGS,01351500,1970-09-20,A,1.3308917902
11313,USGS,01351500,1970-09-21,A,1.5291097164
11314,USGS,01351500,1970-09-22,A,1.3875254834000001
11315,USGS,01351500,1970-09-23,A,1.132673864
11316,USGS,01351500,1970-09-24,A,0.9344559378
11317,USGS,01351500,1970-09-25,A,0.849505398
11318,USGS,01351500,1970-09-26,A,0.7928717048
11319,USGS,01351500,1970-09-27,A,0.849505398
11320,USGS,01351500,1970-09-28,A,0.9627727844
11321,USGS,01351500,1970-09-29,A,1.5857434096
11322,USGS,01351500,1970-09-30,A,2.0671298018
11323,USGS,01351500,1970-10-01,A,1.7273276426000002
11324,USGS,01351500,1970-10-02,A,1.3875254834000001
11325,USGS,01351500,1970-10-03,A,1.3308917902
11326,USGS,01351500,1970-10-04,A,1.2176244038
11327,USGS,01351500,1970-10-05,A,1.3308917902
11328,USGS,01351500,1970-10-06,A,1.5291097164
11329,USGS,01351500,1970-10-07,A,1.4724760232
11330,USGS,01351500,1970-10-08,A,1.3308917902
11331,USGS,01351500,1970-10-09,A,1.1893075572
11332,USGS,01351500,1970-10-10,A,1.132673864
11333,USGS,01351500,1970-10-11,A,1.0477233242000001
11334,USGS,01351500,1970-10-12,A,0.9627727844
11335,USGS,01351500,1970-10-13,A,1.0194064776
11336,USGS,01351500,1970-10-14,A,1.0194064776
11337,USGS,01351500,1970-10-15,A,1.1043570174
11338,USGS,01351500,1970-10-16,A,1.0194064776
11339,USGS,01351500,1970-10-17,A,1.2742580970000001
11340,USGS,01351500,1970-10-18,A,1.7839613358
11341,USGS,01351500,1970-10-19,A,1.5291097164
11342,USGS,01351500,1970-10-20,A,1.2742580970000001
11343,USGS,01351500,1970-10-21,A,1.2742580970000001
11344,USGS,01351500,1970-10-22,A,1.4724760232
11345,USGS,01351500,1970-10-23,A,1.982179262
11346,USGS,01351500,1970-10-24,A,14.583175999
11347,USGS,01351500,1970-10-25,A,8.9764403722
11348,USGS,01351500,1970-10-26,A,6.3996073316
11349,USGS,01351500,1970-10-27,A,5.1253492346
11350,USGS,01351500,1970-10-28,A,4.643962842400001
11351,USGS,01351500,1970-10-29,A,4.1625764502000004
11352,USGS,01351500,1970-10-30,A,3.7944574444
11353,USGS,01351500,1970-10-31,A,3.539605825
11354,USGS,01351500,1970-11-01,A,3.2847542056
11355,USGS,01351500,1970-11-02,A,3.0299025862
11356,USGS,01351500,1970-11-03,A,2.7184172736
11357,USGS,01351500,1970-11-04,A,2.6334667338
11358,USGS,01351500,1970-11-05,A,2.5485161940000003
11359,USGS,01351500,1970-11-06,A,2.4635656542
11360,USGS,01351500,1970-11-07,A,2.3502982678
11361,USGS,01351500,1970-11-08,A,2.265347728
11362,USGS,01351500,1970-11-09,A,2.1803971882
11363,USGS,01351500,1970-11-10,A,2.0671298018
11364,USGS,01351500,1970-11-11,A,2.0671298018
11365,USGS,01351500,1970-11-12,A,2.0671298018
11366,USGS,01351500,1970-11-13,A,2.1803971882
11367,USGS,01351500,1970-11-14,A,2.3502982678
11368,USGS,01351500,1970-11-15,A,2.83168466
11369,USGS,01351500,1970-11-16,A,4.813863922
11370,USGS,01351500,1970-11-17,A,7.8720833548
11371,USGS,01351500,1970-11-18,A,6.2013894054000005
11372,USGS,01351500,1970-11-19,A,5.2952503142000005
11373,USGS,01351500,1970-11-20,A,5.2952503142000005
11374,USGS,01351500,1970-11-21,A,6.6261421044
11375,USGS,01351500,1970-11-22,A,9.5144604576
11376,USGS,01351500,1970-11-23,A,8.1552518208
11377,USGS,01351500,1970-11-24,A,7.2491127296
11378,USGS,01351500,1970-11-25,A,6.3996073316
11379,USGS,01351500,1970-11-26,A,5.7766367064
11380,USGS,01351500,1970-11-27,A,5.4651513938
11381,USGS,01351500,1970-11-28,A,5.7766367064
11382,USGS,01351500,1970-11-29,A,5.66336932
11383,USGS,01351500,1970-11-30,A,5.946537786
11384,USGS,01351500,1970-12-01,A,5.946537786
11385,USGS,01351500,1970-12-02,A,5.946537786
11386,USGS,01351500,1970-12-03,A,5.8332703996
11387,USGS,01351500,1970-12-04,A,7.220795883
11388,USGS,01351500,1970-12-05,A,11.4116891798
11389,USGS,01351500,1970-12-06,A,9.486143611000001
11390,USGS,01351500,1970-12-07,A,9.1180246052
11391,USGS,01351500,1970-12-08,A,9.9958468498
11392,USGS,01351500,1970-12-09,A,9.1180246052
11393,USGS,01351500,1970-12-10,A,10.0241636964
11394,USGS,01351500,1970-12-11,A,10.5621837818
11395,USGS,01351500,1970-12-12,A,8.9764403722
11396,USGS,01351500,1970-12-13,A,9.1463414518
11397,USGS,01351500,1970-12-14,A,11.4400060264
11398,USGS,01351500,1970-12-15,A,10.477233242
11399,USGS,01351500,1970-12-16,A,7.9853507412
11400,USGS,01351500,1970-12-17,A,9.061390912
11401,USGS,01351500,1970-12-18,A,10.477233242
11402,USGS,01351500,1970-12-19,A,11.32673864
11403,USGS,01351500,1970-12-20,A,11.893075572
11404,USGS,01351500,1970-12-21,A,11.043570174000001
11405,USGS,01351500,1970-12-22,A,10.760401708
11406,USGS,01351500,1970-12-23,A,10.477233242
11407,USGS,01351500,1970-12-24,A,11.609907106
11408,USGS,01351500,1970-12-25,A,11.609907106
11409,USGS,01351500,1970-12-26,A,11.043570174000001
11410,USGS,01351500,1970-12-27,A,10.477233242
11411,USGS,01351500,1970-12-28,A,9.91089631
11412,USGS,01351500,1970-12-29,A,9.061390912
11413,USGS,01351500,1970-12-30,A,8.778222446000001
11414,USGS,01351500,1970-12-31,A,8.49505398
11415,USGS,01351500,1971-01-01,A,8.211885514
11416,USGS,01351500,1971-01-02,A,7.928717048
11417,USGS,01351500,1971-01-03,A,7.928717048
11418,USGS,01351500,1971-01-04,A,8.778222446000001
11419,USGS,01351500,1971-01-05,A,9.91089631
11420,USGS,01351500,1971-01-06,A,9.627727844
11421,USGS,01351500,1971-01-07,A,9.344559378
11422,USGS,01351500,1971-01-08,A,8.778222446000001
11423,USGS,01351500,1971-01-09,A,8.211885514
11424,USGS,01351500,1971-01-10,A,7.645548582
11425,USGS,01351500,1971-01-11,A,7.362380116000001
11426,USGS,01351500,1971-01-12,A,7.07921165
11427,USGS,01351500,1971-01-13,A,7.07921165
11428,USGS,01351500,1971-01-14,A,7.07921165
11429,USGS,01351500,1971-01-15,A,6.796043184
11430,USGS,01351500,1971-01-16,A,6.512874718
11431,USGS,01351500,1971-01-17,A,6.512874718
11432,USGS,01351500,1971-01-18,A,6.229706252
11433,USGS,01351500,1971-01-19,A,6.229706252
11434,USGS,01351500,1971-01-20,A,5.946537786
11435,USGS,01351500,1971-01-21,A,5.946537786
11436,USGS,01351500,1971-01-22,A,5.946537786
11437,USGS,01351500,1971-01-23,A,6.229706252
11438,USGS,01351500,1971-01-24,A,6.512874718
11439,USGS,01351500,1971-01-25,A,6.796043184
11440,USGS,01351500,1971-01-26,A,7.07921165
11441,USGS,01351500,1971-01-27,A,7.362380116000001
11442,USGS,01351500,1971-01-28,A,7.362380116000001
11443,USGS,01351500,1971-01-29,A,7.07921165
11444,USGS,01351500,1971-01-30,A,6.512874718
11445,USGS,01351500,1971-01-31,A,6.229706252
11446,USGS,01351500,1971-02-01,A,6.229706252
11447,USGS,01351500,1971-02-02,A,5.946537786
11448,USGS,01351500,1971-02-03,A,5.66336932
11449,USGS,01351500,1971-02-04,A,5.66336932
11450,USGS,01351500,1971-02-05,A,6.229706252
11451,USGS,01351500,1971-02-06,A,6.512874718
11452,USGS,01351500,1971-02-07,A,7.07921165
11453,USGS,01351500,1971-02-08,A,7.645548582
11454,USGS,01351500,1971-02-09,A,8.211885514
11455,USGS,01351500,1971-02-10,A,9.061390912
11456,USGS,01351500,1971-02-11,A,9.344559378
11457,USGS,01351500,1971-02-12,A,10.194064776000001
11458,USGS,01351500,1971-02-13,A,11.32673864
11459,USGS,01351500,1971-02-14,A,14.1584233
11460,USGS,01351500,1971-02-15,A,19.82179262
11461,USGS,01351500,1971-02-16,A,25.48516194
11462,USGS,01351500,1971-02-17,A,27.184172736
11463,USGS,01351500,1971-02-18,A,27.184172736
11464,USGS,01351500,1971-02-19,A,26.051498872
11465,USGS,01351500,1971-02-20,A,25.48516194
11466,USGS,01351500,1971-02-21,A,31.148531260000002
11467,USGS,01351500,1971-02-22,A,39.64358524
11468,USGS,01351500,1971-02-23,A,33.98021592
11469,USGS,01351500,1971-02-24,A,31.148531260000002
11470,USGS,01351500,1971-02-25,A,28.3168466
11471,USGS,01351500,1971-02-26,A,42.4752699
11472,USGS,01351500,1971-02-27,A,84.9505398
11473,USGS,01351500,1971-02-28,A,113.2673864
11474,USGS,01351500,1971-03-01,A,103.073321624
11475,USGS,01351500,1971-03-02,A,80.986181276
11476,USGS,01351500,1971-03-03,A,61.447557122
11477,USGS,01351500,1971-03-04,A,42.192101434
11478,USGS,01351500,1971-03-05,A,33.130710522
11479,USGS,01351500,1971-03-06,A,39.926753706
11480,USGS,01351500,1971-03-07,A,42.4752699
11481,USGS,01351500,1971-03-08,A,38.510911376
11482,USGS,01351500,1971-03-09,A,31.998036658
11483,USGS,01351500,1971-03-10,A,27.467341202
11484,USGS,01351500,1971-03-11,A,26.6744694972
11485,USGS,01351500,1971-03-12,A,23.6162500644
11486,USGS,01351500,1971-03-13,A,24.0976364566
11487,USGS,01351500,1971-03-14,A,23.2764479052
11488,USGS,01351500,1971-03-15,A,63.996073316
11489,USGS,01351500,1971-03-16,A,288.83183532
11490,USGS,01351500,1971-03-17,A,176.130785852
11491,USGS,01351500,1971-03-18,A,104.205995488
11492,USGS,01351500,1971-03-19,A,77.021822752
11493,USGS,01351500,1971-03-20,A,61.447557122
11494,USGS,01351500,1971-03-21,A,50.687155414
11495,USGS,01351500,1971-03-22,A,41.342596036
11496,USGS,01351500,1971-03-23,A,37.661405978
11497,USGS,01351500,1971-03-24,A,32.56437359
11498,USGS,01351500,1971-03-25,A,28.2318960602
11499,USGS,01351500,1971-03-26,A,24.1259533032
11500,USGS,01351500,1971-03-27,A,23.644566911000002
11501,USGS,01351500,1971-03-28,A,24.012685916800002
11502,USGS,01351500,1971-03-29,A,25.5417956332
11503,USGS,01351500,1971-03-30,A,28.0903118272
11504,USGS,01351500,1971-03-31,A,29.449520464000003
11505,USGS,01351500,1971-04-01,A,33.413878988
11506,USGS,01351500,1971-04-02,A,63.996073316
11507,USGS,01351500,1971-04-03,A,117.231744924
11508,USGS,01351500,1971-04-04,A,120.629766516
11509,USGS,01351500,1971-04-05,A,101.657479294
11510,USGS,01351500,1971-04-06,A,84.9505398
11511,USGS,01351500,1971-04-07,A,78.154496616
11512,USGS,01351500,1971-04-08,A,79.853507412
11513,USGS,01351500,1971-04-09,A,68.526768772
11514,USGS,01351500,1971-04-10,A,137.33670601
11515,USGS,01351500,1971-04-11,A,113.833723332
11516,USGS,01351500,1971-04-12,A,117.231744924
11517,USGS,01351500,1971-04-13,A,147.530770786
11518,USGS,01351500,1971-04-14,A,264.76251571
11519,USGS,01351500,1971-04-15,A,184.0595029
11520,USGS,01351500,1971-04-16,A,134.50502135
11521,USGS,01351500,1971-04-17,A,107.037680148
11522,USGS,01351500,1971-04-18,A,94.295099178
11523,USGS,01351500,1971-04-19,A,98.542626168
11524,USGS,01351500,1971-04-20,A,115.81590259400001
11525,USGS,01351500,1971-04-21,A,123.17828271
11526,USGS,01351500,1971-04-22,A,118.081250322
11527,USGS,01351500,1971-04-23,A,99.392131566
11528,USGS,01351500,1971-04-24,A,80.986181276
11529,USGS,01351500,1971-04-25,A,73.340632694
11530,USGS,01351500,1971-04-26,A,67.96043184
11531,USGS,01351500,1971-04-27,A,63.71290485
11532,USGS,01351500,1971-04-28,A,56.916861666
11533,USGS,01351500,1971-04-29,A,78.720833548
11534,USGS,01351500,1971-04-30,A,86.083213664
11535,USGS,01351500,1971-05-01,A,71.924790364
11536,USGS,01351500,1971-05-02,A,62.863399452
11537,USGS,01351500,1971-05-03,A,75.03964349
11538,USGS,01351500,1971-05-04,A,148.09710771800002
11539,USGS,01351500,1971-05-05,A,116.948576458
11540,USGS,01351500,1971-05-06,A,82.11885514000001
11541,USGS,01351500,1971-05-07,A,70.22577956800001
11542,USGS,01351500,1971-05-08,A,62.863399452
11543,USGS,01351500,1971-05-09,A,92.312919916
11544,USGS,01351500,1971-05-10,A,104.489163954
11545,USGS,01351500,1971-05-11,A,81.269349742
11546,USGS,01351500,1971-05-12,A,68.526768772
11547,USGS,01351500,1971-05-13,A,87.499055994
11548,USGS,01351500,1971-05-14,A,172.449595794
11549,USGS,01351500,1971-05-15,A,106.754511682
11550,USGS,01351500,1971-05-16,A,81.269349742
11551,USGS,01351500,1971-05-17,A,69.37627417
11552,USGS,01351500,1971-05-18,A,58.04953553
11553,USGS,01351500,1971-05-19,A,50.120818482000004
11554,USGS,01351500,1971-05-20,A,43.324775298
11555,USGS,01351500,1971-05-21,A,39.077248308
11556,USGS,01351500,1971-05-22,A,45.873291492
11557,USGS,01351500,1971-05-23,A,39.077248308
11558,USGS,01351500,1971-05-24,A,31.431699726
11559,USGS,01351500,1971-05-25,A,28.3168466
11560,USGS,01351500,1971-05-26,A,36.81190058
11561,USGS,01351500,1971-05-27,A,29.732688930000002
11562,USGS,01351500,1971-05-28,A,25.5984293264
11563,USGS,01351500,1971-05-29,A,22.370308814
11564,USGS,01351500,1971-05-30,A,19.4536736142
11565,USGS,01351500,1971-05-31,A,17.839613358
11566,USGS,01351500,1971-06-01,A,16.0273351756
11567,USGS,01351500,1971-06-02,A,14.016839067000001
11568,USGS,01351500,1971-06-03,A,11.8081250322
11569,USGS,01351500,1971-06-04,A,7.6738654286
11570,USGS,01351500,1971-06-05,A,6.2013894054000005
11571,USGS,01351500,1971-06-06,A,5.2952503142000005
11572,USGS,01351500,1971-06-07,A,4.813863922
11573,USGS,01351500,1971-06-08,A,4.4740617628
11574,USGS,01351500,1971-06-09,A,5.1253492346
11575,USGS,01351500,1971-06-10,A,4.643962842400001
11576,USGS,01351500,1971-06-11,A,3.9077248308000003
11577,USGS,01351500,1971-06-12,A,3.6528732114
11578,USGS,01351500,1971-06-13,A,3.539605825
11579,USGS,01351500,1971-06-14,A,4.0493090638
11580,USGS,01351500,1971-06-15,A,4.0493090638
11581,USGS,01351500,1971-06-16,A,3.539605825
11582,USGS,01351500,1971-06-17,A,3.2847542056
11583,USGS,01351500,1971-06-18,A,2.9166351998
11584,USGS,01351500,1971-06-19,A,2.6334667338
11585,USGS,01351500,1971-06-20,A,2.4635656542
11586,USGS,01351500,1971-06-21,A,2.3502982678
11587,USGS,01351500,1971-06-22,A,2.265347728
11588,USGS,01351500,1971-06-23,A,2.265347728
11589,USGS,01351500,1971-06-24,A,2.0671298018
11590,USGS,01351500,1971-06-25,A,1.9255455688
11591,USGS,01351500,1971-06-26,A,1.9255455688
11592,USGS,01351500,1971-06-27,A,1.9255455688
11593,USGS,01351500,1971-06-28,A,1.7839613358
11594,USGS,01351500,1971-06-29,A,1.5857434096
11595,USGS,01351500,1971-06-30,A,1.5291097164
11596,USGS,01351500,1971-07-01,A,1.4724760232
11597,USGS,01351500,1971-07-02,A,1.4724760232
11598,USGS,01351500,1971-07-03,A,2.4635656542
11599,USGS,01351500,1971-07-04,A,2.3502982678
11600,USGS,01351500,1971-07-05,A,1.7839613358
11601,USGS,01351500,1971-07-06,A,1.4724760232
11602,USGS,01351500,1971-07-07,A,1.2742580970000001
11603,USGS,01351500,1971-07-08,A,1.1043570174
11604,USGS,01351500,1971-07-09,A,1.0194064776
11605,USGS,01351500,1971-07-10,A,0.9344559378
11606,USGS,01351500,1971-07-11,A,0.8211885514
11607,USGS,01351500,1971-07-12,A,0.707921165
11608,USGS,01351500,1971-07-13,A,0.6796043184
11609,USGS,01351500,1971-07-14,A,0.8211885514
11610,USGS,01351500,1971-07-15,A,0.7928717048
11611,USGS,01351500,1971-07-16,A,0.7928717048
11612,USGS,01351500,1971-07-17,A,0.8778222446
11613,USGS,01351500,1971-07-18,A,0.9344559378
11614,USGS,01351500,1971-07-19,A,0.9344559378
11615,USGS,01351500,1971-07-20,A,0.9344559378
11616,USGS,01351500,1971-07-21,A,0.8778222446
11617,USGS,01351500,1971-07-22,A,0.9627727844
11618,USGS,01351500,1971-07-23,A,0.991089631
11619,USGS,01351500,1971-07-24,A,0.8778222446
11620,USGS,01351500,1971-07-25,A,0.8211885514
11621,USGS,01351500,1971-07-26,A,0.707921165
11622,USGS,01351500,1971-07-27,A,0.6796043184
11623,USGS,01351500,1971-07-28,A,0.566336932
11624,USGS,01351500,1971-07-29,A,0.5946537786
11625,USGS,01351500,1971-07-30,A,0.6796043184
11626,USGS,01351500,1971-07-31,A,1.0194064776
11627,USGS,01351500,1971-08-01,A,1.8689118756
11628,USGS,01351500,1971-08-02,A,2.7467341202
11629,USGS,01351500,1971-08-03,A,2.406931961
11630,USGS,01351500,1971-08-04,A,2.690100427
11631,USGS,01351500,1971-08-05,A,4.2192101434
11632,USGS,01351500,1971-08-06,A,2.8883183532
11633,USGS,01351500,1971-08-07,A,2.0954466484000003
11634,USGS,01351500,1971-08-08,A,1.6140602562000002
11635,USGS,01351500,1971-08-09,A,1.3025749436
11636,USGS,01351500,1971-08-10,A,1.1043570174
11637,USGS,01351500,1971-08-11,A,1.1043570174
11638,USGS,01351500,1971-08-12,A,1.0194064776
11639,USGS,01351500,1971-08-13,A,0.8778222446
11640,USGS,01351500,1971-08-14,A,0.7362380116
11641,USGS,01351500,1971-08-15,A,0.6512874718
11642,USGS,01351500,1971-08-16,A,0.5946537786
11643,USGS,01351500,1971-08-17,A,0.566336932
11644,USGS,01351500,1971-08-18,A,0.5380200854
11645,USGS,01351500,1971-08-19,A,0.4813863922
11646,USGS,01351500,1971-08-20,A,0.4530695456
11647,USGS,01351500,1971-08-21,A,0.4530695456
11648,USGS,01351500,1971-08-22,A,0.424752699
11649,USGS,01351500,1971-08-23,A,0.3964358524
11650,USGS,01351500,1971-08-24,A,0.3964358524
11651,USGS,01351500,1971-08-25,A,0.3964358524
11652,USGS,01351500,1971-08-26,A,0.3681190058
11653,USGS,01351500,1971-08-27,A,0.5380200854
11654,USGS,01351500,1971-08-28,A,3.256437359
11655,USGS,01351500,1971-08-29,A,17.7546628182
11656,USGS,01351500,1971-08-30,A,8.49505398
11657,USGS,01351500,1971-08-31,A,5.097032388000001
11658,USGS,01351500,1971-09-01,A,2.83168466
11659,USGS,01351500,1971-09-02,A,2.265347728
11660,USGS,01351500,1971-09-03,A,1.982179262
11661,USGS,01351500,1971-09-04,A,1.7839613358
11662,USGS,01351500,1971-09-05,A,1.557426563
11663,USGS,01351500,1971-09-06,A,1.5007928698000002
11664,USGS,01351500,1971-09-07,A,1.6706939494
11665,USGS,01351500,1971-09-08,A,1.699010796
11666,USGS,01351500,1971-09-09,A,1.5857434096
11667,USGS,01351500,1971-09-10,A,1.132673864
11668,USGS,01351500,1971-09-11,A,0.849505398
11669,USGS,01351500,1971-09-12,A,1.41584233
11670,USGS,01351500,1971-09-13,A,3.114853126
11671,USGS,01351500,1971-09-14,A,8.49505398
11672,USGS,01351500,1971-09-15,A,14.1584233
11673,USGS,01351500,1971-09-16,A,11.32673864
11674,USGS,01351500,1971-09-17,A,8.49505398
11675,USGS,01351500,1971-09-18,A,11.32673864
11676,USGS,01351500,1971-09-19,A,8.49505398
11677,USGS,01351500,1971-09-20,A,7.07921165
11678,USGS,01351500,1971-09-21,A,9.061390912
11679,USGS,01351500,1971-09-22,A,6.796043184
11680,USGS,01351500,1971-09-23,A,5.66336932
11681,USGS,01351500,1971-09-24,A,4.1342596036
11682,USGS,01351500,1971-09-25,A,3.5962395182
11683,USGS,01351500,1971-09-26,A,3.1431699726
11684,USGS,01351500,1971-09-27,A,2.7750509668000003
11685,USGS,01351500,1971-09-28,A,2.5485161940000003
11686,USGS,01351500,1971-09-29,A,2.406931961
11687,USGS,01351500,1971-09-30,A,2.2087140348
11688,USGS,01351500,1971-10-01,A,2.1520803416
11689,USGS,01351500,1971-10-02,A,2.0388129552
11690,USGS,01351500,1971-10-03,A,1.8972287222
11691,USGS,01351500,1971-10-04,A,1.8122781824
11692,USGS,01351500,1971-10-05,A,1.7556444892
11693,USGS,01351500,1971-10-06,A,1.6706939494
11694,USGS,01351500,1971-10-07,A,1.5291097164
11695,USGS,01351500,1971-10-08,A,1.3875254834000001
11696,USGS,01351500,1971-10-09,A,1.3875254834000001
11697,USGS,01351500,1971-10-10,A,1.7556444892
11698,USGS,01351500,1971-10-11,A,4.2758438366
11699,USGS,01351500,1971-10-12,A,6.8526768772
11700,USGS,01351500,1971-10-13,A,4.7572302288
11701,USGS,01351500,1971-10-14,A,3.7944574444
11702,USGS,01351500,1971-10-15,A,3.2281205124000003
11703,USGS,01351500,1971-10-16,A,2.83168466
11704,USGS,01351500,1971-10-17,A,2.6051498872
11705,USGS,01351500,1971-10-18,A,2.406931961
11706,USGS,01351500,1971-10-19,A,2.0671298018
11707,USGS,01351500,1971-10-20,A,1.982179262
11708,USGS,01351500,1971-10-21,A,1.9255455688
11709,USGS,01351500,1971-10-22,A,1.8405950290000002
11710,USGS,01351500,1971-10-23,A,1.7839613358
11711,USGS,01351500,1971-10-24,A,1.8405950290000002
11712,USGS,01351500,1971-10-25,A,1.9538624154000002
11713,USGS,01351500,1971-10-26,A,2.4918825008
11714,USGS,01351500,1971-10-27,A,3.1714868192
11715,USGS,01351500,1971-10-28,A,2.9166351998
11716,USGS,01351500,1971-10-29,A,2.83168466
11717,USGS,01351500,1971-10-30,A,2.4635656542
11718,USGS,01351500,1971-10-31,A,2.265347728
11719,USGS,01351500,1971-11-01,A,2.0671298018
11720,USGS,01351500,1971-11-02,A,2.0671298018
11721,USGS,01351500,1971-11-03,A,2.3502982678
11722,USGS,01351500,1971-11-04,A,2.83168466
11723,USGS,01351500,1971-11-05,A,3.0299025862
11724,USGS,01351500,1971-11-06,A,2.6334667338
11725,USGS,01351500,1971-11-07,A,2.6334667338
11726,USGS,01351500,1971-11-08,A,2.83168466
11727,USGS,01351500,1971-11-09,A,3.2847542056
11728,USGS,01351500,1971-11-10,A,3.0299025862
11729,USGS,01351500,1971-11-11,A,2.83168466
11730,USGS,01351500,1971-11-12,A,2.83168466
11731,USGS,01351500,1971-11-13,A,2.83168466
11732,USGS,01351500,1971-11-14,A,2.83168466
11733,USGS,01351500,1971-11-15,A,2.6334667338
11734,USGS,01351500,1971-11-16,A,2.6334667338
11735,USGS,01351500,1971-11-17,A,2.5485161940000003
11736,USGS,01351500,1971-11-18,A,2.5485161940000003
11737,USGS,01351500,1971-11-19,A,2.5485161940000003
11738,USGS,01351500,1971-11-20,A,2.6334667338
11739,USGS,01351500,1971-11-21,A,2.6334667338
11740,USGS,01351500,1971-11-22,A,2.9166351998
11741,USGS,01351500,1971-11-23,A,3.0299025862
11742,USGS,01351500,1971-11-24,A,2.9166351998
11743,USGS,01351500,1971-11-25,A,3.4263384386
11744,USGS,01351500,1971-11-26,A,2.7184172736
11745,USGS,01351500,1971-11-27,A,3.1714868192
11746,USGS,01351500,1971-11-28,A,4.643962842400001
11747,USGS,01351500,1971-11-29,A,5.2952503142000005
11748,USGS,01351500,1971-11-30,A,8.1552518208
11749,USGS,01351500,1971-12-01,A,12.034659805
11750,USGS,01351500,1971-12-02,A,13.110699975800001
11751,USGS,01351500,1971-12-03,A,16.282186795
11752,USGS,01351500,1971-12-04,A,10.618817475
11753,USGS,01351500,1971-12-05,A,12.402778810800001
11754,USGS,01351500,1971-12-06,A,9.7976289236
11755,USGS,01351500,1971-12-07,A,54.368345472
11756,USGS,01351500,1971-12-08,A,75.322811956
11757,USGS,01351500,1971-12-09,A,54.368345472
11758,USGS,01351500,1971-12-10,A,74.473306558
11759,USGS,01351500,1971-12-11,A,145.83175999
11760,USGS,01351500,1971-12-12,A,105.338669352
11761,USGS,01351500,1971-12-13,A,62.863399452
11762,USGS,01351500,1971-12-14,A,44.740617628
11763,USGS,01351500,1971-12-15,A,45.30695456
11764,USGS,01351500,1971-12-16,A,86.083213664
11765,USGS,01351500,1971-12-17,A,60.031714792
11766,USGS,01351500,1971-12-18,A,41.908932968
11767,USGS,01351500,1971-12-19,A,27.9487275942
11768,USGS,01351500,1971-12-20,A,26.90100427
11769,USGS,01351500,1971-12-21,A,25.315260860400002
11770,USGS,01351500,1971-12-22,A,24.8338744682
11771,USGS,01351500,1971-12-23,A,17.414860659000002
11772,USGS,01351500,1971-12-24,A,22.3136751208
11773,USGS,01351500,1971-12-25,A,25.48516194
11774,USGS,01351500,1971-12-26,A,31.148531260000002
11775,USGS,01351500,1971-12-27,A,33.98021592
11776,USGS,01351500,1971-12-28,A,31.148531260000002
11777,USGS,01351500,1971-12-29,A,28.3168466
11778,USGS,01351500,1971-12-30,A,27.750509668
11779,USGS,01351500,1971-12-31,A,27.184172736
11780,USGS,01351500,1972-01-01,A,26.051498872
11781,USGS,01351500,1972-01-02,A,26.617835804000002
11782,USGS,01351500,1972-01-03,A,28.3168466
11783,USGS,01351500,1972-01-04,A,27.750509668
11784,USGS,01351500,1972-01-05,A,26.617835804000002
11785,USGS,01351500,1972-01-06,A,25.48516194
11786,USGS,01351500,1972-01-07,A,24.352488076
11787,USGS,01351500,1972-01-08,A,23.219814212
11788,USGS,01351500,1972-01-09,A,22.65347728
11789,USGS,01351500,1972-01-10,A,22.087140348000002
11790,USGS,01351500,1972-01-11,A,24.352488076
11791,USGS,01351500,1972-01-12,A,28.3168466
11792,USGS,01351500,1972-01-13,A,33.98021592
11793,USGS,01351500,1972-01-14,A,42.4752699
11794,USGS,01351500,1972-01-15,A,50.97032388
11795,USGS,01351500,1972-01-16,A,33.98021592
11796,USGS,01351500,1972-01-17,A,25.48516194
11797,USGS,01351500,1972-01-18,A,22.65347728
11798,USGS,01351500,1972-01-19,A,25.48516194
11799,USGS,01351500,1972-01-20,A,28.3168466
11800,USGS,01351500,1972-01-21,A,25.48516194
11801,USGS,01351500,1972-01-22,A,22.65347728
11802,USGS,01351500,1972-01-23,A,23.786151144
11803,USGS,01351500,1972-01-24,A,25.48516194
11804,USGS,01351500,1972-01-25,A,33.98021592
11805,USGS,01351500,1972-01-26,A,28.3168466
11806,USGS,01351500,1972-01-27,A,25.48516194
11807,USGS,01351500,1972-01-28,A,22.65347728
11808,USGS,01351500,1972-01-29,A,20.954466484
11809,USGS,01351500,1972-01-30,A,18.122781824
11810,USGS,01351500,1972-01-31,A,15.291097164
11811,USGS,01351500,1972-02-01,A,12.74258097
11812,USGS,01351500,1972-02-02,A,12.176244038
11813,USGS,01351500,1972-02-03,A,11.609907106
11814,USGS,01351500,1972-02-04,A,11.32673864
11815,USGS,01351500,1972-02-05,A,11.32673864
11816,USGS,01351500,1972-02-06,A,11.32673864
11817,USGS,01351500,1972-02-07,A,12.74258097
11818,USGS,01351500,1972-02-08,A,19.82179262
11819,USGS,01351500,1972-02-09,A,16.99010796
11820,USGS,01351500,1972-02-10,A,14.724760232000001
11821,USGS,01351500,1972-02-11,A,14.1584233
11822,USGS,01351500,1972-02-12,A,13.592086368
11823,USGS,01351500,1972-02-13,A,13.592086368
11824,USGS,01351500,1972-02-14,A,14.1584233
11825,USGS,01351500,1972-02-15,A,28.3168466
11826,USGS,01351500,1972-02-16,A,48.13863922
11827,USGS,01351500,1972-02-17,A,31.148531260000002
11828,USGS,01351500,1972-02-18,A,28.3168466
11829,USGS,01351500,1972-02-19,A,19.82179262
11830,USGS,01351500,1972-02-20,A,16.99010796
11831,USGS,01351500,1972-02-21,A,15.857434096
11832,USGS,01351500,1972-02-22,A,14.724760232000001
11833,USGS,01351500,1972-02-23,A,15.857434096
11834,USGS,01351500,1972-02-24,A,16.99010796
11835,USGS,01351500,1972-02-25,A,14.724760232000001
11836,USGS,01351500,1972-02-26,A,13.025749436
11837,USGS,01351500,1972-02-27,A,12.176244038
11838,USGS,01351500,1972-02-28,A,11.609907106
11839,USGS,01351500,1972-02-29,A,11.32673864
11840,USGS,01351500,1972-03-01,A,11.32673864
11841,USGS,01351500,1972-03-02,A,141.584233
11842,USGS,01351500,1972-03-03,A,470.05965356
11843,USGS,01351500,1972-03-04,A,205.863474782
11844,USGS,01351500,1972-03-05,A,125.16046197200001
11845,USGS,01351500,1972-03-06,A,97.69312077000001
11846,USGS,01351500,1972-03-07,A,78.154496616
11847,USGS,01351500,1972-03-08,A,78.720833548
11848,USGS,01351500,1972-03-09,A,67.394094908
11849,USGS,01351500,1972-03-10,A,44.457449162
11850,USGS,01351500,1972-03-11,A,36.81190058
11851,USGS,01351500,1972-03-12,A,36.245563648
11852,USGS,01351500,1972-03-13,A,37.378237512
11853,USGS,01351500,1972-03-14,A,46.156459958
11854,USGS,01351500,1972-03-15,A,36.528732114
11855,USGS,01351500,1972-03-16,A,33.413878988
11856,USGS,01351500,1972-03-17,A,104.205995488
11857,USGS,01351500,1972-03-18,A,210.677338704
11858,USGS,01351500,1972-03-19,A,135.92086368
11859,USGS,01351500,1972-03-20,A,93.162425314
11860,USGS,01351500,1972-03-21,A,88.631729858
11861,USGS,01351500,1972-03-22,A,135.071358282
11862,USGS,01351500,1972-03-23,A,291.66351998
11863,USGS,01351500,1972-03-24,A,167.352563406
11864,USGS,01351500,1972-03-25,A,105.90500628400001
11865,USGS,01351500,1972-03-26,A,81.835686674
11866,USGS,01351500,1972-03-27,A,71.641621898
11867,USGS,01351500,1972-03-28,A,67.11092644200001
11868,USGS,01351500,1972-03-29,A,74.190138092
11869,USGS,01351500,1972-03-30,A,94.57826764400001
11870,USGS,01351500,1972-03-31,A,80.419844344
11871,USGS,01351500,1972-04-01,A,95.427773042
11872,USGS,01351500,1972-04-02,A,112.13471253600001
11873,USGS,01351500,1972-04-03,A,89.19806679
11874,USGS,01351500,1972-04-04,A,75.605980422
11875,USGS,01351500,1972-04-05,A,61.730725588
11876,USGS,01351500,1972-04-06,A,55.21785087
11877,USGS,01351500,1972-04-07,A,50.687155414
11878,USGS,01351500,1972-04-08,A,47.572302288
11879,USGS,01351500,1972-04-09,A,43.891112230000005
11880,USGS,01351500,1972-04-10,A,49.837650016
11881,USGS,01351500,1972-04-11,A,59.182209394000004
11882,USGS,01351500,1972-04-12,A,71.641621898
11883,USGS,01351500,1972-04-13,A,140.45155913600001
11884,USGS,01351500,1972-04-14,A,197.651589268
11885,USGS,01351500,1972-04-15,A,166.78622647400002
11886,USGS,01351500,1972-04-16,A,176.69712278400002
11887,USGS,01351500,1972-04-17,A,294.49520464
11888,USGS,01351500,1972-04-18,A,286.00015066000003
11889,USGS,01351500,1972-04-19,A,241.82586996400002
11890,USGS,01351500,1972-04-20,A,359.62395182
11891,USGS,01351500,1972-04-21,A,385.10911376
11892,USGS,01351500,1972-04-22,A,198.2179262
11893,USGS,01351500,1972-04-23,A,232.481310586
11894,USGS,01351500,1972-04-24,A,173.01593272600002
11895,USGS,01351500,1972-04-25,A,137.053537544
11896,USGS,01351500,1972-04-26,A,108.736690944
11897,USGS,01351500,1972-04-27,A,90.047572188
11898,USGS,01351500,1972-04-28,A,75.605980422
11899,USGS,01351500,1972-04-29,A,65.695084112
11900,USGS,01351500,1972-04-30,A,58.899040928000005
11901,USGS,01351500,1972-05-01,A,54.651513938
11902,USGS,01351500,1972-05-02,A,58.332703996
11903,USGS,01351500,1972-05-03,A,77.021822752
11904,USGS,01351500,1972-05-04,A,173.299101192
11905,USGS,01351500,1972-05-05,A,225.40209893600002
11906,USGS,01351500,1972-05-06,A,133.938684418
11907,USGS,01351500,1972-05-07,A,100.80797389600001
11908,USGS,01351500,1972-05-08,A,103.073321624
11909,USGS,01351500,1972-05-09,A,314.31699726
11910,USGS,01351500,1972-05-10,A,257.68330406
11911,USGS,01351500,1972-05-11,A,174.431775056
11912,USGS,01351500,1972-05-12,A,123.17828271
11913,USGS,01351500,1972-05-13,A,95.710941508
11914,USGS,01351500,1972-05-14,A,78.720833548
11915,USGS,01351500,1972-05-15,A,71.358453432
11916,USGS,01351500,1972-05-16,A,70.22577956800001
11917,USGS,01351500,1972-05-17,A,126.859472768
11918,USGS,01351500,1972-05-18,A,98.825794634
11919,USGS,01351500,1972-05-19,A,76.45548582
11920,USGS,01351500,1972-05-20,A,65.12874718
11921,USGS,01351500,1972-05-21,A,73.057464228
11922,USGS,01351500,1972-05-22,A,65.978252578
11923,USGS,01351500,1972-05-23,A,52.102997744
11924,USGS,01351500,1972-05-24,A,43.891112230000005
11925,USGS,01351500,1972-05-25,A,39.926753706
11926,USGS,01351500,1972-05-26,A,36.81190058
11927,USGS,01351500,1972-05-27,A,33.98021592
11928,USGS,01351500,1972-05-28,A,31.714868192
11929,USGS,01351500,1972-05-29,A,28.883183532
11930,USGS,01351500,1972-05-30,A,26.2497167982
11931,USGS,01351500,1972-05-31,A,36.81190058
11932,USGS,01351500,1972-06-01,A,70.508948034
11933,USGS,01351500,1972-06-02,A,62.863399452
11934,USGS,01351500,1972-06-03,A,55.21785087
11935,USGS,01351500,1972-06-04,A,77.021822752
11936,USGS,01351500,1972-06-05,A,75.03964349
11937,USGS,01351500,1972-06-06,A,56.6336932
11938,USGS,01351500,1972-06-07,A,66.54458951000001
11939,USGS,01351500,1972-06-08,A,54.934682404
11940,USGS,01351500,1972-06-09,A,82.968360538
11941,USGS,01351500,1972-06-10,A,72.491127296
11942,USGS,01351500,1972-06-11,A,53.235671608000004
11943,USGS,01351500,1972-06-12,A,45.023786094
11944,USGS,01351500,1972-06-13,A,39.926753706
11945,USGS,01351500,1972-06-14,A,35.962395182
11946,USGS,01351500,1972-06-15,A,31.148531260000002
11947,USGS,01351500,1972-06-16,A,51.253492346
11948,USGS,01351500,1972-06-17,A,48.988144618
11949,USGS,01351500,1972-06-18,A,24.4657554624
11950,USGS,01351500,1972-06-19,A,20.2182284724
11951,USGS,01351500,1972-06-20,A,19.9067431598
11952,USGS,01351500,1972-06-21,A,25.0037755478
11953,USGS,01351500,1972-06-22,A,86.932719062
11954,USGS,01351500,1972-06-23,A,540.85177006
11955,USGS,01351500,1972-06-24,A,373.78237512
11956,USGS,01351500,1972-06-25,A,214.924865694
11957,USGS,01351500,1972-06-26,A,180.378312842
11958,USGS,01351500,1972-06-27,A,124.59412504000001
11959,USGS,01351500,1972-06-28,A,92.879256848
11960,USGS,01351500,1972-06-29,A,73.62380116
11961,USGS,01351500,1972-06-30,A,117.231744924
11962,USGS,01351500,1972-07-01,A,209.26149637400002
11963,USGS,01351500,1972-07-02,A,120.91293498200001
11964,USGS,01351500,1972-07-03,A,92.879256848
11965,USGS,01351500,1972-07-04,A,87.78222446000001
11966,USGS,01351500,1972-07-05,A,65.12874718
11967,USGS,01351500,1972-07-06,A,52.952503142000005
11968,USGS,01351500,1972-07-07,A,30.865362794
11969,USGS,01351500,1972-07-08,A,31.998036658
11970,USGS,01351500,1972-07-09,A,39.64358524
11971,USGS,01351500,1972-07-10,A,40.209922172
11972,USGS,01351500,1972-07-11,A,24.2675375362
11973,USGS,01351500,1972-07-12,A,16.282186795
11974,USGS,01351500,1972-07-13,A,20.3314958588
11975,USGS,01351500,1972-07-14,A,16.282186795
11976,USGS,01351500,1972-07-15,A,14.583175999
11977,USGS,01351500,1972-07-16,A,13.450502135
11978,USGS,01351500,1972-07-17,A,26.362984184600002
11979,USGS,01351500,1972-07-18,A,14.583175999
11980,USGS,01351500,1972-07-19,A,8.9764403722
11981,USGS,01351500,1972-07-20,A,13.450502135
11982,USGS,01351500,1972-07-21,A,10.0807973896
11983,USGS,01351500,1972-07-22,A,8.1552518208
11984,USGS,01351500,1972-07-23,A,6.8243600306
11985,USGS,01351500,1972-07-24,A,6.8243600306
11986,USGS,01351500,1972-07-25,A,8.4101034402
11987,USGS,01351500,1972-07-26,A,8.6932719062
11988,USGS,01351500,1972-07-27,A,6.2013894054000005
11989,USGS,01351500,1972-07-28,A,4.813863922
11990,USGS,01351500,1972-07-29,A,4.1625764502000004
11991,USGS,01351500,1972-07-30,A,3.6528732114
11992,USGS,01351500,1972-07-31,A,3.539605825
11993,USGS,01351500,1972-08-01,A,3.6528732114
11994,USGS,01351500,1972-08-02,A,3.539605825
11995,USGS,01351500,1972-08-03,A,3.539605825
11996,USGS,01351500,1972-08-04,A,5.1253492346
11997,USGS,01351500,1972-08-05,A,5.9748546326000005
11998,USGS,01351500,1972-08-06,A,3.9077248308000003
11999,USGS,01351500,1972-08-07,A,3.0299025862
12000,USGS,01351500,1972-08-08,A,2.7184172736
12001,USGS,01351500,1972-08-09,A,2.83168466
12002,USGS,01351500,1972-08-10,A,2.83168466
12003,USGS,01351500,1972-08-11,A,3.7944574444
12004,USGS,01351500,1972-08-12,A,2.83168466
12005,USGS,01351500,1972-08-13,A,2.3502982678
12006,USGS,01351500,1972-08-14,A,2.1803971882
12007,USGS,01351500,1972-08-15,A,2.4635656542
12008,USGS,01351500,1972-08-16,A,5.2952503142000005
12009,USGS,01351500,1972-08-17,A,5.9748546326000005
12010,USGS,01351500,1972-08-18,A,3.2847542056
12011,USGS,01351500,1972-08-19,A,2.6334667338
12012,USGS,01351500,1972-08-20,A,2.265347728
12013,USGS,01351500,1972-08-21,A,1.982179262
12014,USGS,01351500,1972-08-22,A,1.7839613358
12015,USGS,01351500,1972-08-23,A,1.5291097164
12016,USGS,01351500,1972-08-24,A,1.5857434096
12017,USGS,01351500,1972-08-25,A,1.4724760232
12018,USGS,01351500,1972-08-26,A,1.3308917902
12019,USGS,01351500,1972-08-27,A,1.2742580970000001
12020,USGS,01351500,1972-08-28,A,1.6706939494
12021,USGS,01351500,1972-08-29,A,1.9255455688
12022,USGS,01351500,1972-08-30,A,1.5857434096
12023,USGS,01351500,1972-08-31,A,1.2742580970000001
12024,USGS,01351500,1972-09-01,A,1.1043570174
12025,USGS,01351500,1972-09-02,A,0.991089631
12026,USGS,01351500,1972-09-03,A,0.9344559378
12027,USGS,01351500,1972-09-04,A,0.9061390912
12028,USGS,01351500,1972-09-05,A,0.7928717048
12029,USGS,01351500,1972-09-06,A,0.7645548582
12030,USGS,01351500,1972-09-07,A,0.7645548582
12031,USGS,01351500,1972-09-08,A,1.5007928698000002
12032,USGS,01351500,1972-09-09,A,1.1609907106000001
12033,USGS,01351500,1972-09-10,A,0.9061390912
12034,USGS,01351500,1972-09-11,A,0.7645548582
12035,USGS,01351500,1972-09-12,A,0.7928717048
12036,USGS,01351500,1972-09-13,A,1.0477233242000001
12037,USGS,01351500,1972-09-14,A,1.0760401708
12038,USGS,01351500,1972-09-15,A,1.0760401708
12039,USGS,01351500,1972-09-16,A,1.0760401708
12040,USGS,01351500,1972-09-17,A,1.0194064776
12041,USGS,01351500,1972-09-18,A,0.9344559378
12042,USGS,01351500,1972-09-19,A,0.9061390912
12043,USGS,01351500,1972-09-20,A,0.8211885514
12044,USGS,01351500,1972-09-21,A,0.7928717048
12045,USGS,01351500,1972-09-22,A,0.7928717048
12046,USGS,01351500,1972-09-23,A,0.7645548582
12047,USGS,01351500,1972-09-24,A,0.7362380116
12048,USGS,01351500,1972-09-25,A,0.7645548582
12049,USGS,01351500,1972-09-26,A,0.8211885514
12050,USGS,01351500,1972-09-27,A,0.7928717048
12051,USGS,01351500,1972-09-28,A,0.707921165
12052,USGS,01351500,1972-09-29,A,0.6512874718
12053,USGS,01351500,1972-09-30,A,0.6512874718
12054,USGS,01351500,1972-10-01,A,0.6229706252
12055,USGS,01351500,1972-10-02,A,0.5946537786
12056,USGS,01351500,1972-10-03,A,0.566336932
12057,USGS,01351500,1972-10-04,A,0.566336932
12058,USGS,01351500,1972-10-05,A,0.566336932
12059,USGS,01351500,1972-10-06,A,0.5380200854
12060,USGS,01351500,1972-10-07,A,1.3308917902
12061,USGS,01351500,1972-10-08,A,6.9659442636
12062,USGS,01351500,1972-10-09,A,7.2774295762
12063,USGS,01351500,1972-10-10,A,4.3324775298
12064,USGS,01351500,1972-10-11,A,3.0299025862
12065,USGS,01351500,1972-10-12,A,2.4635656542
12066,USGS,01351500,1972-10-13,A,2.2087140348
12067,USGS,01351500,1972-10-14,A,2.123763495
12068,USGS,01351500,1972-10-15,A,2.1520803416
12069,USGS,01351500,1972-10-16,A,1.9538624154000002
12070,USGS,01351500,1972-10-17,A,1.8122781824
12071,USGS,01351500,1972-10-18,A,1.6706939494
12072,USGS,01351500,1972-10-19,A,1.5857434096
12073,USGS,01351500,1972-10-20,A,1.4724760232
12074,USGS,01351500,1972-10-21,A,1.3308917902
12075,USGS,01351500,1972-10-22,A,1.3308917902
12076,USGS,01351500,1972-10-23,A,1.2742580970000001
12077,USGS,01351500,1972-10-24,A,1.3308917902
12078,USGS,01351500,1972-10-25,A,1.2742580970000001
12079,USGS,01351500,1972-10-26,A,1.1893075572
12080,USGS,01351500,1972-10-27,A,1.132673864
12081,USGS,01351500,1972-10-28,A,1.2176244038
12082,USGS,01351500,1972-10-29,A,1.6706939494
12083,USGS,01351500,1972-10-30,A,2.4635656542
12084,USGS,01351500,1972-10-31,A,3.9077248308000003
12085,USGS,01351500,1972-11-01,A,3.539605825
12086,USGS,01351500,1972-11-02,A,3.539605825
12087,USGS,01351500,1972-11-03,A,6.8243600306
12088,USGS,01351500,1972-11-04,A,10.618817475
12089,USGS,01351500,1972-11-05,A,9.2596088382
12090,USGS,01351500,1972-11-06,A,10.618817475
12091,USGS,01351500,1972-11-07,A,8.4101034402
12092,USGS,01351500,1972-11-08,A,9.2596088382
12093,USGS,01351500,1972-11-09,A,261.93083105
12094,USGS,01351500,1972-11-10,A,154.043645504
12095,USGS,01351500,1972-11-11,A,99.958468498
12096,USGS,01351500,1972-11-12,A,89.481235256
12097,USGS,01351500,1972-11-13,A,72.20795883
12098,USGS,01351500,1972-11-14,A,60.598051724
12099,USGS,01351500,1972-11-15,A,89.481235256
12100,USGS,01351500,1972-11-16,A,57.200030132
12101,USGS,01351500,1972-11-17,A,60.031714792
12102,USGS,01351500,1972-11-18,A,44.740617628
12103,USGS,01351500,1972-11-19,A,39.64358524
12104,USGS,01351500,1972-11-20,A,69.942611102
12105,USGS,01351500,1972-11-21,A,109.01985941000001
12106,USGS,01351500,1972-11-22,A,59.182209394000004
12107,USGS,01351500,1972-11-23,A,40.209922172
12108,USGS,01351500,1972-11-24,A,42.758438366
12109,USGS,01351500,1972-11-25,A,34.829721318000004
12110,USGS,01351500,1972-11-26,A,113.550554866
12111,USGS,01351500,1972-11-27,A,319.98036658
12112,USGS,01351500,1972-11-28,A,114.400060264
12113,USGS,01351500,1972-11-29,A,122.895114244
12114,USGS,01351500,1972-11-30,A,101.657479294
12115,USGS,01351500,1972-12-01,A,73.906969626
12116,USGS,01351500,1972-12-02,A,65.978252578
12117,USGS,01351500,1972-12-03,A,65.12874718
12118,USGS,01351500,1972-12-04,A,60.031714792
12119,USGS,01351500,1972-12-05,A,63.71290485
12120,USGS,01351500,1972-12-06,A,161.68919408600001
12121,USGS,01351500,1972-12-07,A,481.3863922
12122,USGS,01351500,1972-12-08,A,178.962470512
12123,USGS,01351500,1972-12-09,A,168.48523727
12124,USGS,01351500,1972-12-10,A,186.324850628
12125,USGS,01351500,1972-12-11,A,140.734727602
12126,USGS,01351500,1972-12-12,A,95.427773042
12127,USGS,01351500,1972-12-13,A,107.037680148
12128,USGS,01351500,1972-12-14,A,117.231744924
12129,USGS,01351500,1972-12-15,A,77.021822752
12130,USGS,01351500,1972-12-16,A,69.093105704
12131,USGS,01351500,1972-12-17,A,56.350524734000004
12132,USGS,01351500,1972-12-18,A,46.72279689
12133,USGS,01351500,1972-12-19,A,48.704976152
12134,USGS,01351500,1972-12-20,A,54.934682404
12135,USGS,01351500,1972-12-21,A,48.704976152
12136,USGS,01351500,1972-12-22,A,57.766367064
12137,USGS,01351500,1972-12-23,A,84.9505398
12138,USGS,01351500,1972-12-24,A,73.62380116
12139,USGS,01351500,1972-12-25,A,62.297062520000004
12140,USGS,01351500,1972-12-26,A,56.6336932
12141,USGS,01351500,1972-12-27,A,53.80200854
12142,USGS,01351500,1972-12-28,A,62.297062520000004
12143,USGS,01351500,1972-12-29,A,54.368345472
12144,USGS,01351500,1972-12-30,A,41.625764502
12145,USGS,01351500,1972-12-31,A,66.827757976
12146,USGS,01351500,1973-01-01,A,348.29721318
12147,USGS,01351500,1973-01-02,A,254.568450934
12148,USGS,01351500,1973-01-03,A,135.637695214
12149,USGS,01351500,1973-01-04,A,98.259457702
12150,USGS,01351500,1973-01-05,A,110.718870206
12151,USGS,01351500,1973-01-06,A,70.508948034
12152,USGS,01351500,1973-01-07,A,46.72279689
12153,USGS,01351500,1973-01-08,A,33.130710522
12154,USGS,01351500,1973-01-09,A,21.2942686432
12155,USGS,01351500,1973-01-10,A,23.757834297400002
12156,USGS,01351500,1973-01-11,A,25.48516194
12157,USGS,01351500,1973-01-12,A,27.750509668
12158,USGS,01351500,1973-01-13,A,23.786151144
12159,USGS,01351500,1973-01-14,A,23.757834297400002
12160,USGS,01351500,1973-01-15,A,26.617835804000002
12161,USGS,01351500,1973-01-16,A,28.3168466
12162,USGS,01351500,1973-01-17,A,26.617835804000002
12163,USGS,01351500,1973-01-18,A,26.362984184600002
12164,USGS,01351500,1973-01-19,A,33.697047454
12165,USGS,01351500,1973-01-20,A,120.91293498200001
12166,USGS,01351500,1973-01-21,A,78.720833548
12167,USGS,01351500,1973-01-22,A,34.829721318000004
12168,USGS,01351500,1973-01-23,A,107.887185546
12169,USGS,01351500,1973-01-24,A,103.35649009000001
12170,USGS,01351500,1973-01-25,A,50.120818482000004
12171,USGS,01351500,1973-01-26,A,42.758438366
12172,USGS,01351500,1973-01-27,A,39.64358524
12173,USGS,01351500,1973-01-28,A,31.998036658
12174,USGS,01351500,1973-01-29,A,29.732688930000002
12175,USGS,01351500,1973-01-30,A,22.2570414276
12176,USGS,01351500,1973-01-31,A,24.805557621600002
12177,USGS,01351500,1973-02-01,A,24.2675375362
12178,USGS,01351500,1973-02-02,A,44.740617628
12179,USGS,01351500,1973-02-03,A,272.691232758
12180,USGS,01351500,1973-02-04,A,132.806010554
12181,USGS,01351500,1973-02-05,A,77.021822752
12182,USGS,01351500,1973-02-06,A,64.562410248
12183,USGS,01351500,1973-02-07,A,57.766367064
12184,USGS,01351500,1973-02-08,A,48.13863922
12185,USGS,01351500,1973-02-09,A,42.192101434
12186,USGS,01351500,1973-02-10,A,27.9487275942
12187,USGS,01351500,1973-02-11,A,24.2675375362
12188,USGS,01351500,1973-02-12,A,22.738427819800002
12189,USGS,01351500,1973-02-13,A,21.2942686432
12190,USGS,01351500,1973-02-14,A,17.131692193
12191,USGS,01351500,1973-02-15,A,14.583175999
12192,USGS,01351500,1973-02-16,A,19.82179262
12193,USGS,01351500,1973-02-17,A,19.255455688
12194,USGS,01351500,1973-02-18,A,18.689118756
12195,USGS,01351500,1973-02-19,A,18.122781824
12196,USGS,01351500,1973-02-20,A,16.99010796
12197,USGS,01351500,1973-02-21,A,16.423771028
12198,USGS,01351500,1973-02-22,A,15.857434096
12199,USGS,01351500,1973-02-23,A,15.291097164
12200,USGS,01351500,1973-02-24,A,13.818621140800001
12201,USGS,01351500,1973-02-25,A,10.618817475
12202,USGS,01351500,1973-02-26,A,8.9764403722
12203,USGS,01351500,1973-02-27,A,10.477233242
12204,USGS,01351500,1973-02-28,A,11.32673864
12205,USGS,01351500,1973-03-01,A,8.1552518208
12206,USGS,01351500,1973-03-02,A,14.1584233
12207,USGS,01351500,1973-03-03,A,31.431699726
12208,USGS,01351500,1973-03-04,A,39.64358524
12209,USGS,01351500,1973-03-05,A,55.784187802
12210,USGS,01351500,1973-03-06,A,50.687155414
12211,USGS,01351500,1973-03-07,A,40.776259104000005
12212,USGS,01351500,1973-03-08,A,90.330740654
12213,USGS,01351500,1973-03-09,A,106.18817475
12214,USGS,01351500,1973-03-10,A,66.54458951000001
12215,USGS,01351500,1973-03-11,A,56.6336932
12216,USGS,01351500,1973-03-12,A,62.297062520000004
12217,USGS,01351500,1973-03-13,A,63.996073316
12218,USGS,01351500,1973-03-14,A,58.332703996
12219,USGS,01351500,1973-03-15,A,67.11092644200001
12220,USGS,01351500,1973-03-16,A,82.685192072
12221,USGS,01351500,1973-03-17,A,118.36441878800001
12222,USGS,01351500,1973-03-18,A,195.103073074
12223,USGS,01351500,1973-03-19,A,102.506984692
12224,USGS,01351500,1973-03-20,A,82.11885514000001
12225,USGS,01351500,1973-03-21,A,56.067356268000005
12226,USGS,01351500,1973-03-22,A,55.501019336
12227,USGS,01351500,1973-03-23,A,46.439628424
12228,USGS,01351500,1973-03-24,A,42.758438366
12229,USGS,01351500,1973-03-25,A,37.661405978
12230,USGS,01351500,1973-03-26,A,46.72279689
12231,USGS,01351500,1973-03-27,A,67.11092644200001
12232,USGS,01351500,1973-03-28,A,49.55448155
12233,USGS,01351500,1973-03-29,A,43.891112230000005
12234,USGS,01351500,1973-03-30,A,34.829721318000004
12235,USGS,01351500,1973-03-31,A,35.679226716
12236,USGS,01351500,1973-04-01,A,43.041606832
12237,USGS,01351500,1973-04-02,A,294.49520464
12238,USGS,01351500,1973-04-03,A,308.65362794000004
12239,USGS,01351500,1973-04-04,A,208.411990976
12240,USGS,01351500,1973-04-05,A,379.44574444
12241,USGS,01351500,1973-04-06,A,200.766442394
12242,USGS,01351500,1973-04-07,A,141.017896068
12243,USGS,01351500,1973-04-08,A,101.94064776
12244,USGS,01351500,1973-04-09,A,94.295099178
12245,USGS,01351500,1973-04-10,A,96.560446906
12246,USGS,01351500,1973-04-11,A,131.67333669
12247,USGS,01351500,1973-04-12,A,90.047572188
12248,USGS,01351500,1973-04-13,A,68.809937238
12249,USGS,01351500,1973-04-14,A,61.447557122
12250,USGS,01351500,1973-04-15,A,56.916861666
12251,USGS,01351500,1973-04-16,A,52.38616621
12252,USGS,01351500,1973-04-17,A,37.095069046
12253,USGS,01351500,1973-04-18,A,35.112889784000004
12254,USGS,01351500,1973-04-19,A,38.22774291
12255,USGS,01351500,1973-04-20,A,36.81190058
12256,USGS,01351500,1973-04-21,A,39.64358524
12257,USGS,01351500,1973-04-22,A,31.998036658
12258,USGS,01351500,1973-04-23,A,31.431699726
12259,USGS,01351500,1973-04-24,A,25.8815977924
12260,USGS,01351500,1973-04-25,A,22.5402098936
12261,USGS,01351500,1973-04-26,A,23.3047647518
12262,USGS,01351500,1973-04-27,A,24.210903843
12263,USGS,01351500,1973-04-28,A,47.289133822000004
12264,USGS,01351500,1973-04-29,A,74.190138092
12265,USGS,01351500,1973-04-30,A,40.209922172
12266,USGS,01351500,1973-05-01,A,37.944574444000004
12267,USGS,01351500,1973-05-02,A,33.697047454
12268,USGS,01351500,1973-05-03,A,34.263384386
12269,USGS,01351500,1973-05-04,A,39.64358524
12270,USGS,01351500,1973-05-05,A,35.962395182
12271,USGS,01351500,1973-05-06,A,29.166351998
12272,USGS,01351500,1973-05-07,A,26.6461526506
12273,USGS,01351500,1973-05-08,A,18.8873366822
12274,USGS,01351500,1973-05-09,A,18.972287222000002
12275,USGS,01351500,1973-05-10,A,31.431699726
12276,USGS,01351500,1973-05-11,A,56.916861666
12277,USGS,01351500,1973-05-12,A,92.02975145
12278,USGS,01351500,1973-05-13,A,55.784187802
12279,USGS,01351500,1973-05-14,A,52.952503142000005
12280,USGS,01351500,1973-05-15,A,45.023786094
12281,USGS,01351500,1973-05-16,A,69.942611102
12282,USGS,01351500,1973-05-17,A,67.677263374
12283,USGS,01351500,1973-05-18,A,267.311031904
12284,USGS,01351500,1973-05-19,A,255.134787866
12285,USGS,01351500,1973-05-20,A,142.716906864
12286,USGS,01351500,1973-05-21,A,288.83183532
12287,USGS,01351500,1973-05-22,A,221.72090887800002
12288,USGS,01351500,1973-05-23,A,135.071358282
12289,USGS,01351500,1973-05-24,A,90.61390912
12290,USGS,01351500,1973-05-25,A,82.11885514000001
12291,USGS,01351500,1973-05-26,A,67.96043184
12292,USGS,01351500,1973-05-27,A,70.7921165
12293,USGS,01351500,1973-05-28,A,59.465377860000004
12294,USGS,01351500,1973-05-29,A,70.7921165
12295,USGS,01351500,1973-05-30,A,56.6336932
12296,USGS,01351500,1973-05-31,A,50.97032388
12297,USGS,01351500,1973-06-01,A,42.4752699
12298,USGS,01351500,1973-06-02,A,36.81190058
12299,USGS,01351500,1973-06-03,A,31.148531260000002
12300,USGS,01351500,1973-06-04,A,26.617835804000002
12301,USGS,01351500,1973-06-05,A,23.786151144
12302,USGS,01351500,1973-06-06,A,22.65347728
12303,USGS,01351500,1973-06-07,A,84.9505398
12304,USGS,01351500,1973-06-08,A,76.45548582
12305,USGS,01351500,1973-06-09,A,70.7921165
12306,USGS,01351500,1973-06-10,A,65.12874718
12307,USGS,01351500,1973-06-11,A,59.465377860000004
12308,USGS,01351500,1973-06-12,A,53.80200854
12309,USGS,01351500,1973-06-13,A,48.13863922
12310,USGS,01351500,1973-06-14,A,45.30695456
12311,USGS,01351500,1973-06-15,A,26.2497167982
12312,USGS,01351500,1973-06-16,A,17.7263459716
12313,USGS,01351500,1973-06-17,A,16.6219889542
12314,USGS,01351500,1973-06-18,A,14.6964433854
12315,USGS,01351500,1973-06-19,A,9.4295099178
12316,USGS,01351500,1973-06-20,A,6.5978252578
12317,USGS,01351500,1973-06-21,A,7.6738654286
12318,USGS,01351500,1973-06-22,A,7.1641621898
12319,USGS,01351500,1973-06-23,A,4.8988144618
12320,USGS,01351500,1973-06-24,A,4.5873291492
12321,USGS,01351500,1973-06-25,A,4.9271313084
12322,USGS,01351500,1973-06-26,A,4.4457449162
12323,USGS,01351500,1973-06-27,A,3.7661405978
12324,USGS,01351500,1973-06-28,A,3.3413878988
12325,USGS,01351500,1973-06-29,A,10.2506984692
12326,USGS,01351500,1973-06-30,A,317.14868192
12327,USGS,01351500,1973-07-01,A,255.41795633200002
12328,USGS,01351500,1973-07-02,A,107.887185546
12329,USGS,01351500,1973-07-03,A,67.677263374
12330,USGS,01351500,1973-07-04,A,51.819829278
12331,USGS,01351500,1973-07-05,A,45.590123026
12332,USGS,01351500,1973-07-06,A,48.421807686
12333,USGS,01351500,1973-07-07,A,27.523974895200002
12334,USGS,01351500,1973-07-08,A,19.8501094666
12335,USGS,01351500,1973-07-09,A,18.40595029
12336,USGS,01351500,1973-07-10,A,15.857434096
12337,USGS,01351500,1973-07-11,A,15.857434096
12338,USGS,01351500,1973-07-12,A,12.74258097
12339,USGS,01351500,1973-07-13,A,12.402778810800001
12340,USGS,01351500,1973-07-14,A,8.1552518208
12341,USGS,01351500,1973-07-15,A,4.643962842400001
12342,USGS,01351500,1973-07-16,A,4.3324775298
12343,USGS,01351500,1973-07-17,A,7.6738654286
12344,USGS,01351500,1973-07-18,A,5.2952503142000005
12345,USGS,01351500,1973-07-19,A,3.4263384386
12346,USGS,01351500,1973-07-20,A,2.7184172736
12347,USGS,01351500,1973-07-21,A,2.4635656542
12348,USGS,01351500,1973-07-22,A,2.265347728
12349,USGS,01351500,1973-07-23,A,2.1803971882
12350,USGS,01351500,1973-07-24,A,1.982179262
12351,USGS,01351500,1973-07-25,A,1.7273276426000002
12352,USGS,01351500,1973-07-26,A,1.5291097164
12353,USGS,01351500,1973-07-27,A,1.9255455688
12354,USGS,01351500,1973-07-28,A,2.265347728
12355,USGS,01351500,1973-07-29,A,2.265347728
12356,USGS,01351500,1973-07-30,A,1.9255455688
12357,USGS,01351500,1973-07-31,A,1.7273276426000002
12358,USGS,01351500,1973-08-01,A,1.5857434096
12359,USGS,01351500,1973-08-02,A,1.7273276426000002
12360,USGS,01351500,1973-08-03,A,4.813863922
12361,USGS,01351500,1973-08-04,A,5.6067356268
12362,USGS,01351500,1973-08-05,A,3.539605825
12363,USGS,01351500,1973-08-06,A,2.5485161940000003
12364,USGS,01351500,1973-08-07,A,1.982179262
12365,USGS,01351500,1973-08-08,A,1.7273276426000002
12366,USGS,01351500,1973-08-09,A,1.5291097164
12367,USGS,01351500,1973-08-10,A,1.3875254834000001
12368,USGS,01351500,1973-08-11,A,1.3875254834000001
12369,USGS,01351500,1973-08-12,A,1.3308917902
12370,USGS,01351500,1973-08-13,A,1.2176244038
12371,USGS,01351500,1973-08-14,A,1.132673864
12372,USGS,01351500,1973-08-15,A,1.1893075572
12373,USGS,01351500,1973-08-16,A,1.9255455688
12374,USGS,01351500,1973-08-17,A,3.7944574444
12375,USGS,01351500,1973-08-18,A,2.5485161940000003
12376,USGS,01351500,1973-08-19,A,1.9255455688
12377,USGS,01351500,1973-08-20,A,1.6706939494
12378,USGS,01351500,1973-08-21,A,1.3875254834000001
12379,USGS,01351500,1973-08-22,A,1.2176244038
12380,USGS,01351500,1973-08-23,A,1.132673864
12381,USGS,01351500,1973-08-24,A,1.0194064776
12382,USGS,01351500,1973-08-25,A,0.8778222446
12383,USGS,01351500,1973-08-26,A,0.849505398
12384,USGS,01351500,1973-08-27,A,0.7928717048
12385,USGS,01351500,1973-08-28,A,0.7362380116
12386,USGS,01351500,1973-08-29,A,0.6796043184
12387,USGS,01351500,1973-08-30,A,0.6512874718
12388,USGS,01351500,1973-08-31,A,0.5946537786
12389,USGS,01351500,1973-09-01,A,0.6796043184
12390,USGS,01351500,1973-09-02,A,0.7928717048
12391,USGS,01351500,1973-09-03,A,0.8778222446
12392,USGS,01351500,1973-09-04,A,0.707921165
12393,USGS,01351500,1973-09-05,A,0.6229706252
12394,USGS,01351500,1973-09-06,A,0.7362380116
12395,USGS,01351500,1973-09-07,A,0.7362380116
12396,USGS,01351500,1973-09-08,A,0.6796043184
12397,USGS,01351500,1973-09-09,A,0.6512874718
12398,USGS,01351500,1973-09-10,A,0.6229706252
12399,USGS,01351500,1973-09-11,A,0.5946537786
12400,USGS,01351500,1973-09-12,A,0.566336932
12401,USGS,01351500,1973-09-13,A,0.5946537786
12402,USGS,01351500,1973-09-14,A,0.6512874718
12403,USGS,01351500,1973-09-15,A,0.7362380116
12404,USGS,01351500,1973-09-16,A,0.8211885514
12405,USGS,01351500,1973-09-17,A,0.7928717048
12406,USGS,01351500,1973-09-18,A,0.849505398
12407,USGS,01351500,1973-09-19,A,0.9627727844
12408,USGS,01351500,1973-09-20,A,1.0194064776
12409,USGS,01351500,1973-09-21,A,1.0194064776
12410,USGS,01351500,1973-09-22,A,0.9627727844
12411,USGS,01351500,1973-09-23,A,0.9344559378
12412,USGS,01351500,1973-09-24,A,0.9344559378
12413,USGS,01351500,1973-09-25,A,0.9344559378
12414,USGS,01351500,1973-09-26,A,0.8778222446
12415,USGS,01351500,1973-09-27,A,0.8778222446
12416,USGS,01351500,1973-09-28,A,0.849505398
12417,USGS,01351500,1973-09-29,A,0.7362380116
12418,USGS,01351500,1973-09-30,A,0.6512874718
12419,USGS,01351500,1973-10-01,A,0.5946537786
12420,USGS,01351500,1973-10-02,A,0.566336932
12421,USGS,01351500,1973-10-03,A,0.5946537786
12422,USGS,01351500,1973-10-04,A,0.566336932
12423,USGS,01351500,1973-10-05,A,0.5946537786
12424,USGS,01351500,1973-10-06,A,0.566336932
12425,USGS,01351500,1973-10-07,A,0.566336932
12426,USGS,01351500,1973-10-08,A,0.566336932
12427,USGS,01351500,1973-10-09,A,0.5380200854
12428,USGS,01351500,1973-10-10,A,0.5380200854
12429,USGS,01351500,1973-10-11,A,0.5380200854
12430,USGS,01351500,1973-10-12,A,0.5380200854
12431,USGS,01351500,1973-10-13,A,0.5097032388
12432,USGS,01351500,1973-10-14,A,0.4813863922
12433,USGS,01351500,1973-10-15,A,0.4530695456
12434,USGS,01351500,1973-10-16,A,0.424752699
12435,USGS,01351500,1973-10-17,A,0.424752699
12436,USGS,01351500,1973-10-18,A,0.4530695456
12437,USGS,01351500,1973-10-19,A,0.4530695456
12438,USGS,01351500,1973-10-20,A,0.5097032388
12439,USGS,01351500,1973-10-21,A,0.566336932
12440,USGS,01351500,1973-10-22,A,0.566336932
12441,USGS,01351500,1973-10-23,A,0.5946537786
12442,USGS,01351500,1973-10-24,A,0.6229706252
12443,USGS,01351500,1973-10-25,A,0.6229706252
12444,USGS,01351500,1973-10-26,A,0.6229706252
12445,USGS,01351500,1973-10-27,A,0.5946537786
12446,USGS,01351500,1973-10-28,A,0.5380200854
12447,USGS,01351500,1973-10-29,A,0.5097032388
12448,USGS,01351500,1973-10-30,A,1.0194064776
12449,USGS,01351500,1973-10-31,A,5.1536660812
12450,USGS,01351500,1973-11-01,A,4.5590123026
12451,USGS,01351500,1973-11-02,A,3.1714868192
12452,USGS,01351500,1973-11-03,A,2.8883183532
12453,USGS,01351500,1973-11-04,A,2.5485161940000003
12454,USGS,01351500,1973-11-05,A,2.1803971882
12455,USGS,01351500,1973-11-06,A,2.0954466484000003
12456,USGS,01351500,1973-11-07,A,1.9255455688
12457,USGS,01351500,1973-11-08,A,1.8122781824
12458,USGS,01351500,1973-11-09,A,1.7556444892
12459,USGS,01351500,1973-11-10,A,1.699010796
12460,USGS,01351500,1973-11-11,A,1.6140602562000002
12461,USGS,01351500,1973-11-12,A,1.7839613358
12462,USGS,01351500,1973-11-13,A,1.8405950290000002
12463,USGS,01351500,1973-11-14,A,1.8122781824
12464,USGS,01351500,1973-11-15,A,1.7556444892
12465,USGS,01351500,1973-11-16,A,1.9538624154000002
12466,USGS,01351500,1973-11-17,A,1.9538624154000002
12467,USGS,01351500,1973-11-18,A,2.0671298018
12468,USGS,01351500,1973-11-19,A,2.1803971882
12469,USGS,01351500,1973-11-20,A,2.0388129552
12470,USGS,01351500,1973-11-21,A,1.9255455688
12471,USGS,01351500,1973-11-22,A,1.7273276426000002
12472,USGS,01351500,1973-11-23,A,1.6140602562000002
12473,USGS,01351500,1973-11-24,A,1.557426563
12474,USGS,01351500,1973-11-25,A,1.6423771028
12475,USGS,01351500,1973-11-26,A,1.7273276426000002
12476,USGS,01351500,1973-11-27,A,2.2936645746
12477,USGS,01351500,1973-11-28,A,2.7467341202
12478,USGS,01351500,1973-11-29,A,2.8600015066
12479,USGS,01351500,1973-11-30,A,3.0299025862
12480,USGS,01351500,1973-12-01,A,3.1431699726
12481,USGS,01351500,1973-12-02,A,2.8883183532
12482,USGS,01351500,1973-12-03,A,2.6334667338
12483,USGS,01351500,1973-12-04,A,2.4635656542
12484,USGS,01351500,1973-12-05,A,2.690100427
12485,USGS,01351500,1973-12-06,A,5.4651513938
12486,USGS,01351500,1973-12-07,A,10.4205995488
12487,USGS,01351500,1973-12-08,A,7.6738654286
12488,USGS,01351500,1973-12-09,A,7.2491127296
12489,USGS,01351500,1973-12-10,A,36.245563648
12490,USGS,01351500,1973-12-11,A,33.413878988
12491,USGS,01351500,1973-12-12,A,21.5774371092
12492,USGS,01351500,1973-12-13,A,15.9707014824
12493,USGS,01351500,1973-12-14,A,16.6786226474
12494,USGS,01351500,1973-12-15,A,23.1631805188
12495,USGS,01351500,1973-12-16,A,14.866344465000001
12496,USGS,01351500,1973-12-17,A,11.893075572
12497,USGS,01351500,1973-12-18,A,11.609907106
12498,USGS,01351500,1973-12-19,A,12.74258097
12499,USGS,01351500,1973-12-20,A,20.8411990976
12500,USGS,01351500,1973-12-21,A,167.635731872
12501,USGS,01351500,1973-12-22,A,481.3863922
12502,USGS,01351500,1973-12-23,A,161.972362552
12503,USGS,01351500,1973-12-24,A,109.869364808
12504,USGS,01351500,1973-12-25,A,60.314883258
12505,USGS,01351500,1973-12-26,A,105.338669352
12506,USGS,01351500,1973-12-27,A,390.77248308000003
12507,USGS,01351500,1973-12-28,A,265.612021108
12508,USGS,01351500,1973-12-29,A,156.592161698
12509,USGS,01351500,1973-12-30,A,114.68322873
12510,USGS,01351500,1973-12-31,A,81.269349742
12511,USGS,01351500,1974-01-01,A,59.465377860000004
12512,USGS,01351500,1974-01-02,A,41.908932968
12513,USGS,01351500,1974-01-03,A,41.059427570000004
12514,USGS,01351500,1974-01-04,A,53.235671608000004
12515,USGS,01351500,1974-01-05,A,40.209922172
12516,USGS,01351500,1974-01-06,A,35.39605825
12517,USGS,01351500,1974-01-07,A,31.148531260000002
12518,USGS,01351500,1974-01-08,A,26.617835804000002
12519,USGS,01351500,1974-01-09,A,22.087140348000002
12520,USGS,01351500,1974-01-10,A,22.65347728
12521,USGS,01351500,1974-01-11,A,28.3168466
12522,USGS,01351500,1974-01-12,A,33.98021592
12523,USGS,01351500,1974-01-13,A,26.617835804000002
12524,USGS,01351500,1974-01-14,A,23.219814212
12525,USGS,01351500,1974-01-15,A,27.184172736
12526,USGS,01351500,1974-01-16,A,31.148531260000002
12527,USGS,01351500,1974-01-17,A,33.98021592
12528,USGS,01351500,1974-01-18,A,28.3168466
12529,USGS,01351500,1974-01-19,A,24.0976364566
12530,USGS,01351500,1974-01-20,A,15.5459487834
12531,USGS,01351500,1974-01-21,A,18.6324850628
12532,USGS,01351500,1974-01-22,A,63.71290485
12533,USGS,01351500,1974-01-23,A,109.869364808
12534,USGS,01351500,1974-01-24,A,133.938684418
12535,USGS,01351500,1974-01-25,A,92.879256848
12536,USGS,01351500,1974-01-26,A,52.669334676
12537,USGS,01351500,1974-01-27,A,136.487200612
12538,USGS,01351500,1974-01-28,A,179.528807444
12539,USGS,01351500,1974-01-29,A,152.91097164
12540,USGS,01351500,1974-01-30,A,130.25749436
12541,USGS,01351500,1974-01-31,A,88.065392926
12542,USGS,01351500,1974-02-01,A,78.437665082
12543,USGS,01351500,1974-02-02,A,67.11092644200001
12544,USGS,01351500,1974-02-03,A,46.72279689
12545,USGS,01351500,1974-02-04,A,39.077248308
12546,USGS,01351500,1974-02-05,A,31.148531260000002
12547,USGS,01351500,1974-02-06,A,31.148531260000002
12548,USGS,01351500,1974-02-07,A,33.98021592
12549,USGS,01351500,1974-02-08,A,33.98021592
12550,USGS,01351500,1974-02-09,A,28.3168466
12551,USGS,01351500,1974-02-10,A,27.184172736
12552,USGS,01351500,1974-02-11,A,22.8800120528
12553,USGS,01351500,1974-02-12,A,21.1243675636
12554,USGS,01351500,1974-02-13,A,22.795061513
12555,USGS,01351500,1974-02-14,A,30.865362794
12556,USGS,01351500,1974-02-15,A,31.714868192
12557,USGS,01351500,1974-02-16,A,24.409121769200002
12558,USGS,01351500,1974-02-17,A,19.3120893812
12559,USGS,01351500,1974-02-18,A,18.5192176764
12560,USGS,01351500,1974-02-19,A,16.3671373348
12561,USGS,01351500,1974-02-20,A,19.113871455
12562,USGS,01351500,1974-02-21,A,27.3540738156
12563,USGS,01351500,1974-02-22,A,45.30695456
12564,USGS,01351500,1974-02-23,A,218.606055752
12565,USGS,01351500,1974-02-24,A,106.18817475
12566,USGS,01351500,1974-02-25,A,68.243600306
12567,USGS,01351500,1974-02-26,A,57.766367064
12568,USGS,01351500,1974-02-27,A,54.651513938
12569,USGS,01351500,1974-02-28,A,50.403986948000004
12570,USGS,01351500,1974-03-01,A,38.794079842
12571,USGS,01351500,1974-03-02,A,53.80200854
12572,USGS,01351500,1974-03-03,A,42.758438366
12573,USGS,01351500,1974-03-04,A,57.483198598
12574,USGS,01351500,1974-03-05,A,119.780261118
12575,USGS,01351500,1974-03-06,A,123.17828271
12576,USGS,01351500,1974-03-07,A,81.835686674
12577,USGS,01351500,1974-03-08,A,73.340632694
12578,USGS,01351500,1974-03-09,A,65.695084112
12579,USGS,01351500,1974-03-10,A,58.332703996
12580,USGS,01351500,1974-03-11,A,50.403986948000004
12581,USGS,01351500,1974-03-12,A,49.271313084
12582,USGS,01351500,1974-03-13,A,34.829721318000004
12583,USGS,01351500,1974-03-14,A,26.051498872
12584,USGS,01351500,1974-03-15,A,28.2602129068
12585,USGS,01351500,1974-03-16,A,29.732688930000002
12586,USGS,01351500,1974-03-17,A,99.675300032
12587,USGS,01351500,1974-03-18,A,87.499055994
12588,USGS,01351500,1974-03-19,A,59.182209394000004
12589,USGS,01351500,1974-03-20,A,52.952503142000005
12590,USGS,01351500,1974-03-21,A,59.465377860000004
12591,USGS,01351500,1974-03-22,A,118.36441878800001
12592,USGS,01351500,1974-03-23,A,80.70301281
12593,USGS,01351500,1974-03-24,A,95.710941508
12594,USGS,01351500,1974-03-25,A,78.720833548
12595,USGS,01351500,1974-03-26,A,64.845578714
12596,USGS,01351500,1974-03-27,A,42.758438366
12597,USGS,01351500,1974-03-28,A,57.766367064
12598,USGS,01351500,1974-03-29,A,42.4752699
12599,USGS,01351500,1974-03-30,A,31.148531260000002
12600,USGS,01351500,1974-03-31,A,33.98021592
12601,USGS,01351500,1974-04-01,A,41.059427570000004
12602,USGS,01351500,1974-04-02,A,61.447557122
12603,USGS,01351500,1974-04-03,A,112.417881002
12604,USGS,01351500,1974-04-04,A,168.768405736
12605,USGS,01351500,1974-04-05,A,199.916936996
12606,USGS,01351500,1974-04-06,A,246.922902352
12607,USGS,01351500,1974-04-07,A,127.70897816600001
12608,USGS,01351500,1974-04-08,A,115.24956566200001
12609,USGS,01351500,1974-04-09,A,107.320848614
12610,USGS,01351500,1974-04-10,A,96.27727844
12611,USGS,01351500,1974-04-11,A,82.402023606
12612,USGS,01351500,1974-04-12,A,151.49512931
12613,USGS,01351500,1974-04-13,A,169.33474266800002
12614,USGS,01351500,1974-04-14,A,162.255531018
12615,USGS,01351500,1974-04-15,A,232.764479052
12616,USGS,01351500,1974-04-16,A,172.73276426
12617,USGS,01351500,1974-04-17,A,112.70104946800001
12618,USGS,01351500,1974-04-18,A,90.047572188
12619,USGS,01351500,1974-04-19,A,76.172317354
12620,USGS,01351500,1974-04-20,A,55.784187802
12621,USGS,01351500,1974-04-21,A,53.235671608000004
12622,USGS,01351500,1974-04-22,A,43.891112230000005
12623,USGS,01351500,1974-04-23,A,54.085177006
12624,USGS,01351500,1974-04-24,A,45.590123026
12625,USGS,01351500,1974-04-25,A,39.077248308
12626,USGS,01351500,1974-04-26,A,30.582194328
12627,USGS,01351500,1974-04-27,A,29.449520464000003
12628,USGS,01351500,1974-04-28,A,26.2780336448
12629,USGS,01351500,1974-04-29,A,23.8427848372
12630,USGS,01351500,1974-04-30,A,25.966548332200002
12631,USGS,01351500,1974-05-01,A,40.209922172
12632,USGS,01351500,1974-05-02,A,55.501019336
12633,USGS,01351500,1974-05-03,A,33.413878988
12634,USGS,01351500,1974-05-04,A,23.6728837576
12635,USGS,01351500,1974-05-05,A,16.9617911134
12636,USGS,01351500,1974-05-06,A,18.717435602600002
12637,USGS,01351500,1974-05-07,A,26.3063504914
12638,USGS,01351500,1974-05-08,A,34.546552852
12639,USGS,01351500,1974-05-09,A,25.7966472526
12640,USGS,01351500,1974-05-10,A,30.015857396
12641,USGS,01351500,1974-05-11,A,27.2974401224
12642,USGS,01351500,1974-05-12,A,29.449520464000003
12643,USGS,01351500,1974-05-13,A,124.59412504000001
12644,USGS,01351500,1974-05-14,A,117.79808185600001
12645,USGS,01351500,1974-05-15,A,71.358453432
12646,USGS,01351500,1974-05-16,A,54.651513938
12647,USGS,01351500,1974-05-17,A,79.00400201400001
12648,USGS,01351500,1974-05-18,A,71.924790364
12649,USGS,01351500,1974-05-19,A,55.501019336
12650,USGS,01351500,1974-05-20,A,44.740617628
12651,USGS,01351500,1974-05-21,A,38.22774291
12652,USGS,01351500,1974-05-22,A,33.413878988
12653,USGS,01351500,1974-05-23,A,26.8160537302
12654,USGS,01351500,1974-05-24,A,38.22774291
12655,USGS,01351500,1974-05-25,A,40.776259104000005
12656,USGS,01351500,1974-05-26,A,33.413878988
12657,USGS,01351500,1974-05-27,A,27.8354602078
12658,USGS,01351500,1974-05-28,A,25.7966472526
12659,USGS,01351500,1974-05-29,A,22.087140348000002
12660,USGS,01351500,1974-05-30,A,20.6146643248
12661,USGS,01351500,1974-05-31,A,12.7142641234
12662,USGS,01351500,1974-06-01,A,9.8259457702
12663,USGS,01351500,1974-06-02,A,8.6932719062
12664,USGS,01351500,1974-06-03,A,7.6738654286
12665,USGS,01351500,1974-06-04,A,7.2491127296
12666,USGS,01351500,1974-06-05,A,6.8243600306
12667,USGS,01351500,1974-06-06,A,5.8332703996
12668,USGS,01351500,1974-06-07,A,4.955448155
12669,USGS,01351500,1974-06-08,A,4.4740617628
12670,USGS,01351500,1974-06-09,A,4.0493090638
12671,USGS,01351500,1974-06-10,A,3.7944574444
12672,USGS,01351500,1974-06-11,A,3.6528732114
12673,USGS,01351500,1974-06-12,A,3.539605825
12674,USGS,01351500,1974-06-13,A,3.2847542056
12675,USGS,01351500,1974-06-14,A,3.0299025862
12676,USGS,01351500,1974-06-15,A,2.9166351998
12677,USGS,01351500,1974-06-16,A,2.9166351998
12678,USGS,01351500,1974-06-17,A,7.0225779568
12679,USGS,01351500,1974-06-18,A,9.231291991600001
12680,USGS,01351500,1974-06-19,A,5.9748546326000005
12681,USGS,01351500,1974-06-20,A,4.813863922
12682,USGS,01351500,1974-06-21,A,6.3996073316
12683,USGS,01351500,1974-06-22,A,14.583175999
12684,USGS,01351500,1974-06-23,A,8.6932719062
12685,USGS,01351500,1974-06-24,A,6.3996073316
12686,USGS,01351500,1974-06-25,A,7.8720833548
12687,USGS,01351500,1974-06-26,A,7.2491127296
12688,USGS,01351500,1974-06-27,A,7.6738654286
12689,USGS,01351500,1974-06-28,A,7.6738654286
12690,USGS,01351500,1974-06-29,A,5.7766367064
12691,USGS,01351500,1974-06-30,A,4.9837650016
12692,USGS,01351500,1974-07-01,A,4.3324775298
12693,USGS,01351500,1974-07-02,A,4.0493090638
12694,USGS,01351500,1974-07-03,A,365.28732114
12695,USGS,01351500,1974-07-04,A,206.71298018000002
12696,USGS,01351500,1974-07-05,A,82.685192072
12697,USGS,01351500,1974-07-06,A,90.330740654
12698,USGS,01351500,1974-07-07,A,45.30695456
12699,USGS,01351500,1974-07-08,A,32.847542056
12700,USGS,01351500,1974-07-09,A,22.2570414276
12701,USGS,01351500,1974-07-10,A,15.432681397
12702,USGS,01351500,1974-07-11,A,12.034659805
12703,USGS,01351500,1974-07-12,A,10.0807973896
12704,USGS,01351500,1974-07-13,A,8.6932719062
12705,USGS,01351500,1974-07-14,A,7.4473306558
12706,USGS,01351500,1974-07-15,A,10.618817475
12707,USGS,01351500,1974-07-16,A,10.618817475
12708,USGS,01351500,1974-07-17,A,7.4473306558
12709,USGS,01351500,1974-07-18,A,5.9748546326000005
12710,USGS,01351500,1974-07-19,A,5.4651513938
12711,USGS,01351500,1974-07-20,A,5.1253492346
12712,USGS,01351500,1974-07-21,A,4.9837650016
12713,USGS,01351500,1974-07-22,A,4.1625764502000004
12714,USGS,01351500,1974-07-23,A,3.7944574444
12715,USGS,01351500,1974-07-24,A,3.6528732114
12716,USGS,01351500,1974-07-25,A,4.9837650016
12717,USGS,01351500,1974-07-26,A,5.1253492346
12718,USGS,01351500,1974-07-27,A,5.1253492346
12719,USGS,01351500,1974-07-28,A,4.9837650016
12720,USGS,01351500,1974-07-29,A,4.9837650016
12721,USGS,01351500,1974-07-30,A,109.58619634200001
12722,USGS,01351500,1974-07-31,A,38.794079842
12723,USGS,01351500,1974-08-01,A,20.6146643248
12724,USGS,01351500,1974-08-02,A,14.9512950048
12725,USGS,01351500,1974-08-03,A,11.6948576458
12726,USGS,01351500,1974-08-04,A,8.9764403722
12727,USGS,01351500,1974-08-05,A,7.928717048
12728,USGS,01351500,1974-08-06,A,7.928717048
12729,USGS,01351500,1974-08-07,A,6.6261421044
12730,USGS,01351500,1974-08-08,A,5.8332703996
12731,USGS,01351500,1974-08-09,A,5.2952503142000005
12732,USGS,01351500,1974-08-10,A,5.1253492346
12733,USGS,01351500,1974-08-11,A,4.955448155
12734,USGS,01351500,1974-08-12,A,4.3324775298
12735,USGS,01351500,1974-08-13,A,3.7944574444
12736,USGS,01351500,1974-08-14,A,3.539605825
12737,USGS,01351500,1974-08-15,A,3.4263384386
12738,USGS,01351500,1974-08-16,A,3.1714868192
12739,USGS,01351500,1974-08-17,A,3.0582194328
12740,USGS,01351500,1974-08-18,A,2.9449520464
12741,USGS,01351500,1974-08-19,A,2.7467341202
12742,USGS,01351500,1974-08-20,A,2.7467341202
12743,USGS,01351500,1974-08-21,A,2.5485161940000003
12744,USGS,01351500,1974-08-22,A,2.3502982678
12745,USGS,01351500,1974-08-23,A,2.3502982678
12746,USGS,01351500,1974-08-24,A,5.8332703996
12747,USGS,01351500,1974-08-25,A,3.9360416774
12748,USGS,01351500,1974-08-26,A,3.1714868192
12749,USGS,01351500,1974-08-27,A,3.0582194328
12750,USGS,01351500,1974-08-28,A,3.1714868192
12751,USGS,01351500,1974-08-29,A,7.2491127296
12752,USGS,01351500,1974-08-30,A,10.9869364808
12753,USGS,01351500,1974-08-31,A,11.6948576458
12754,USGS,01351500,1974-09-01,A,8.6932719062
12755,USGS,01351500,1974-09-02,A,12.7142641234
12756,USGS,01351500,1974-09-03,A,28.883183532
12757,USGS,01351500,1974-09-04,A,66.827757976
12758,USGS,01351500,1974-09-05,A,35.112889784000004
12759,USGS,01351500,1974-09-06,A,17.6413954318
12760,USGS,01351500,1974-09-07,A,11.8647587254
12761,USGS,01351500,1974-09-08,A,9.1180246052
12762,USGS,01351500,1974-09-09,A,7.7871328150000005
12763,USGS,01351500,1974-09-10,A,6.8243600306
12764,USGS,01351500,1974-09-11,A,6.2013894054000005
12765,USGS,01351500,1974-09-12,A,5.6067356268
12766,USGS,01351500,1974-09-13,A,5.66336932
12767,USGS,01351500,1974-09-14,A,11.32673864
12768,USGS,01351500,1974-09-15,A,11.32673864
12769,USGS,01351500,1974-09-16,A,8.6932719062
12770,USGS,01351500,1974-09-17,A,7.0225779568
12771,USGS,01351500,1974-09-18,A,6.6261421044
12772,USGS,01351500,1974-09-19,A,7.2491127296
12773,USGS,01351500,1974-09-20,A,7.0225779568
12774,USGS,01351500,1974-09-21,A,11.32673864
12775,USGS,01351500,1974-09-22,A,35.962395182
12776,USGS,01351500,1974-09-23,A,22.5685267402
12777,USGS,01351500,1974-09-24,A,13.0823831292
12778,USGS,01351500,1974-09-25,A,10.0807973896
12779,USGS,01351500,1974-09-26,A,9.231291991600001
12780,USGS,01351500,1974-09-27,A,8.7499055994
12781,USGS,01351500,1974-09-28,A,8.1552518208
12782,USGS,01351500,1974-09-29,A,22.738427819800002
12783,USGS,01351500,1974-09-30,A,37.378237512
12784,USGS,01351500,1974-10-01,A,24.1259533032
12785,USGS,01351500,1974-10-02,A,32.56437359
12786,USGS,01351500,1974-10-03,A,24.7206070818
12787,USGS,01351500,1974-10-04,A,19.0006040686
12788,USGS,01351500,1974-10-05,A,16.0556520222
12789,USGS,01351500,1974-10-06,A,13.761987447600001
12790,USGS,01351500,1974-10-07,A,11.8647587254
12791,USGS,01351500,1974-10-08,A,10.0807973896
12792,USGS,01351500,1974-10-09,A,8.8914898324
12793,USGS,01351500,1974-10-10,A,8.381786593600001
12794,USGS,01351500,1974-10-11,A,7.815449661600001
12795,USGS,01351500,1974-10-12,A,7.362380116000001
12796,USGS,01351500,1974-10-13,A,6.9659442636
12797,USGS,01351500,1974-10-14,A,6.456241024800001
12798,USGS,01351500,1974-10-15,A,6.229706252
12799,USGS,01351500,1974-10-16,A,7.1358453432
12800,USGS,01351500,1974-10-17,A,16.99010796
12801,USGS,01351500,1974-10-18,A,14.866344465000001
12802,USGS,01351500,1974-10-19,A,10.5338669352
12803,USGS,01351500,1974-10-20,A,8.6083213664
12804,USGS,01351500,1974-10-21,A,7.9004002014
12805,USGS,01351500,1974-10-22,A,7.220795883
12806,USGS,01351500,1974-10-23,A,6.6544589510000005
12807,USGS,01351500,1974-10-24,A,6.3146567918
12808,USGS,01351500,1974-10-25,A,6.0314883258
12809,USGS,01351500,1974-10-26,A,6.1164388656
12810,USGS,01351500,1974-10-27,A,6.4279241782000005
12811,USGS,01351500,1974-10-28,A,6.003171479200001
12812,USGS,01351500,1974-10-29,A,5.7766367064
12813,USGS,01351500,1974-10-30,A,5.3235671608
12814,USGS,01351500,1974-10-31,A,5.238616621
12815,USGS,01351500,1974-11-01,A,5.238616621
12816,USGS,01351500,1974-11-02,A,5.1253492346
12817,USGS,01351500,1974-11-03,A,4.9271313084
12818,USGS,01351500,1974-11-04,A,5.1536660812
12819,USGS,01351500,1974-11-05,A,15.9423846358
12820,USGS,01351500,1974-11-06,A,35.39605825
12821,USGS,01351500,1974-11-07,A,22.851695206200002
12822,USGS,01351500,1974-11-08,A,16.6786226474
12823,USGS,01351500,1974-11-09,A,13.9035716806
12824,USGS,01351500,1974-11-10,A,12.034659805
12825,USGS,01351500,1974-11-11,A,10.9303027876
12826,USGS,01351500,1974-11-12,A,10.335649009
12827,USGS,01351500,1974-11-13,A,73.906969626
12828,USGS,01351500,1974-11-14,A,60.031714792
12829,USGS,01351500,1974-11-15,A,46.439628424
12830,USGS,01351500,1974-11-16,A,35.39605825
12831,USGS,01351500,1974-11-17,A,27.382390662200002
12832,USGS,01351500,1974-11-18,A,23.927735377
12833,USGS,01351500,1974-11-19,A,20.9827833306
12834,USGS,01351500,1974-11-20,A,20.812882251
12835,USGS,01351500,1974-11-21,A,60.314883258
12836,USGS,01351500,1974-11-22,A,59.182209394000004
12837,USGS,01351500,1974-11-23,A,33.98021592
12838,USGS,01351500,1974-11-24,A,31.431699726
12839,USGS,01351500,1974-11-25,A,35.679226716
12840,USGS,01351500,1974-11-26,A,30.299025862
12841,USGS,01351500,1974-11-27,A,19.538624154
12842,USGS,01351500,1974-11-28,A,19.9916936996
12843,USGS,01351500,1974-11-29,A,17.698029125
12844,USGS,01351500,1974-11-30,A,15.6592161698
12845,USGS,01351500,1974-12-01,A,13.733670601
12846,USGS,01351500,1974-12-02,A,16.9617911134
12847,USGS,01351500,1974-12-03,A,17.5847617386
12848,USGS,01351500,1974-12-04,A,20.954466484
12849,USGS,01351500,1974-12-05,A,18.9439703754
12850,USGS,01351500,1974-12-06,A,19.0855546084
12851,USGS,01351500,1974-12-07,A,18.2077323638
12852,USGS,01351500,1974-12-08,A,76.45548582
12853,USGS,01351500,1974-12-09,A,512.53492346
12854,USGS,01351500,1974-12-10,A,250.887260876
12855,USGS,01351500,1974-12-11,A,130.823831292
12856,USGS,01351500,1974-12-12,A,94.86143611
12857,USGS,01351500,1974-12-13,A,91.180246052
12858,USGS,01351500,1974-12-14,A,88.914898324
12859,USGS,01351500,1974-12-15,A,70.508948034
12860,USGS,01351500,1974-12-16,A,58.04953553
12861,USGS,01351500,1974-12-17,A,55.21785087
12862,USGS,01351500,1974-12-18,A,50.97032388
12863,USGS,01351500,1974-12-19,A,42.758438366
12864,USGS,01351500,1974-12-20,A,49.55448155
12865,USGS,01351500,1974-12-21,A,33.413878988
12866,USGS,01351500,1974-12-22,A,31.148531260000002
12867,USGS,01351500,1974-12-23,A,33.697047454
12868,USGS,01351500,1974-12-24,A,33.413878988
12869,USGS,01351500,1974-12-25,A,28.3168466
12870,USGS,01351500,1974-12-26,A,31.148531260000002
12871,USGS,01351500,1974-12-27,A,27.325756969
12872,USGS,01351500,1974-12-28,A,25.5417956332
12873,USGS,01351500,1974-12-29,A,23.3330815984
12874,USGS,01351500,1974-12-30,A,19.6518915404
12875,USGS,01351500,1974-12-31,A,19.255455688
12876,USGS,01351500,1975-01-01,A,21.520803416
12877,USGS,01351500,1975-01-02,A,19.82179262
12878,USGS,01351500,1975-01-03,A,16.99010796
12879,USGS,01351500,1975-01-04,A,15.857434096
12880,USGS,01351500,1975-01-05,A,15.291097164
12881,USGS,01351500,1975-01-06,A,16.99010796
12882,USGS,01351500,1975-01-07,A,16.99010796
12883,USGS,01351500,1975-01-08,A,12.176244038
12884,USGS,01351500,1975-01-09,A,16.99010796
12885,USGS,01351500,1975-01-10,A,73.62380116
12886,USGS,01351500,1975-01-11,A,122.04560884600001
12887,USGS,01351500,1975-01-12,A,255.984293264
12888,USGS,01351500,1975-01-13,A,141.017896068
12889,USGS,01351500,1975-01-14,A,99.1089631
12890,USGS,01351500,1975-01-15,A,71.358453432
12891,USGS,01351500,1975-01-16,A,56.6336932
12892,USGS,01351500,1975-01-17,A,45.30695456
12893,USGS,01351500,1975-01-18,A,36.81190058
12894,USGS,01351500,1975-01-19,A,48.13863922
12895,USGS,01351500,1975-01-20,A,39.64358524
12896,USGS,01351500,1975-01-21,A,28.3168466
12897,USGS,01351500,1975-01-22,A,26.617835804000002
12898,USGS,01351500,1975-01-23,A,25.48516194
12899,USGS,01351500,1975-01-24,A,33.98021592
12900,USGS,01351500,1975-01-25,A,26.617835804000002
12901,USGS,01351500,1975-01-26,A,75.605980422
12902,USGS,01351500,1975-01-27,A,69.65944263600001
12903,USGS,01351500,1975-01-28,A,45.023786094
12904,USGS,01351500,1975-01-29,A,59.182209394000004
12905,USGS,01351500,1975-01-30,A,134.50502135
12906,USGS,01351500,1975-01-31,A,76.172317354
12907,USGS,01351500,1975-02-01,A,56.6336932
12908,USGS,01351500,1975-02-02,A,45.873291492
12909,USGS,01351500,1975-02-03,A,35.679226716
12910,USGS,01351500,1975-02-04,A,26.051498872
12911,USGS,01351500,1975-02-05,A,25.48516194
12912,USGS,01351500,1975-02-06,A,26.051498872
12913,USGS,01351500,1975-02-07,A,28.3168466
12914,USGS,01351500,1975-02-08,A,31.148531260000002
12915,USGS,01351500,1975-02-09,A,23.786151144
12916,USGS,01351500,1975-02-10,A,19.82179262
12917,USGS,01351500,1975-02-11,A,14.8946613116
12918,USGS,01351500,1975-02-12,A,16.99010796
12919,USGS,01351500,1975-02-13,A,22.65347728
12920,USGS,01351500,1975-02-14,A,23.786151144
12921,USGS,01351500,1975-02-15,A,23.219814212
12922,USGS,01351500,1975-02-16,A,20.954466484
12923,USGS,01351500,1975-02-17,A,19.82179262
12924,USGS,01351500,1975-02-18,A,17.273276426
12925,USGS,01351500,1975-02-19,A,18.122781824
12926,USGS,01351500,1975-02-20,A,25.48516194
12927,USGS,01351500,1975-02-21,A,22.65347728
12928,USGS,01351500,1975-02-22,A,19.82179262
12929,USGS,01351500,1975-02-23,A,33.98021592
12930,USGS,01351500,1975-02-24,A,187.740692958
12931,USGS,01351500,1975-02-25,A,450.23786094
12932,USGS,01351500,1975-02-26,A,273.25756969
12933,USGS,01351500,1975-02-27,A,142.716906864
12934,USGS,01351500,1975-02-28,A,103.639658556
12935,USGS,01351500,1975-03-01,A,87.78222446000001
12936,USGS,01351500,1975-03-02,A,63.71290485
12937,USGS,01351500,1975-03-03,A,52.102997744
12938,USGS,01351500,1975-03-04,A,45.590123026
12939,USGS,01351500,1975-03-05,A,33.98021592
12940,USGS,01351500,1975-03-06,A,31.148531260000002
12941,USGS,01351500,1975-03-07,A,33.98021592
12942,USGS,01351500,1975-03-08,A,36.81190058
12943,USGS,01351500,1975-03-09,A,19.82179262
12944,USGS,01351500,1975-03-10,A,18.689118756
12945,USGS,01351500,1975-03-11,A,22.65347728
12946,USGS,01351500,1975-03-12,A,20.954466484
12947,USGS,01351500,1975-03-13,A,23.786151144
12948,USGS,01351500,1975-03-14,A,23.786151144
12949,USGS,01351500,1975-03-15,A,19.255455688
12950,USGS,01351500,1975-03-16,A,17.9245638978
12951,USGS,01351500,1975-03-17,A,24.9754587012
12952,USGS,01351500,1975-03-18,A,29.166351998
12953,USGS,01351500,1975-03-19,A,29.732688930000002
12954,USGS,01351500,1975-03-20,A,203.314958588
12955,USGS,01351500,1975-03-21,A,226.251604334
12956,USGS,01351500,1975-03-22,A,110.718870206
12957,USGS,01351500,1975-03-23,A,106.47134321600001
12958,USGS,01351500,1975-03-24,A,100.52480543
12959,USGS,01351500,1975-03-25,A,138.186211408
12960,USGS,01351500,1975-03-26,A,126.859472768
12961,USGS,01351500,1975-03-27,A,80.419844344
12962,USGS,01351500,1975-03-28,A,63.146567918
12963,USGS,01351500,1975-03-29,A,61.447557122
12964,USGS,01351500,1975-03-30,A,60.031714792
12965,USGS,01351500,1975-03-31,A,58.332703996
12966,USGS,01351500,1975-04-01,A,48.13863922
12967,USGS,01351500,1975-04-02,A,44.740617628
12968,USGS,01351500,1975-04-03,A,173.582269658
12969,USGS,01351500,1975-04-04,A,356.79226716
12970,USGS,01351500,1975-04-05,A,141.301064534
12971,USGS,01351500,1975-04-06,A,111.285207138
12972,USGS,01351500,1975-04-07,A,82.685192072
12973,USGS,01351500,1975-04-08,A,71.358453432
12974,USGS,01351500,1975-04-09,A,61.447557122
12975,USGS,01351500,1975-04-10,A,56.350524734000004
12976,USGS,01351500,1975-04-11,A,67.11092644200001
12977,USGS,01351500,1975-04-12,A,58.615872462
12978,USGS,01351500,1975-04-13,A,49.837650016
12979,USGS,01351500,1975-04-14,A,47.289133822000004
12980,USGS,01351500,1975-04-15,A,43.607943764
12981,USGS,01351500,1975-04-16,A,45.873291492
12982,USGS,01351500,1975-04-17,A,48.988144618
12983,USGS,01351500,1975-04-18,A,48.704976152
12984,USGS,01351500,1975-04-19,A,57.483198598
12985,USGS,01351500,1975-04-20,A,74.190138092
12986,USGS,01351500,1975-04-21,A,65.411915646
12987,USGS,01351500,1975-04-22,A,51.536660812
12988,USGS,01351500,1975-04-23,A,41.342596036
12989,USGS,01351500,1975-04-24,A,48.13863922
12990,USGS,01351500,1975-04-25,A,51.819829278
12991,USGS,01351500,1975-04-26,A,47.005965356000004
12992,USGS,01351500,1975-04-27,A,45.873291492
12993,USGS,01351500,1975-04-28,A,41.059427570000004
12994,USGS,01351500,1975-04-29,A,31.714868192
12995,USGS,01351500,1975-04-30,A,27.0709053496
12996,USGS,01351500,1975-05-01,A,23.4463489848
12997,USGS,01351500,1975-05-02,A,31.148531260000002
12998,USGS,01351500,1975-05-03,A,34.829721318000004
12999,USGS,01351500,1975-05-04,A,29.732688930000002
13000,USGS,01351500,1975-05-05,A,48.704976152
13001,USGS,01351500,1975-05-06,A,55.784187802
13002,USGS,01351500,1975-05-07,A,97.12678383800001
13003,USGS,01351500,1975-05-08,A,89.764403722
13004,USGS,01351500,1975-05-09,A,60.88122019
13005,USGS,01351500,1975-05-10,A,58.04953553
13006,USGS,01351500,1975-05-11,A,47.289133822000004
13007,USGS,01351500,1975-05-12,A,47.572302288
13008,USGS,01351500,1975-05-13,A,89.19806679
13009,USGS,01351500,1975-05-14,A,74.190138092
13010,USGS,01351500,1975-05-15,A,62.863399452
13011,USGS,01351500,1975-05-16,A,61.447557122
13012,USGS,01351500,1975-05-17,A,57.483198598
13013,USGS,01351500,1975-05-18,A,48.13863922
13014,USGS,01351500,1975-05-19,A,42.4752699
13015,USGS,01351500,1975-05-20,A,38.794079842
13016,USGS,01351500,1975-05-21,A,28.600015066
13017,USGS,01351500,1975-05-22,A,28.0903118272
13018,USGS,01351500,1975-05-23,A,29.166351998
13019,USGS,01351500,1975-05-24,A,26.108132565200002
13020,USGS,01351500,1975-05-25,A,24.012685916800002
13021,USGS,01351500,1975-05-26,A,24.2958543828
13022,USGS,01351500,1975-05-27,A,16.4520878746
13023,USGS,01351500,1975-05-28,A,16.650305800800002
13024,USGS,01351500,1975-05-29,A,11.5532734128
13025,USGS,01351500,1975-05-30,A,7.815449661600001
13026,USGS,01351500,1975-05-31,A,6.2863399452
13027,USGS,01351500,1975-06-01,A,6.2580230986
13028,USGS,01351500,1975-06-02,A,6.3146567918
13029,USGS,01351500,1975-06-03,A,6.8809937238000005
13030,USGS,01351500,1975-06-04,A,10.618817475
13031,USGS,01351500,1975-06-05,A,9.5710941508
13032,USGS,01351500,1975-06-06,A,28.600015066
13033,USGS,01351500,1975-06-07,A,35.39605825
13034,USGS,01351500,1975-06-08,A,27.523974895200002
13035,USGS,01351500,1975-06-09,A,21.7190213422
13036,USGS,01351500,1975-06-10,A,15.2061466242
13037,USGS,01351500,1975-06-11,A,15.4609982436
13038,USGS,01351500,1975-06-12,A,22.4269425072
13039,USGS,01351500,1975-06-13,A,64.562410248
13040,USGS,01351500,1975-06-14,A,45.590123026
13041,USGS,01351500,1975-06-15,A,35.962395182
13042,USGS,01351500,1975-06-16,A,30.582194328
13043,USGS,01351500,1975-06-17,A,23.3330815984
13044,USGS,01351500,1975-06-18,A,22.4835762004
13045,USGS,01351500,1975-06-19,A,14.724760232000001
13046,USGS,01351500,1975-06-20,A,16.706939494
13047,USGS,01351500,1975-06-21,A,13.110699975800001
13048,USGS,01351500,1975-06-22,A,12.034659805
13049,USGS,01351500,1975-06-23,A,10.618817475
13050,USGS,01351500,1975-06-24,A,9.2596088382
13051,USGS,01351500,1975-06-25,A,4.672279689
13052,USGS,01351500,1975-06-26,A,3.6528732114
13053,USGS,01351500,1975-06-27,A,3.0865362794
13054,USGS,01351500,1975-06-28,A,2.9166351998
13055,USGS,01351500,1975-06-29,A,3.5679226716
13056,USGS,01351500,1975-06-30,A,5.550101933600001
13057,USGS,01351500,1975-07-01,A,4.813863922
13058,USGS,01351500,1975-07-02,A,3.539605825
13059,USGS,01351500,1975-07-03,A,3.3130710522
13060,USGS,01351500,1975-07-04,A,2.7467341202
13061,USGS,01351500,1975-07-05,A,2.3502982678
13062,USGS,01351500,1975-07-06,A,2.123763495
13063,USGS,01351500,1975-07-07,A,1.8689118756
13064,USGS,01351500,1975-07-08,A,1.8122781824
13065,USGS,01351500,1975-07-09,A,1.8689118756
13066,USGS,01351500,1975-07-10,A,1.8122781824
13067,USGS,01351500,1975-07-11,A,1.8689118756
13068,USGS,01351500,1975-07-12,A,1.8122781824
13069,USGS,01351500,1975-07-13,A,1.8122781824
13070,USGS,01351500,1975-07-14,A,1.8122781824
13071,USGS,01351500,1975-07-15,A,1.8689118756
13072,USGS,01351500,1975-07-16,A,2.3502982678
13073,USGS,01351500,1975-07-17,A,2.5485161940000003
13074,USGS,01351500,1975-07-18,A,2.0388129552
13075,USGS,01351500,1975-07-19,A,1.8122781824
13076,USGS,01351500,1975-07-20,A,2.0388129552
13077,USGS,01351500,1975-07-21,A,4.1908932968000006
13078,USGS,01351500,1975-07-22,A,7.928717048
13079,USGS,01351500,1975-07-23,A,4.955448155
13080,USGS,01351500,1975-07-24,A,3.6528732114
13081,USGS,01351500,1975-07-25,A,4.4740617628
13082,USGS,01351500,1975-07-26,A,4.643962842400001
13083,USGS,01351500,1975-07-27,A,3.6528732114
13084,USGS,01351500,1975-07-28,A,2.6334667338
13085,USGS,01351500,1975-07-29,A,2.123763495
13086,USGS,01351500,1975-07-30,A,1.9538624154000002
13087,USGS,01351500,1975-07-31,A,1.8689118756
13088,USGS,01351500,1975-08-01,A,1.5857434096
13089,USGS,01351500,1975-08-02,A,1.4724760232
13090,USGS,01351500,1975-08-03,A,1.2459412504
13091,USGS,01351500,1975-08-04,A,1.41584233
13092,USGS,01351500,1975-08-05,A,2.1803971882
13093,USGS,01351500,1975-08-06,A,2.5485161940000003
13094,USGS,01351500,1975-08-07,A,5.8332703996
13095,USGS,01351500,1975-08-08,A,18.717435602600002
13096,USGS,01351500,1975-08-09,A,14.5548591524
13097,USGS,01351500,1975-08-10,A,7.4473306558
13098,USGS,01351500,1975-08-11,A,4.955448155
13099,USGS,01351500,1975-08-12,A,5.66336932
13100,USGS,01351500,1975-08-13,A,5.1253492346
13101,USGS,01351500,1975-08-14,A,4.1908932968000006
13102,USGS,01351500,1975-08-15,A,3.539605825
13103,USGS,01351500,1975-08-16,A,3.7944574444
13104,USGS,01351500,1975-08-17,A,2.8600015066
13105,USGS,01351500,1975-08-18,A,2.4635656542
13106,USGS,01351500,1975-08-19,A,2.1803971882
13107,USGS,01351500,1975-08-20,A,1.9538624154000002
13108,USGS,01351500,1975-08-21,A,1.6706939494
13109,USGS,01351500,1975-08-22,A,1.5291097164
13110,USGS,01351500,1975-08-23,A,1.3592086368
13111,USGS,01351500,1975-08-24,A,1.3592086368
13112,USGS,01351500,1975-08-25,A,1.41584233
13113,USGS,01351500,1975-08-26,A,1.5291097164
13114,USGS,01351500,1975-08-27,A,1.5291097164
13115,USGS,01351500,1975-08-28,A,1.3592086368
13116,USGS,01351500,1975-08-29,A,1.3592086368
13117,USGS,01351500,1975-08-30,A,30.015857396
13118,USGS,01351500,1975-08-31,A,26.3063504914
13119,USGS,01351500,1975-09-01,A,10.7320848614
13120,USGS,01351500,1975-09-02,A,7.4473306558
13121,USGS,01351500,1975-09-03,A,6.6261421044
13122,USGS,01351500,1975-09-04,A,5.4651513938
13123,USGS,01351500,1975-09-05,A,4.4740617628
13124,USGS,01351500,1975-09-06,A,3.9360416774
13125,USGS,01351500,1975-09-07,A,3.6528732114
13126,USGS,01351500,1975-09-08,A,3.4263384386
13127,USGS,01351500,1975-09-09,A,3.539605825
13128,USGS,01351500,1975-09-10,A,3.6528732114
13129,USGS,01351500,1975-09-11,A,3.3130710522
13130,USGS,01351500,1975-09-12,A,3.0582194328
13131,USGS,01351500,1975-09-13,A,3.539605825
13132,USGS,01351500,1975-09-14,A,3.6528732114
13133,USGS,01351500,1975-09-15,A,3.1714868192
13134,USGS,01351500,1975-09-16,A,2.7467341202
13135,USGS,01351500,1975-09-17,A,2.6334667338
13136,USGS,01351500,1975-09-18,A,2.5485161940000003
13137,USGS,01351500,1975-09-19,A,2.5485161940000003
13138,USGS,01351500,1975-09-20,A,2.8600015066
13139,USGS,01351500,1975-09-21,A,4.4740617628
13140,USGS,01351500,1975-09-22,A,7.4473306558
13141,USGS,01351500,1975-09-23,A,6.229706252
13142,USGS,01351500,1975-09-24,A,10.1091142362
13143,USGS,01351500,1975-09-25,A,86.649550596
13144,USGS,01351500,1975-09-26,A,103.35649009000001
13145,USGS,01351500,1975-09-27,A,158.857509426
13146,USGS,01351500,1975-09-28,A,70.508948034
13147,USGS,01351500,1975-09-29,A,40.209922172
13148,USGS,01351500,1975-09-30,A,28.3168466
13149,USGS,01351500,1975-10-01,A,22.6251604334
13150,USGS,01351500,1975-10-02,A,17.839613358
13151,USGS,01351500,1975-10-03,A,15.3477308572
13152,USGS,01351500,1975-10-04,A,13.0823831292
13153,USGS,01351500,1975-10-05,A,11.3833723332
13154,USGS,01351500,1975-10-06,A,10.4205995488
13155,USGS,01351500,1975-10-07,A,9.2596088382
13156,USGS,01351500,1975-10-08,A,8.4384202868
13157,USGS,01351500,1975-10-09,A,7.6738654286
13158,USGS,01351500,1975-10-10,A,7.0225779568
13159,USGS,01351500,1975-10-11,A,6.6261421044
13160,USGS,01351500,1975-10-12,A,7.4473306558
13161,USGS,01351500,1975-10-13,A,8.4384202868
13162,USGS,01351500,1975-10-14,A,15.3477308572
13163,USGS,01351500,1975-10-15,A,16.9617911134
13164,USGS,01351500,1975-10-16,A,14.1867401466
13165,USGS,01351500,1975-10-17,A,12.3744619642
13166,USGS,01351500,1975-10-18,A,334.13878988
13167,USGS,01351500,1975-10-19,A,212.093181034
13168,USGS,01351500,1975-10-20,A,170.184248066
13169,USGS,01351500,1975-10-21,A,88.34856139200001
13170,USGS,01351500,1975-10-22,A,60.598051724
13171,USGS,01351500,1975-10-23,A,45.30695456
13172,USGS,01351500,1975-10-24,A,35.679226716
13173,USGS,01351500,1975-10-25,A,30.015857396
13174,USGS,01351500,1975-10-26,A,32.847542056
13175,USGS,01351500,1975-10-27,A,26.8160537302
13176,USGS,01351500,1975-10-28,A,22.087140348000002
13177,USGS,01351500,1975-10-29,A,19.6518915404
13178,USGS,01351500,1975-10-30,A,17.839613358
13179,USGS,01351500,1975-10-31,A,15.3477308572
13180,USGS,01351500,1975-11-01,A,13.818621140800001
13181,USGS,01351500,1975-11-02,A,12.7142641234
13182,USGS,01351500,1975-11-03,A,11.6948576458
13183,USGS,01351500,1975-11-04,A,12.034659805
13184,USGS,01351500,1975-11-05,A,12.034659805
13185,USGS,01351500,1975-11-06,A,10.4205995488
13186,USGS,01351500,1975-11-07,A,9.5427773042
13187,USGS,01351500,1975-11-08,A,9.5427773042
13188,USGS,01351500,1975-11-09,A,10.1091142362
13189,USGS,01351500,1975-11-10,A,9.2596088382
13190,USGS,01351500,1975-11-11,A,9.8259457702
13191,USGS,01351500,1975-11-12,A,10.7320848614
13192,USGS,01351500,1975-11-13,A,37.095069046
13193,USGS,01351500,1975-11-14,A,53.235671608000004
13194,USGS,01351500,1975-11-15,A,45.873291492
13195,USGS,01351500,1975-11-16,A,42.192101434
13196,USGS,01351500,1975-11-17,A,46.156459958
13197,USGS,01351500,1975-11-18,A,45.873291492
13198,USGS,01351500,1975-11-19,A,40.493090638
13199,USGS,01351500,1975-11-20,A,33.130710522
13200,USGS,01351500,1975-11-21,A,43.041606832
13201,USGS,01351500,1975-11-22,A,77.588159684
13202,USGS,01351500,1975-11-23,A,43.891112230000005
13203,USGS,01351500,1975-11-24,A,35.112889784000004
13204,USGS,01351500,1975-11-25,A,29.732688930000002
13205,USGS,01351500,1975-11-26,A,25.9948651788
13206,USGS,01351500,1975-11-27,A,28.1469455204
13207,USGS,01351500,1975-11-28,A,45.30695456
13208,USGS,01351500,1975-11-29,A,32.847542056
13209,USGS,01351500,1975-11-30,A,26.5895189574
13210,USGS,01351500,1975-12-01,A,33.98021592
13211,USGS,01351500,1975-12-02,A,37.944574444000004
13212,USGS,01351500,1975-12-03,A,29.166351998
13213,USGS,01351500,1975-12-04,A,24.4374386158
13214,USGS,01351500,1975-12-05,A,19.878426313200002
13215,USGS,01351500,1975-12-06,A,21.662387649
13216,USGS,01351500,1975-12-07,A,24.7206070818
13217,USGS,01351500,1975-12-08,A,17.0750584998
13218,USGS,01351500,1975-12-09,A,16.3954541814
13219,USGS,01351500,1975-12-10,A,25.7966472526
13220,USGS,01351500,1975-12-11,A,33.697047454
13221,USGS,01351500,1975-12-12,A,23.5312995246
13222,USGS,01351500,1975-12-13,A,19.368723074400002
13223,USGS,01351500,1975-12-14,A,17.4714943522
13224,USGS,01351500,1975-12-15,A,19.1421883016
13225,USGS,01351500,1975-12-16,A,20.4164463986
13226,USGS,01351500,1975-12-17,A,16.6219889542
13227,USGS,01351500,1975-12-18,A,14.8097107718
13228,USGS,01351500,1975-12-19,A,10.8736690944
13229,USGS,01351500,1975-12-20,A,10.477233242
13230,USGS,01351500,1975-12-21,A,11.893075572
13231,USGS,01351500,1975-12-22,A,13.592086368
13232,USGS,01351500,1975-12-23,A,13.025749436
13233,USGS,01351500,1975-12-24,A,12.74258097
13234,USGS,01351500,1975-12-25,A,16.423771028
13235,USGS,01351500,1975-12-26,A,19.82179262
13236,USGS,01351500,1975-12-27,A,22.65347728
13237,USGS,01351500,1975-12-28,A,28.3168466
13238,USGS,01351500,1975-12-29,A,22.65347728
13239,USGS,01351500,1975-12-30,A,19.82179262
13240,USGS,01351500,1975-12-31,A,22.087140348000002
13241,USGS,01351500,1976-01-01,A,25.48516194
13242,USGS,01351500,1976-01-02,A,20.954466484
13243,USGS,01351500,1976-01-03,A,22.65347728
13244,USGS,01351500,1976-01-04,A,19.82179262
13245,USGS,01351500,1976-01-05,A,15.857434096
13246,USGS,01351500,1976-01-06,A,12.74258097
13247,USGS,01351500,1976-01-07,A,11.893075572
13248,USGS,01351500,1976-01-08,A,11.893075572
13249,USGS,01351500,1976-01-09,A,12.459412504
13250,USGS,01351500,1976-01-10,A,13.592086368
13251,USGS,01351500,1976-01-11,A,15.291097164
13252,USGS,01351500,1976-01-12,A,16.99010796
13253,USGS,01351500,1976-01-13,A,19.82179262
13254,USGS,01351500,1976-01-14,A,21.520803416
13255,USGS,01351500,1976-01-15,A,23.219814212
13256,USGS,01351500,1976-01-16,A,19.82179262
13257,USGS,01351500,1976-01-17,A,16.99010796
13258,USGS,01351500,1976-01-18,A,12.74258097
13259,USGS,01351500,1976-01-19,A,13.025749436
13260,USGS,01351500,1976-01-20,A,14.1584233
13261,USGS,01351500,1976-01-21,A,17.556444892000002
13262,USGS,01351500,1976-01-22,A,16.99010796
13263,USGS,01351500,1976-01-23,A,16.99010796
13264,USGS,01351500,1976-01-24,A,19.82179262
13265,USGS,01351500,1976-01-25,A,17.556444892000002
13266,USGS,01351500,1976-01-26,A,16.423771028
13267,USGS,01351500,1976-01-27,A,198.2179262
13268,USGS,01351500,1976-01-28,A,224.552593538
13269,USGS,01351500,1976-01-29,A,109.303027876
13270,USGS,01351500,1976-01-30,A,70.508948034
13271,USGS,01351500,1976-01-31,A,43.891112230000005
13272,USGS,01351500,1976-02-01,A,40.209922172
13273,USGS,01351500,1976-02-02,A,111.568375604
13274,USGS,01351500,1976-02-03,A,97.69312077000001
13275,USGS,01351500,1976-02-04,A,82.11885514000001
13276,USGS,01351500,1976-02-05,A,69.37627417
13277,USGS,01351500,1976-02-06,A,56.350524734000004
13278,USGS,01351500,1976-02-07,A,46.439628424
13279,USGS,01351500,1976-02-08,A,41.908932968
13280,USGS,01351500,1976-02-09,A,39.360416774
13281,USGS,01351500,1976-02-10,A,34.829721318000004
13282,USGS,01351500,1976-02-11,A,41.059427570000004
13283,USGS,01351500,1976-02-12,A,65.978252578
13284,USGS,01351500,1976-02-13,A,52.952503142000005
13285,USGS,01351500,1976-02-14,A,74.473306558
13286,USGS,01351500,1976-02-15,A,52.952503142000005
13287,USGS,01351500,1976-02-16,A,85.516876732
13288,USGS,01351500,1976-02-17,A,273.54073815600003
13289,USGS,01351500,1976-02-18,A,235.59616371200002
13290,USGS,01351500,1976-02-19,A,342.63384386
13291,USGS,01351500,1976-02-20,A,232.19814212
13292,USGS,01351500,1976-02-21,A,134.50502135
13293,USGS,01351500,1976-02-22,A,260.798157186
13294,USGS,01351500,1976-02-23,A,246.63973388600002
13295,USGS,01351500,1976-02-24,A,119.780261118
13296,USGS,01351500,1976-02-25,A,108.170354012
13297,USGS,01351500,1976-02-26,A,101.091142362
13298,USGS,01351500,1976-02-27,A,106.754511682
13299,USGS,01351500,1976-02-28,A,104.205995488
13300,USGS,01351500,1976-02-29,A,82.685192072
13301,USGS,01351500,1976-03-01,A,81.835686674
13302,USGS,01351500,1976-03-02,A,72.77429576200001
13303,USGS,01351500,1976-03-03,A,61.730725588
13304,USGS,01351500,1976-03-04,A,56.067356268000005
13305,USGS,01351500,1976-03-05,A,188.30702989
13306,USGS,01351500,1976-03-06,A,210.39417023800002
13307,USGS,01351500,1976-03-07,A,120.629766516
13308,USGS,01351500,1976-03-08,A,89.764403722
13309,USGS,01351500,1976-03-09,A,65.411915646
13310,USGS,01351500,1976-03-10,A,59.182209394000004
13311,USGS,01351500,1976-03-11,A,59.182209394000004
13312,USGS,01351500,1976-03-12,A,47.005965356000004
13313,USGS,01351500,1976-03-13,A,44.174280696000004
13314,USGS,01351500,1976-03-14,A,50.403986948000004
13315,USGS,01351500,1976-03-15,A,43.041606832
13316,USGS,01351500,1976-03-16,A,36.245563648
13317,USGS,01351500,1976-03-17,A,32.56437359
13318,USGS,01351500,1976-03-18,A,26.221399951600002
13319,USGS,01351500,1976-03-19,A,34.263384386
13320,USGS,01351500,1976-03-20,A,80.136675878
13321,USGS,01351500,1976-03-21,A,108.736690944
13322,USGS,01351500,1976-03-22,A,109.303027876
13323,USGS,01351500,1976-03-23,A,69.37627417
13324,USGS,01351500,1976-03-24,A,52.102997744
13325,USGS,01351500,1976-03-25,A,46.439628424
13326,USGS,01351500,1976-03-26,A,44.457449162
13327,USGS,01351500,1976-03-27,A,31.714868192
13328,USGS,01351500,1976-03-28,A,112.13471253600001
13329,USGS,01351500,1976-03-29,A,80.70301281
13330,USGS,01351500,1976-03-30,A,56.916861666
13331,USGS,01351500,1976-03-31,A,51.819829278
13332,USGS,01351500,1976-04-01,A,164.804047212
13333,USGS,01351500,1976-04-02,A,226.251604334
13334,USGS,01351500,1976-04-03,A,132.522842088
13335,USGS,01351500,1976-04-04,A,97.976289236
13336,USGS,01351500,1976-04-05,A,76.172317354
13337,USGS,01351500,1976-04-06,A,63.429736384
13338,USGS,01351500,1976-04-07,A,55.784187802
13339,USGS,01351500,1976-04-08,A,48.421807686
13340,USGS,01351500,1976-04-09,A,41.625764502
13341,USGS,01351500,1976-04-10,A,38.794079842
13342,USGS,01351500,1976-04-11,A,33.98021592
13343,USGS,01351500,1976-04-12,A,31.431699726
13344,USGS,01351500,1976-04-13,A,29.166351998
13345,USGS,01351500,1976-04-14,A,27.750509668
13346,USGS,01351500,1976-04-15,A,22.4552593538
13347,USGS,01351500,1976-04-16,A,64.279241782
13348,USGS,01351500,1976-04-17,A,85.800045198
13349,USGS,01351500,1976-04-18,A,45.023786094
13350,USGS,01351500,1976-04-19,A,32.56437359
13351,USGS,01351500,1976-04-20,A,27.269123275800002
13352,USGS,01351500,1976-04-21,A,30.015857396
13353,USGS,01351500,1976-04-22,A,30.865362794
13354,USGS,01351500,1976-04-23,A,23.5596163712
13355,USGS,01351500,1976-04-24,A,23.4180321382
13356,USGS,01351500,1976-04-25,A,31.431699726
13357,USGS,01351500,1976-04-26,A,234.18032138200002
13358,USGS,01351500,1976-04-27,A,172.449595794
13359,USGS,01351500,1976-04-28,A,127.14264123400001
13360,USGS,01351500,1976-04-29,A,104.489163954
13361,USGS,01351500,1976-04-30,A,81.55251820800001
13362,USGS,01351500,1976-05-01,A,64.562410248
13363,USGS,01351500,1976-05-02,A,103.35649009000001
13364,USGS,01351500,1976-05-03,A,105.621837818
13365,USGS,01351500,1976-05-04,A,105.055500886
13366,USGS,01351500,1976-05-05,A,74.473306558
13367,USGS,01351500,1976-05-06,A,60.88122019
13368,USGS,01351500,1976-05-07,A,53.80200854
13369,USGS,01351500,1976-05-08,A,54.934682404
13370,USGS,01351500,1976-05-09,A,48.421807686
13371,USGS,01351500,1976-05-10,A,36.81190058
13372,USGS,01351500,1976-05-11,A,33.697047454
13373,USGS,01351500,1976-05-12,A,55.21785087
13374,USGS,01351500,1976-05-13,A,59.182209394000004
13375,USGS,01351500,1976-05-14,A,44.740617628
13376,USGS,01351500,1976-05-15,A,43.607943764
13377,USGS,01351500,1976-05-16,A,35.39605825
13378,USGS,01351500,1976-05-17,A,32.281205124
13379,USGS,01351500,1976-05-18,A,43.041606832
13380,USGS,01351500,1976-05-19,A,137.619874476
13381,USGS,01351500,1976-05-20,A,235.02982678
13382,USGS,01351500,1976-05-21,A,208.695159442
13383,USGS,01351500,1976-05-22,A,160.839688688
13384,USGS,01351500,1976-05-23,A,113.2673864
13385,USGS,01351500,1976-05-24,A,87.78222446000001
13386,USGS,01351500,1976-05-25,A,73.906969626
13387,USGS,01351500,1976-05-26,A,68.526768772
13388,USGS,01351500,1976-05-27,A,65.695084112
13389,USGS,01351500,1976-05-28,A,52.38616621
13390,USGS,01351500,1976-05-29,A,43.041606832
13391,USGS,01351500,1976-05-30,A,33.130710522
13392,USGS,01351500,1976-05-31,A,31.431699726
13393,USGS,01351500,1976-06-01,A,33.697047454
13394,USGS,01351500,1976-06-02,A,51.536660812
13395,USGS,01351500,1976-06-03,A,36.81190058
13396,USGS,01351500,1976-06-04,A,21.7756550354
13397,USGS,01351500,1976-06-05,A,13.9318885272
13398,USGS,01351500,1976-06-06,A,11.32673864
13399,USGS,01351500,1976-06-07,A,21.379219183
13400,USGS,01351500,1976-06-08,A,25.0887260876
13401,USGS,01351500,1976-06-09,A,13.6487200612
13402,USGS,01351500,1976-06-10,A,12.657630430200001
13403,USGS,01351500,1976-06-11,A,15.0362455446
13404,USGS,01351500,1976-06-12,A,14.724760232000001
13405,USGS,01351500,1976-06-13,A,10.4489163954
13406,USGS,01351500,1976-06-14,A,8.5233708266
13407,USGS,01351500,1976-06-15,A,16.565355261
13408,USGS,01351500,1976-06-16,A,22.7667446664
13409,USGS,01351500,1976-06-17,A,17.9245638978
13410,USGS,01351500,1976-06-18,A,18.8023861424
13411,USGS,01351500,1976-06-19,A,12.600996737000001
13412,USGS,01351500,1976-06-20,A,9.4578267644
13413,USGS,01351500,1976-06-21,A,15.007928698
13414,USGS,01351500,1976-06-22,A,16.0556520222
13415,USGS,01351500,1976-06-23,A,14.016839067000001
13416,USGS,01351500,1976-06-24,A,13.6487200612
13417,USGS,01351500,1976-06-25,A,11.0718870206
13418,USGS,01351500,1976-06-26,A,11.298421793400001
13419,USGS,01351500,1976-06-27,A,8.6932719062
13420,USGS,01351500,1976-06-28,A,7.4473306558
13421,USGS,01351500,1976-06-29,A,6.0314883258
13422,USGS,01351500,1976-06-30,A,6.9659442636
13423,USGS,01351500,1976-07-01,A,64.279241782
13424,USGS,01351500,1976-07-02,A,48.704976152
13425,USGS,01351500,1976-07-03,A,28.883183532
13426,USGS,01351500,1976-07-04,A,16.9334742668
13427,USGS,01351500,1976-07-05,A,13.7053537544
13428,USGS,01351500,1976-07-06,A,13.054066282600001
13429,USGS,01351500,1976-07-07,A,20.104961086
13430,USGS,01351500,1976-07-08,A,12.7992146632
13431,USGS,01351500,1976-07-09,A,11.8647587254
13432,USGS,01351500,1976-07-10,A,13.6770369078
13433,USGS,01351500,1976-07-11,A,9.627727844
13434,USGS,01351500,1976-07-12,A,7.0508948034
13435,USGS,01351500,1976-07-13,A,10.7320848614
13436,USGS,01351500,1976-07-14,A,8.9481235256
13437,USGS,01351500,1976-07-15,A,8.778222446000001
13438,USGS,01351500,1976-07-16,A,6.4845578714
13439,USGS,01351500,1976-07-17,A,5.7483198598000005
13440,USGS,01351500,1976-07-18,A,6.1447557122
13441,USGS,01351500,1976-07-19,A,4.5590123026
13442,USGS,01351500,1976-07-20,A,3.7378237512
13443,USGS,01351500,1976-07-21,A,3.3413878988
13444,USGS,01351500,1976-07-22,A,3.0582194328
13445,USGS,01351500,1976-07-23,A,2.9449520464
13446,USGS,01351500,1976-07-24,A,2.9166351998
13447,USGS,01351500,1976-07-25,A,2.6617835804
13448,USGS,01351500,1976-07-26,A,2.4635656542
13449,USGS,01351500,1976-07-27,A,2.2936645746
13450,USGS,01351500,1976-07-28,A,2.2087140348
13451,USGS,01351500,1976-07-29,A,1.982179262
13452,USGS,01351500,1976-07-30,A,2.3219814212000003
13453,USGS,01351500,1976-07-31,A,2.6334667338
13454,USGS,01351500,1976-08-01,A,4.4457449162
13455,USGS,01351500,1976-08-02,A,4.4174280696
13456,USGS,01351500,1976-08-03,A,3.256437359
13457,USGS,01351500,1976-08-04,A,2.4918825008
13458,USGS,01351500,1976-08-05,A,2.0388129552
13459,USGS,01351500,1976-08-06,A,1.8405950290000002
13460,USGS,01351500,1976-08-07,A,2.123763495
13461,USGS,01351500,1976-08-08,A,5.1536660812
13462,USGS,01351500,1976-08-09,A,5.3235671608
13463,USGS,01351500,1976-08-10,A,58.899040928000005
13464,USGS,01351500,1976-08-11,A,49.837650016
13465,USGS,01351500,1976-08-12,A,16.3105036416
13466,USGS,01351500,1976-08-13,A,9.627727844
13467,USGS,01351500,1976-08-14,A,7.9853507412
13468,USGS,01351500,1976-08-15,A,8.0136675878
13469,USGS,01351500,1976-08-16,A,6.9659442636
13470,USGS,01351500,1976-08-17,A,5.7766367064
13471,USGS,01351500,1976-08-18,A,4.8421807686000005
13472,USGS,01351500,1976-08-19,A,4.1625764502000004
13473,USGS,01351500,1976-08-20,A,3.6245563648
13474,USGS,01351500,1976-08-21,A,3.2847542056
13475,USGS,01351500,1976-08-22,A,2.973268893
13476,USGS,01351500,1976-08-23,A,2.6617835804
13477,USGS,01351500,1976-08-24,A,2.5201993474
13478,USGS,01351500,1976-08-25,A,2.265347728
13479,USGS,01351500,1976-08-26,A,2.265347728
13480,USGS,01351500,1976-08-27,A,3.0299025862
13481,USGS,01351500,1976-08-28,A,3.6811900580000003
13482,USGS,01351500,1976-08-29,A,3.114853126
13483,USGS,01351500,1976-08-30,A,2.5485161940000003
13484,USGS,01351500,1976-08-31,A,2.1520803416
13485,USGS,01351500,1976-09-01,A,2.5485161940000003
13486,USGS,01351500,1976-09-02,A,4.24752699
13487,USGS,01351500,1976-09-03,A,2.5485161940000003
13488,USGS,01351500,1976-09-04,A,2.2936645746
13489,USGS,01351500,1976-09-05,A,2.1803971882
13490,USGS,01351500,1976-09-06,A,1.9538624154000002
13491,USGS,01351500,1976-09-07,A,1.7556444892
13492,USGS,01351500,1976-09-08,A,1.6706939494
13493,USGS,01351500,1976-09-09,A,1.5857434096
13494,USGS,01351500,1976-09-10,A,1.6706939494
13495,USGS,01351500,1976-09-11,A,1.8689118756
13496,USGS,01351500,1976-09-12,A,2.1803971882
13497,USGS,01351500,1976-09-13,A,2.123763495
13498,USGS,01351500,1976-09-14,A,1.9538624154000002
13499,USGS,01351500,1976-09-15,A,1.7273276426000002
13500,USGS,01351500,1976-09-16,A,1.5291097164
13501,USGS,01351500,1976-09-17,A,1.8689118756
13502,USGS,01351500,1976-09-18,A,2.4635656542
13503,USGS,01351500,1976-09-19,A,2.9449520464
13504,USGS,01351500,1976-09-20,A,2.9449520464
13505,USGS,01351500,1976-09-21,A,2.6334667338
13506,USGS,01351500,1976-09-22,A,2.265347728
13507,USGS,01351500,1976-09-23,A,2.0388129552
13508,USGS,01351500,1976-09-24,A,1.9538624154000002
13509,USGS,01351500,1976-09-25,A,1.7273276426000002
13510,USGS,01351500,1976-09-26,A,1.6706939494
13511,USGS,01351500,1976-09-27,A,2.3502982678
13512,USGS,01351500,1976-09-28,A,4.643962842400001
13513,USGS,01351500,1976-09-29,A,4.955448155
13514,USGS,01351500,1976-09-30,A,3.9360416774
13515,USGS,01351500,1976-10-01,A,2.8600015066
13516,USGS,01351500,1976-10-02,A,2.4635656542
13517,USGS,01351500,1976-10-03,A,2.1803971882
13518,USGS,01351500,1976-10-04,A,2.0388129552
13519,USGS,01351500,1976-10-05,A,1.8689118756
13520,USGS,01351500,1976-10-06,A,1.8689118756
13521,USGS,01351500,1976-10-07,A,1.7273276426000002
13522,USGS,01351500,1976-10-08,A,2.123763495
13523,USGS,01351500,1976-10-09,A,89.19806679
13524,USGS,01351500,1976-10-10,A,97.12678383800001
13525,USGS,01351500,1976-10-11,A,30.582194328
13526,USGS,01351500,1976-10-12,A,17.839613358
13527,USGS,01351500,1976-10-13,A,13.450502135
13528,USGS,01351500,1976-10-14,A,21.5774371092
13529,USGS,01351500,1976-10-15,A,27.2974401224
13530,USGS,01351500,1976-10-16,A,19.6518915404
13531,USGS,01351500,1976-10-17,A,15.7441667096
13532,USGS,01351500,1976-10-18,A,12.3744619642
13533,USGS,01351500,1976-10-19,A,10.1091142362
13534,USGS,01351500,1976-10-20,A,11.043570174000001
13535,USGS,01351500,1976-10-21,A,123.461451176
13536,USGS,01351500,1976-10-22,A,66.827757976
13537,USGS,01351500,1976-10-23,A,37.095069046
13538,USGS,01351500,1976-10-24,A,27.3540738156
13539,USGS,01351500,1976-10-25,A,34.263384386
13540,USGS,01351500,1976-10-26,A,52.102997744
13541,USGS,01351500,1976-10-27,A,41.908932968
13542,USGS,01351500,1976-10-28,A,28.600015066
13543,USGS,01351500,1976-10-29,A,23.6162500644
13544,USGS,01351500,1976-10-30,A,20.104961086
13545,USGS,01351500,1976-10-31,A,27.042588503
13546,USGS,01351500,1976-11-01,A,37.661405978
13547,USGS,01351500,1976-11-02,A,24.2392206896
13548,USGS,01351500,1976-11-03,A,20.812882251
13549,USGS,01351500,1976-11-04,A,24.1259533032
13550,USGS,01351500,1976-11-05,A,24.1259533032
13551,USGS,01351500,1976-11-06,A,26.6744694972
13552,USGS,01351500,1976-11-07,A,34.263384386
13553,USGS,01351500,1976-11-08,A,35.112889784000004
13554,USGS,01351500,1976-11-09,A,36.528732114
13555,USGS,01351500,1976-11-10,A,26.8443705768
13556,USGS,01351500,1976-11-11,A,26.3913010312
13557,USGS,01351500,1976-11-12,A,22.087140348000002
13558,USGS,01351500,1976-11-13,A,21.039417023800002
13559,USGS,01351500,1976-11-14,A,19.0855546084
13560,USGS,01351500,1976-11-15,A,16.8202068804
13561,USGS,01351500,1976-11-16,A,15.857434096
13562,USGS,01351500,1976-11-17,A,15.319414010600001
13563,USGS,01351500,1976-11-18,A,14.300007533
13564,USGS,01351500,1976-11-19,A,14.6964433854
13565,USGS,01351500,1976-11-20,A,13.5354526748
13566,USGS,01351500,1976-11-21,A,12.1196103448
13567,USGS,01351500,1976-11-22,A,11.043570174000001
13568,USGS,01351500,1976-11-23,A,10.590500628400001
13569,USGS,01351500,1976-11-24,A,9.486143611000001
13570,USGS,01351500,1976-11-25,A,8.353469747
13571,USGS,01351500,1976-11-26,A,7.8720833548
13572,USGS,01351500,1976-11-27,A,8.4384202868
13573,USGS,01351500,1976-11-28,A,9.1180246052
13574,USGS,01351500,1976-11-29,A,10.0241636964
13575,USGS,01351500,1976-11-30,A,10.0241636964
13576,USGS,01351500,1976-12-01,A,7.07921165
13577,USGS,01351500,1976-12-02,A,7.07921165
13578,USGS,01351500,1976-12-03,A,8.211885514
13579,USGS,01351500,1976-12-04,A,9.91089631
13580,USGS,01351500,1976-12-05,A,15.4893150902
13581,USGS,01351500,1976-12-06,A,18.830702989
13582,USGS,01351500,1976-12-07,A,37.378237512
13583,USGS,01351500,1976-12-08,A,143.283243796
13584,USGS,01351500,1976-12-09,A,56.6336932
13585,USGS,01351500,1976-12-10,A,38.510911376
13586,USGS,01351500,1976-12-11,A,43.607943764
13587,USGS,01351500,1976-12-12,A,36.245563648
13588,USGS,01351500,1976-12-13,A,30.865362794
13589,USGS,01351500,1976-12-14,A,15.4043645504
13590,USGS,01351500,1976-12-15,A,26.0798157186
13591,USGS,01351500,1976-12-16,A,29.449520464000003
13592,USGS,01351500,1976-12-17,A,20.2182284724
13593,USGS,01351500,1976-12-18,A,19.0289209152
13594,USGS,01351500,1976-12-19,A,16.3671373348
13595,USGS,01351500,1976-12-20,A,12.4310956574
13596,USGS,01351500,1976-12-21,A,19.113871455
13597,USGS,01351500,1976-12-22,A,16.508721567800002
13598,USGS,01351500,1976-12-23,A,10.9303027876
13599,USGS,01351500,1976-12-24,A,9.939213156600001
13600,USGS,01351500,1976-12-25,A,9.231291991600001
13601,USGS,01351500,1976-12-26,A,9.061390912
13602,USGS,01351500,1976-12-27,A,7.928717048
13603,USGS,01351500,1976-12-28,A,7.928717048
13604,USGS,01351500,1976-12-29,A,8.211885514
13605,USGS,01351500,1976-12-30,A,7.645548582
13606,USGS,01351500,1976-12-31,A,7.362380116000001
13607,USGS,01351500,1977-01-01,A,7.07921165
13608,USGS,01351500,1977-01-02,A,6.796043184
13609,USGS,01351500,1977-01-03,A,6.512874718
13610,USGS,01351500,1977-01-04,A,6.229706252
13611,USGS,01351500,1977-01-05,A,5.946537786
13612,USGS,01351500,1977-01-06,A,5.66336932
13613,USGS,01351500,1977-01-07,A,5.380200854
13614,USGS,01351500,1977-01-08,A,5.097032388000001
13615,USGS,01351500,1977-01-09,A,5.097032388000001
13616,USGS,01351500,1977-01-10,A,4.813863922
13617,USGS,01351500,1977-01-11,A,4.530695456
13618,USGS,01351500,1977-01-12,A,3.6811900580000003
13619,USGS,01351500,1977-01-13,A,3.398021592
13620,USGS,01351500,1977-01-14,A,3.114853126
13621,USGS,01351500,1977-01-15,A,3.114853126
13622,USGS,01351500,1977-01-16,A,2.83168466
13623,USGS,01351500,1977-01-17,A,2.83168466
13624,USGS,01351500,1977-01-18,A,2.83168466
13625,USGS,01351500,1977-01-19,A,3.114853126
13626,USGS,01351500,1977-01-20,A,3.6811900580000003
13627,USGS,01351500,1977-01-21,A,4.24752699
13628,USGS,01351500,1977-01-22,A,4.530695456
13629,USGS,01351500,1977-01-23,A,4.530695456
13630,USGS,01351500,1977-01-24,A,3.964358524
13631,USGS,01351500,1977-01-25,A,3.964358524
13632,USGS,01351500,1977-01-26,A,3.964358524
13633,USGS,01351500,1977-01-27,A,4.24752699
13634,USGS,01351500,1977-01-28,A,4.24752699
13635,USGS,01351500,1977-01-29,A,3.964358524
13636,USGS,01351500,1977-01-30,A,3.6811900580000003
13637,USGS,01351500,1977-01-31,A,3.398021592
13638,USGS,01351500,1977-02-01,A,3.114853126
13639,USGS,01351500,1977-02-02,A,2.83168466
13640,USGS,01351500,1977-02-03,A,2.83168466
13641,USGS,01351500,1977-02-04,A,2.83168466
13642,USGS,01351500,1977-02-05,A,2.7184172736
13643,USGS,01351500,1977-02-06,A,2.7184172736
13644,USGS,01351500,1977-02-07,A,2.7184172736
13645,USGS,01351500,1977-02-08,A,2.7184172736
13646,USGS,01351500,1977-02-09,A,2.83168466
13647,USGS,01351500,1977-02-10,A,2.83168466
13648,USGS,01351500,1977-02-11,A,3.114853126
13649,USGS,01351500,1977-02-12,A,3.6811900580000003
13650,USGS,01351500,1977-02-13,A,4.530695456
13651,USGS,01351500,1977-02-14,A,5.66336932
13652,USGS,01351500,1977-02-15,A,5.66336932
13653,USGS,01351500,1977-02-16,A,5.097032388000001
13654,USGS,01351500,1977-02-17,A,4.530695456
13655,USGS,01351500,1977-02-18,A,3.964358524
13656,USGS,01351500,1977-02-19,A,3.398021592
13657,USGS,01351500,1977-02-20,A,3.114853126
13658,USGS,01351500,1977-02-21,A,3.114853126
13659,USGS,01351500,1977-02-22,A,3.398021592
13660,USGS,01351500,1977-02-23,A,4.24752699
13661,USGS,01351500,1977-02-24,A,7.07921165
13662,USGS,01351500,1977-02-25,A,28.3168466
13663,USGS,01351500,1977-02-26,A,65.12874718
13664,USGS,01351500,1977-02-27,A,33.98021592
13665,USGS,01351500,1977-02-28,A,48.13863922
13666,USGS,01351500,1977-03-01,A,36.81190058
13667,USGS,01351500,1977-03-02,A,28.3168466
13668,USGS,01351500,1977-03-03,A,19.82179262
13669,USGS,01351500,1977-03-04,A,25.48516194
13670,USGS,01351500,1977-03-05,A,136.204032146
13671,USGS,01351500,1977-03-06,A,164.23771028000002
13672,USGS,01351500,1977-03-07,A,83.53469747
13673,USGS,01351500,1977-03-08,A,57.483198598
13674,USGS,01351500,1977-03-09,A,65.12874718
13675,USGS,01351500,1977-03-10,A,164.23771028000002
13676,USGS,01351500,1977-03-11,A,201.04961086
13677,USGS,01351500,1977-03-12,A,198.2179262
13678,USGS,01351500,1977-03-13,A,387.94079842
13679,USGS,01351500,1977-03-14,A,897.64403722
13680,USGS,01351500,1977-03-15,A,543.68345472
13681,USGS,01351500,1977-03-16,A,288.83183532
13682,USGS,01351500,1977-03-17,A,186.89118756
13683,USGS,01351500,1977-03-18,A,121.76244038
13684,USGS,01351500,1977-03-19,A,96.27727844
13685,USGS,01351500,1977-03-20,A,87.78222446000001
13686,USGS,01351500,1977-03-21,A,73.62380116
13687,USGS,01351500,1977-03-22,A,70.7921165
13688,USGS,01351500,1977-03-23,A,76.45548582
13689,USGS,01351500,1977-03-24,A,62.297062520000004
13690,USGS,01351500,1977-03-25,A,59.465377860000004
13691,USGS,01351500,1977-03-26,A,53.80200854
13692,USGS,01351500,1977-03-27,A,53.80200854
13693,USGS,01351500,1977-03-28,A,53.80200854
13694,USGS,01351500,1977-03-29,A,150.07928698
13695,USGS,01351500,1977-03-30,A,622.9706252
13696,USGS,01351500,1977-03-31,A,707.921165
13697,USGS,01351500,1977-04-01,A,376.61405978
13698,USGS,01351500,1977-04-02,A,181.22781824
13699,USGS,01351500,1977-04-03,A,164.23771028000002
13700,USGS,01351500,1977-04-04,A,141.584233
13701,USGS,01351500,1977-04-05,A,124.59412504000001
13702,USGS,01351500,1977-04-06,A,150.07928698
13703,USGS,01351500,1977-04-07,A,130.25749436
13704,USGS,01351500,1977-04-08,A,82.11885514000001
13705,USGS,01351500,1977-04-09,A,76.45548582
13706,USGS,01351500,1977-04-10,A,65.12874718
13707,USGS,01351500,1977-04-11,A,62.297062520000004
13708,USGS,01351500,1977-04-12,A,53.80200854
13709,USGS,01351500,1977-04-13,A,50.97032388
13710,USGS,01351500,1977-04-14,A,53.80200854
13711,USGS,01351500,1977-04-15,A,53.80200854
13712,USGS,01351500,1977-04-16,A,53.80200854
13713,USGS,01351500,1977-04-17,A,48.13863922
13714,USGS,01351500,1977-04-18,A,45.30695456
13715,USGS,01351500,1977-04-19,A,45.30695456
13716,USGS,01351500,1977-04-20,A,39.64358524
13717,USGS,01351500,1977-04-21,A,22.65347728
13718,USGS,01351500,1977-04-22,A,15.291097164
13719,USGS,01351500,1977-04-23,A,14.1584233
13720,USGS,01351500,1977-04-24,A,232.19814212
13721,USGS,01351500,1977-04-25,A,331.30710522
13722,USGS,01351500,1977-04-26,A,203.88129552
13723,USGS,01351500,1977-04-27,A,130.25749436
13724,USGS,01351500,1977-04-28,A,96.27727844
13725,USGS,01351500,1977-04-29,A,79.28717048
13726,USGS,01351500,1977-04-30,A,65.12874718
13727,USGS,01351500,1977-05-01,A,53.80200854
13728,USGS,01351500,1977-05-02,A,45.30695456
13729,USGS,01351500,1977-05-03,A,45.30695456
13730,USGS,01351500,1977-05-04,A,39.64358524
13731,USGS,01351500,1977-05-05,A,42.4752699
13732,USGS,01351500,1977-05-06,A,45.30695456
13733,USGS,01351500,1977-05-07,A,39.64358524
13734,USGS,01351500,1977-05-08,A,39.64358524
13735,USGS,01351500,1977-05-09,A,23.219814212
13736,USGS,01351500,1977-05-10,A,93.44559378
13737,USGS,01351500,1977-05-11,A,184.0595029
13738,USGS,01351500,1977-05-12,A,178.39613358
13739,USGS,01351500,1977-05-13,A,141.584233
13740,USGS,01351500,1977-05-14,A,130.25749436
13741,USGS,01351500,1977-05-15,A,87.78222446000001
13742,USGS,01351500,1977-05-16,A,67.96043184
13743,USGS,01351500,1977-05-17,A,59.465377860000004
13744,USGS,01351500,1977-05-18,A,53.80200854
13745,USGS,01351500,1977-05-19,A,56.6336932
13746,USGS,01351500,1977-05-20,A,59.465377860000004
13747,USGS,01351500,1977-05-21,A,53.80200854
13748,USGS,01351500,1977-05-22,A,42.4752699
13749,USGS,01351500,1977-05-23,A,39.64358524
13750,USGS,01351500,1977-05-24,A,31.714868192
13751,USGS,01351500,1977-05-25,A,23.219814212
13752,USGS,01351500,1977-05-26,A,24.635656542
13753,USGS,01351500,1977-05-27,A,12.74258097
13754,USGS,01351500,1977-05-28,A,14.1584233
13755,USGS,01351500,1977-05-29,A,11.043570174000001
13756,USGS,01351500,1977-05-30,A,10.760401708
13757,USGS,01351500,1977-05-31,A,10.760401708
13758,USGS,01351500,1977-06-01,A,7.928717048
13759,USGS,01351500,1977-06-02,A,7.645548582
13760,USGS,01351500,1977-06-03,A,7.362380116000001
13761,USGS,01351500,1977-06-04,A,6.796043184
13762,USGS,01351500,1977-06-05,A,6.512874718
13763,USGS,01351500,1977-06-06,A,5.804953553
13764,USGS,01351500,1977-06-07,A,5.380200854
13765,USGS,01351500,1977-06-08,A,5.097032388000001
13766,USGS,01351500,1977-06-09,A,4.1908932968000006
13767,USGS,01351500,1977-06-10,A,7.0225779568
13768,USGS,01351500,1977-06-11,A,10.618817475
13769,USGS,01351500,1977-06-12,A,7.2491127296
13770,USGS,01351500,1977-06-13,A,5.5784187802
13771,USGS,01351500,1977-06-14,A,4.9271313084
13772,USGS,01351500,1977-06-15,A,4.7572302288
13773,USGS,01351500,1977-06-16,A,3.9926753706
13774,USGS,01351500,1977-06-17,A,3.4263384386
13775,USGS,01351500,1977-06-18,A,3.1714868192
13776,USGS,01351500,1977-06-19,A,3.114853126
13777,USGS,01351500,1977-06-20,A,3.3413878988
13778,USGS,01351500,1977-06-21,A,3.3130710522
13779,USGS,01351500,1977-06-22,A,3.0865362794
13780,USGS,01351500,1977-06-23,A,2.8883183532
13781,USGS,01351500,1977-06-24,A,2.4352488076
13782,USGS,01351500,1977-06-25,A,2.3502982678
13783,USGS,01351500,1977-06-26,A,2.6051498872
13784,USGS,01351500,1977-06-27,A,3.1714868192
13785,USGS,01351500,1977-06-28,A,2.7467341202
13786,USGS,01351500,1977-06-29,A,2.3502982678
13787,USGS,01351500,1977-06-30,A,2.123763495
13788,USGS,01351500,1977-07-01,A,2.0671298018
13789,USGS,01351500,1977-07-02,A,1.9255455688
13790,USGS,01351500,1977-07-03,A,1.6706939494
13791,USGS,01351500,1977-07-04,A,1.557426563
13792,USGS,01351500,1977-07-05,A,1.4724760232
13793,USGS,01351500,1977-07-06,A,1.3592086368
13794,USGS,01351500,1977-07-07,A,1.3308917902
13795,USGS,01351500,1977-07-08,A,1.3308917902
13796,USGS,01351500,1977-07-09,A,1.3592086368
13797,USGS,01351500,1977-07-10,A,1.3308917902
13798,USGS,01351500,1977-07-11,A,1.2459412504
13799,USGS,01351500,1977-07-12,A,1.3875254834000001
13800,USGS,01351500,1977-07-13,A,2.123763495
13801,USGS,01351500,1977-07-14,A,2.7750509668000003
13802,USGS,01351500,1977-07-15,A,2.406931961
13803,USGS,01351500,1977-07-16,A,2.123763495
13804,USGS,01351500,1977-07-17,A,1.6423771028
13805,USGS,01351500,1977-07-18,A,1.3025749436
13806,USGS,01351500,1977-07-19,A,1.132673864
13807,USGS,01351500,1977-07-20,A,0.991089631
13808,USGS,01351500,1977-07-21,A,0.9061390912
13809,USGS,01351500,1977-07-22,A,0.8211885514
13810,USGS,01351500,1977-07-23,A,0.7362380116
13811,USGS,01351500,1977-07-24,A,0.707921165
13812,USGS,01351500,1977-07-25,A,0.849505398
13813,USGS,01351500,1977-07-26,A,0.9061390912
13814,USGS,01351500,1977-07-27,A,0.9627727844
13815,USGS,01351500,1977-07-28,A,1.0194064776
13816,USGS,01351500,1977-07-29,A,0.991089631
13817,USGS,01351500,1977-07-30,A,0.9061390912
13818,USGS,01351500,1977-07-31,A,0.849505398
13819,USGS,01351500,1977-08-01,A,0.8211885514
13820,USGS,01351500,1977-08-02,A,0.8211885514
13821,USGS,01351500,1977-08-03,A,0.8211885514
13822,USGS,01351500,1977-08-04,A,1.0194064776
13823,USGS,01351500,1977-08-05,A,1.0477233242000001
13824,USGS,01351500,1977-08-06,A,0.9627727844
13825,USGS,01351500,1977-08-07,A,1.0477233242000001
13826,USGS,01351500,1977-08-08,A,1.0760401708
13827,USGS,01351500,1977-08-09,A,0.991089631
13828,USGS,01351500,1977-08-10,A,0.991089631
13829,USGS,01351500,1977-08-11,A,1.2459412504
13830,USGS,01351500,1977-08-12,A,2.2087140348
13831,USGS,01351500,1977-08-13,A,3.3697047454
13832,USGS,01351500,1977-08-14,A,2.83168466
13833,USGS,01351500,1977-08-15,A,2.5201993474
13834,USGS,01351500,1977-08-16,A,2.2087140348
13835,USGS,01351500,1977-08-17,A,2.0104961086
13836,USGS,01351500,1977-08-18,A,5.380200854
13837,USGS,01351500,1977-08-19,A,4.4740617628
13838,USGS,01351500,1977-08-20,A,2.7467341202
13839,USGS,01351500,1977-08-21,A,2.0388129552
13840,USGS,01351500,1977-08-22,A,1.7273276426000002
13841,USGS,01351500,1977-08-23,A,1.699010796
13842,USGS,01351500,1977-08-24,A,1.699010796
13843,USGS,01351500,1977-08-25,A,1.6423771028
13844,USGS,01351500,1977-08-26,A,1.4724760232
13845,USGS,01351500,1977-08-27,A,1.3025749436
13846,USGS,01351500,1977-08-28,A,1.1609907106000001
13847,USGS,01351500,1977-08-29,A,1.0477233242000001
13848,USGS,01351500,1977-08-30,A,0.9344559378
13849,USGS,01351500,1977-08-31,A,0.849505398
13850,USGS,01351500,1977-09-01,A,0.8778222446
13851,USGS,01351500,1977-09-02,A,1.0194064776
13852,USGS,01351500,1977-09-03,A,0.9627727844
13853,USGS,01351500,1977-09-04,A,0.849505398
13854,USGS,01351500,1977-09-05,A,0.8211885514
13855,USGS,01351500,1977-09-06,A,0.7645548582
13856,USGS,01351500,1977-09-07,A,0.7362380116
13857,USGS,01351500,1977-09-08,A,0.707921165
13858,USGS,01351500,1977-09-09,A,0.6796043184
13859,USGS,01351500,1977-09-10,A,0.6512874718
13860,USGS,01351500,1977-09-11,A,0.6229706252
13861,USGS,01351500,1977-09-12,A,0.566336932
13862,USGS,01351500,1977-09-13,A,0.5946537786
13863,USGS,01351500,1977-09-14,A,1.0477233242000001
13864,USGS,01351500,1977-09-15,A,1.2459412504
13865,USGS,01351500,1977-09-16,A,1.6706939494
13866,USGS,01351500,1977-09-17,A,2.5201993474
13867,USGS,01351500,1977-09-18,A,3.7661405978
13868,USGS,01351500,1977-09-19,A,6.2863399452
13869,USGS,01351500,1977-09-20,A,41.342596036
13870,USGS,01351500,1977-09-21,A,75.605980422
13871,USGS,01351500,1977-09-22,A,30.865362794
13872,USGS,01351500,1977-09-23,A,19.4253567676
13873,USGS,01351500,1977-09-24,A,14.3566412262
13874,USGS,01351500,1977-09-25,A,49.55448155
13875,USGS,01351500,1977-09-26,A,88.631729858
13876,USGS,01351500,1977-09-27,A,102.223816226
13877,USGS,01351500,1977-09-28,A,48.704976152
13878,USGS,01351500,1977-09-29,A,46.439628424
13879,USGS,01351500,1977-09-30,A,33.130710522
13880,USGS,01351500,1977-10-01,A,23.6728837576
13881,USGS,01351500,1977-10-02,A,131.390168224
13882,USGS,01351500,1977-10-03,A,82.402023606
13883,USGS,01351500,1977-10-04,A,56.067356268000005
13884,USGS,01351500,1977-10-05,A,40.776259104000005
13885,USGS,01351500,1977-10-06,A,27.8354602078
13886,USGS,01351500,1977-10-07,A,25.315260860400002
13887,USGS,01351500,1977-10-08,A,19.1705051482
13888,USGS,01351500,1977-10-09,A,24.7489239284
13889,USGS,01351500,1977-10-10,A,42.758438366
13890,USGS,01351500,1977-10-11,A,30.582194328
13891,USGS,01351500,1977-10-12,A,25.7966472526
13892,USGS,01351500,1977-10-13,A,19.6518915404
13893,USGS,01351500,1977-10-14,A,16.5370384144
13894,USGS,01351500,1977-10-15,A,37.095069046
13895,USGS,01351500,1977-10-16,A,42.758438366
13896,USGS,01351500,1977-10-17,A,569.16861666
13897,USGS,01351500,1977-10-18,A,645.62410248
13898,USGS,01351500,1977-10-19,A,261.364494118
13899,USGS,01351500,1977-10-20,A,209.54466484
13900,USGS,01351500,1977-10-21,A,148.946613116
13901,USGS,01351500,1977-10-22,A,110.43570174
13902,USGS,01351500,1977-10-23,A,90.047572188
13903,USGS,01351500,1977-10-24,A,70.508948034
13904,USGS,01351500,1977-10-25,A,60.598051724
13905,USGS,01351500,1977-10-26,A,51.253492346
13906,USGS,01351500,1977-10-27,A,41.625764502
13907,USGS,01351500,1977-10-28,A,35.112889784000004
13908,USGS,01351500,1977-10-29,A,30.015857396
13909,USGS,01351500,1977-10-30,A,24.7489239284
13910,USGS,01351500,1977-10-31,A,22.087140348000002
13911,USGS,01351500,1977-11-01,A,18.264366057
13912,USGS,01351500,1977-11-02,A,14.9512950048
13913,USGS,01351500,1977-11-03,A,12.034659805
13914,USGS,01351500,1977-11-04,A,11.6948576458
13915,USGS,01351500,1977-11-05,A,11.3833723332
13916,USGS,01351500,1977-11-06,A,14.1867401466
13917,USGS,01351500,1977-11-07,A,13.450502135
13918,USGS,01351500,1977-11-08,A,162.255531018
13919,USGS,01351500,1977-11-09,A,832.51529004
13920,USGS,01351500,1977-11-10,A,288.83183532
13921,USGS,01351500,1977-11-11,A,297.3268893
13922,USGS,01351500,1977-11-12,A,185.758513696
13923,USGS,01351500,1977-11-13,A,124.59412504000001
13924,USGS,01351500,1977-11-14,A,97.976289236
13925,USGS,01351500,1977-11-15,A,81.55251820800001
13926,USGS,01351500,1977-11-16,A,71.924790364
13927,USGS,01351500,1977-11-17,A,66.827757976
13928,USGS,01351500,1977-11-18,A,81.55251820800001
13929,USGS,01351500,1977-11-19,A,66.827757976
13930,USGS,01351500,1977-11-20,A,52.669334676
13931,USGS,01351500,1977-11-21,A,46.439628424
13932,USGS,01351500,1977-11-22,A,45.873291492
13933,USGS,01351500,1977-11-23,A,40.776259104000005
13934,USGS,01351500,1977-11-24,A,40.209922172
13935,USGS,01351500,1977-11-25,A,36.245563648
13936,USGS,01351500,1977-11-26,A,39.64358524
13937,USGS,01351500,1977-11-27,A,39.64358524
13938,USGS,01351500,1977-11-28,A,35.679226716
13939,USGS,01351500,1977-11-29,A,35.679226716
13940,USGS,01351500,1977-11-30,A,33.413878988
13941,USGS,01351500,1977-12-01,A,133.372347486
13942,USGS,01351500,1977-12-02,A,218.889224218
13943,USGS,01351500,1977-12-03,A,142.433738398
13944,USGS,01351500,1977-12-04,A,107.037680148
13945,USGS,01351500,1977-12-05,A,81.55251820800001
13946,USGS,01351500,1977-12-06,A,76.738654286
13947,USGS,01351500,1977-12-07,A,69.65944263600001
13948,USGS,01351500,1977-12-08,A,55.501019336
13949,USGS,01351500,1977-12-09,A,53.235671608000004
13950,USGS,01351500,1977-12-10,A,45.30695456
13951,USGS,01351500,1977-12-11,A,36.245563648
13952,USGS,01351500,1977-12-12,A,35.112889784000004
13953,USGS,01351500,1977-12-13,A,44.740617628
13954,USGS,01351500,1977-12-14,A,63.71290485
13955,USGS,01351500,1977-12-15,A,291.66351998
13956,USGS,01351500,1977-12-16,A,196.80208387000002
13957,USGS,01351500,1977-12-17,A,122.611945778
13958,USGS,01351500,1977-12-18,A,91.746582984
13959,USGS,01351500,1977-12-19,A,79.00400201400001
13960,USGS,01351500,1977-12-20,A,69.65944263600001
13961,USGS,01351500,1977-12-21,A,64.562410248
13962,USGS,01351500,1977-12-22,A,77.588159684
13963,USGS,01351500,1977-12-23,A,63.71290485
13964,USGS,01351500,1977-12-24,A,54.085177006
13965,USGS,01351500,1977-12-25,A,62.297062520000004
13966,USGS,01351500,1977-12-26,A,67.96043184
13967,USGS,01351500,1977-12-27,A,50.97032388
13968,USGS,01351500,1977-12-28,A,43.324775298
13969,USGS,01351500,1977-12-29,A,40.776259104000005
13970,USGS,01351500,1977-12-30,A,39.64358524
13971,USGS,01351500,1977-12-31,A,42.4752699
13972,USGS,01351500,1978-01-01,A,36.81190058
13973,USGS,01351500,1978-01-02,A,31.148531260000002
13974,USGS,01351500,1978-01-03,A,28.3168466
13975,USGS,01351500,1978-01-04,A,28.3168466
13976,USGS,01351500,1978-01-05,A,26.617835804000002
13977,USGS,01351500,1978-01-06,A,29.449520464000003
13978,USGS,01351500,1978-01-07,A,24.7489239284
13979,USGS,01351500,1978-01-08,A,25.315260860400002
13980,USGS,01351500,1978-01-09,A,455.90123026000003
13981,USGS,01351500,1978-01-10,A,404.93090638
13982,USGS,01351500,1978-01-11,A,165.65355261
13983,USGS,01351500,1978-01-12,A,105.90500628400001
13984,USGS,01351500,1978-01-13,A,84.101034402
13985,USGS,01351500,1978-01-14,A,74.473306558
13986,USGS,01351500,1978-01-15,A,62.013894054000005
13987,USGS,01351500,1978-01-16,A,53.235671608000004
13988,USGS,01351500,1978-01-17,A,49.837650016
13989,USGS,01351500,1978-01-18,A,48.13863922
13990,USGS,01351500,1978-01-19,A,53.80200854
13991,USGS,01351500,1978-01-20,A,53.80200854
13992,USGS,01351500,1978-01-21,A,48.13863922
13993,USGS,01351500,1978-01-22,A,42.4752699
13994,USGS,01351500,1978-01-23,A,48.13863922
13995,USGS,01351500,1978-01-24,A,48.13863922
13996,USGS,01351500,1978-01-25,A,52.669334676
13997,USGS,01351500,1978-01-26,A,133.372347486
13998,USGS,01351500,1978-01-27,A,328.47542056000003
13999,USGS,01351500,1978-01-28,A,166.78622647400002
14000,USGS,01351500,1978-01-29,A,104.205995488
14001,USGS,01351500,1978-01-30,A,74.473306558
14002,USGS,01351500,1978-01-31,A,64.562410248
14003,USGS,01351500,1978-02-01,A,54.085177006
14004,USGS,01351500,1978-02-02,A,47.289133822000004
14005,USGS,01351500,1978-02-03,A,40.776259104000005
14006,USGS,01351500,1978-02-04,A,32.281205124
14007,USGS,01351500,1978-02-05,A,31.148531260000002
14008,USGS,01351500,1978-02-06,A,36.81190058
14009,USGS,01351500,1978-02-07,A,39.64358524
14010,USGS,01351500,1978-02-08,A,42.4752699
14011,USGS,01351500,1978-02-09,A,33.98021592
14012,USGS,01351500,1978-02-10,A,31.148531260000002
14013,USGS,01351500,1978-02-11,A,31.148531260000002
14014,USGS,01351500,1978-02-12,A,31.148531260000002
14015,USGS,01351500,1978-02-13,A,28.3168466
14016,USGS,01351500,1978-02-14,A,25.48516194
14017,USGS,01351500,1978-02-15,A,22.65347728
14018,USGS,01351500,1978-02-16,A,16.99010796
14019,USGS,01351500,1978-02-17,A,14.724760232000001
14020,USGS,01351500,1978-02-18,A,15.857434096
14021,USGS,01351500,1978-02-19,A,15.857434096
14022,USGS,01351500,1978-02-20,A,15.291097164
14023,USGS,01351500,1978-02-21,A,14.724760232000001
14024,USGS,01351500,1978-02-22,A,14.1584233
14025,USGS,01351500,1978-02-23,A,12.176244038
14026,USGS,01351500,1978-02-24,A,11.32673864
14027,USGS,01351500,1978-02-25,A,10.477233242
14028,USGS,01351500,1978-02-26,A,9.91089631
14029,USGS,01351500,1978-02-27,A,9.061390912
14030,USGS,01351500,1978-02-28,A,7.928717048
14031,USGS,01351500,1978-03-01,A,7.928717048
14032,USGS,01351500,1978-03-02,A,9.91089631
14033,USGS,01351500,1978-03-03,A,9.061390912
14034,USGS,01351500,1978-03-04,A,7.645548582
14035,USGS,01351500,1978-03-05,A,6.512874718
14036,USGS,01351500,1978-03-06,A,6.512874718
14037,USGS,01351500,1978-03-07,A,6.229706252
14038,USGS,01351500,1978-03-08,A,6.229706252
14039,USGS,01351500,1978-03-09,A,6.796043184
14040,USGS,01351500,1978-03-10,A,7.645548582
14041,USGS,01351500,1978-03-11,A,8.49505398
14042,USGS,01351500,1978-03-12,A,7.07921165
14043,USGS,01351500,1978-03-13,A,7.07921165
14044,USGS,01351500,1978-03-14,A,10.1091142362
14045,USGS,01351500,1978-03-15,A,45.30695456
14046,USGS,01351500,1978-03-16,A,62.013894054000005
14047,USGS,01351500,1978-03-17,A,37.095069046
14048,USGS,01351500,1978-03-18,A,31.714868192
14049,USGS,01351500,1978-03-19,A,26.3063504914
14050,USGS,01351500,1978-03-20,A,29.449520464000003
14051,USGS,01351500,1978-03-21,A,58.332703996
14052,USGS,01351500,1978-03-22,A,302.99025862
14053,USGS,01351500,1978-03-23,A,214.924865694
14054,USGS,01351500,1978-03-24,A,209.54466484
14055,USGS,01351500,1978-03-25,A,130.25749436
14056,USGS,01351500,1978-03-26,A,103.35649009000001
14057,USGS,01351500,1978-03-27,A,180.661481308
14058,USGS,01351500,1978-03-28,A,325.6437359
14059,USGS,01351500,1978-03-29,A,220.305066548
14060,USGS,01351500,1978-03-30,A,177.263459716
14061,USGS,01351500,1978-03-31,A,147.813939252
14062,USGS,01351500,1978-04-01,A,205.58030631600002
14063,USGS,01351500,1978-04-02,A,370.95069046000003
14064,USGS,01351500,1978-04-03,A,190.57237761800002
14065,USGS,01351500,1978-04-04,A,136.487200612
14066,USGS,01351500,1978-04-05,A,184.34267136600002
14067,USGS,01351500,1978-04-06,A,162.255531018
14068,USGS,01351500,1978-04-07,A,159.99018329
14069,USGS,01351500,1978-04-08,A,158.857509426
14070,USGS,01351500,1978-04-09,A,119.780261118
14071,USGS,01351500,1978-04-10,A,104.205995488
14072,USGS,01351500,1978-04-11,A,102.506984692
14073,USGS,01351500,1978-04-12,A,167.91890033800001
14074,USGS,01351500,1978-04-13,A,162.255531018
14075,USGS,01351500,1978-04-14,A,155.45948783400002
14076,USGS,01351500,1978-04-15,A,116.948576458
14077,USGS,01351500,1978-04-16,A,89.19806679
14078,USGS,01351500,1978-04-17,A,71.924790364
14079,USGS,01351500,1978-04-18,A,65.12874718
14080,USGS,01351500,1978-04-19,A,60.598051724
14081,USGS,01351500,1978-04-20,A,77.588159684
14082,USGS,01351500,1978-04-21,A,100.80797389600001
14083,USGS,01351500,1978-04-22,A,76.738654286
14084,USGS,01351500,1978-04-23,A,61.447557122
14085,USGS,01351500,1978-04-24,A,50.403986948000004
14086,USGS,01351500,1978-04-25,A,48.421807686
14087,USGS,01351500,1978-04-26,A,43.891112230000005
14088,USGS,01351500,1978-04-27,A,40.776259104000005
14089,USGS,01351500,1978-04-28,A,34.546552852
14090,USGS,01351500,1978-04-29,A,28.3168466
14091,USGS,01351500,1978-04-30,A,30.015857396
14092,USGS,01351500,1978-05-01,A,24.210903843
14093,USGS,01351500,1978-05-02,A,19.6518915404
14094,USGS,01351500,1978-05-03,A,13.0823831292
14095,USGS,01351500,1978-05-04,A,10.1091142362
14096,USGS,01351500,1978-05-05,A,9.2596088382
14097,USGS,01351500,1978-05-06,A,10.1091142362
14098,USGS,01351500,1978-05-07,A,14.9512950048
14099,USGS,01351500,1978-05-08,A,16.140602562
14100,USGS,01351500,1978-05-09,A,14.5548591524
14101,USGS,01351500,1978-05-10,A,25.315260860400002
14102,USGS,01351500,1978-05-11,A,29.449520464000003
14103,USGS,01351500,1978-05-12,A,21.5774371092
14104,USGS,01351500,1978-05-13,A,18.264366057
14105,USGS,01351500,1978-05-14,A,19.6518915404
14106,USGS,01351500,1978-05-15,A,63.71290485
14107,USGS,01351500,1978-05-16,A,108.736690944
14108,USGS,01351500,1978-05-17,A,193.120893812
14109,USGS,01351500,1978-05-18,A,150.928792378
14110,USGS,01351500,1978-05-19,A,127.4258097
14111,USGS,01351500,1978-05-20,A,91.746582984
14112,USGS,01351500,1978-05-21,A,71.924790364
14113,USGS,01351500,1978-05-22,A,62.013894054000005
14114,USGS,01351500,1978-05-23,A,50.403986948000004
14115,USGS,01351500,1978-05-24,A,40.776259104000005
14116,USGS,01351500,1978-05-25,A,41.625764502
14117,USGS,01351500,1978-05-26,A,45.30695456
14118,USGS,01351500,1978-05-27,A,34.546552852
14119,USGS,01351500,1978-05-28,A,28.883183532
14120,USGS,01351500,1978-05-29,A,25.7966472526
14121,USGS,01351500,1978-05-30,A,22.087140348000002
14122,USGS,01351500,1978-05-31,A,22.087140348000002
14123,USGS,01351500,1978-06-01,A,35.112889784000004
14124,USGS,01351500,1978-06-02,A,20.133277932600002
14125,USGS,01351500,1978-06-03,A,12.7142641234
14126,USGS,01351500,1978-06-04,A,14.5548591524
14127,USGS,01351500,1978-06-05,A,11.3833723332
14128,USGS,01351500,1978-06-06,A,9.8259457702
14129,USGS,01351500,1978-06-07,A,15.7441667096
14130,USGS,01351500,1978-06-08,A,30.015857396
14131,USGS,01351500,1978-06-09,A,49.271313084
14132,USGS,01351500,1978-06-10,A,45.30695456
14133,USGS,01351500,1978-06-11,A,26.3063504914
14134,USGS,01351500,1978-06-12,A,20.6146643248
14135,USGS,01351500,1978-06-13,A,16.9617911134
14136,USGS,01351500,1978-06-14,A,18.264366057
14137,USGS,01351500,1978-06-15,A,16.9617911134
14138,USGS,01351500,1978-06-16,A,11.3833723332
14139,USGS,01351500,1978-06-17,A,8.4384202868
14140,USGS,01351500,1978-06-18,A,6.229706252
14141,USGS,01351500,1978-06-19,A,10.4205995488
14142,USGS,01351500,1978-06-20,A,14.1867401466
14143,USGS,01351500,1978-06-21,A,9.8259457702
14144,USGS,01351500,1978-06-22,A,8.4384202868
14145,USGS,01351500,1978-06-23,A,7.2491127296
14146,USGS,01351500,1978-06-24,A,5.66336932
14147,USGS,01351500,1978-06-25,A,4.955448155
14148,USGS,01351500,1978-06-26,A,4.0493090638
14149,USGS,01351500,1978-06-27,A,3.539605825
14150,USGS,01351500,1978-06-28,A,3.4263384386
14151,USGS,01351500,1978-06-29,A,2.8600015066
14152,USGS,01351500,1978-06-30,A,2.5485161940000003
14153,USGS,01351500,1978-07-01,A,2.265347728
14154,USGS,01351500,1978-07-02,A,2.0388129552
14155,USGS,01351500,1978-07-03,A,1.8689118756
14156,USGS,01351500,1978-07-04,A,2.123763495
14157,USGS,01351500,1978-07-05,A,4.955448155
14158,USGS,01351500,1978-07-06,A,5.2952503142000005
14159,USGS,01351500,1978-07-07,A,2.9449520464
14160,USGS,01351500,1978-07-08,A,2.4635656542
14161,USGS,01351500,1978-07-09,A,2.123763495
14162,USGS,01351500,1978-07-10,A,1.8689118756
14163,USGS,01351500,1978-07-11,A,1.6706939494
14164,USGS,01351500,1978-07-12,A,1.41584233
14165,USGS,01351500,1978-07-13,A,1.3025749436
14166,USGS,01351500,1978-07-14,A,1.3025749436
14167,USGS,01351500,1978-07-15,A,5.4651513938
14168,USGS,01351500,1978-07-16,A,3.539605825
14169,USGS,01351500,1978-07-17,A,3.1714868192
14170,USGS,01351500,1978-07-18,A,2.6334667338
14171,USGS,01351500,1978-07-19,A,2.4635656542
14172,USGS,01351500,1978-07-20,A,2.123763495
14173,USGS,01351500,1978-07-21,A,1.7273276426000002
14174,USGS,01351500,1978-07-22,A,1.4724760232
14175,USGS,01351500,1978-07-23,A,1.3025749436
14176,USGS,01351500,1978-07-24,A,1.132673864
14177,USGS,01351500,1978-07-25,A,1.0477233242000001
14178,USGS,01351500,1978-07-26,A,0.9627727844
14179,USGS,01351500,1978-07-27,A,0.9627727844
14180,USGS,01351500,1978-07-28,A,1.41584233
14181,USGS,01351500,1978-07-29,A,2.3502982678
14182,USGS,01351500,1978-07-30,A,1.9538624154000002
14183,USGS,01351500,1978-07-31,A,2.123763495
14184,USGS,01351500,1978-08-01,A,1.7273276426000002
14185,USGS,01351500,1978-08-02,A,1.4724760232
14186,USGS,01351500,1978-08-03,A,1.3592086368
14187,USGS,01351500,1978-08-04,A,1.9538624154000002
14188,USGS,01351500,1978-08-05,A,6.229706252
14189,USGS,01351500,1978-08-06,A,4.643962842400001
14190,USGS,01351500,1978-08-07,A,12.034659805
14191,USGS,01351500,1978-08-08,A,36.245563648
14192,USGS,01351500,1978-08-09,A,21.096050717
14193,USGS,01351500,1978-08-10,A,10.7320848614
14194,USGS,01351500,1978-08-11,A,7.6738654286
14195,USGS,01351500,1978-08-12,A,5.66336932
14196,USGS,01351500,1978-08-13,A,6.0314883258
14197,USGS,01351500,1978-08-14,A,5.1253492346
14198,USGS,01351500,1978-08-15,A,3.9360416774
14199,USGS,01351500,1978-08-16,A,3.0582194328
14200,USGS,01351500,1978-08-17,A,2.6334667338
14201,USGS,01351500,1978-08-18,A,2.265347728
14202,USGS,01351500,1978-08-19,A,2.0388129552
14203,USGS,01351500,1978-08-20,A,1.8689118756
14204,USGS,01351500,1978-08-21,A,1.6706939494
14205,USGS,01351500,1978-08-22,A,1.4724760232
14206,USGS,01351500,1978-08-23,A,1.3592086368
14207,USGS,01351500,1978-08-24,A,1.3025749436
14208,USGS,01351500,1978-08-25,A,1.3592086368
14209,USGS,01351500,1978-08-26,A,1.41584233
14210,USGS,01351500,1978-08-27,A,1.4724760232
14211,USGS,01351500,1978-08-28,A,1.3592086368
14212,USGS,01351500,1978-08-29,A,1.2459412504
14213,USGS,01351500,1978-08-30,A,1.132673864
14214,USGS,01351500,1978-08-31,A,1.1893075572
14215,USGS,01351500,1978-09-01,A,1.41584233
14216,USGS,01351500,1978-09-02,A,1.9538624154000002
14217,USGS,01351500,1978-09-03,A,2.123763495
14218,USGS,01351500,1978-09-04,A,1.5857434096
14219,USGS,01351500,1978-09-05,A,1.3025749436
14220,USGS,01351500,1978-09-06,A,1.132673864
14221,USGS,01351500,1978-09-07,A,1.0477233242000001
14222,USGS,01351500,1978-09-08,A,0.9344559378
14223,USGS,01351500,1978-09-09,A,0.849505398
14224,USGS,01351500,1978-09-10,A,0.7362380116
14225,USGS,01351500,1978-09-11,A,0.7928717048
14226,USGS,01351500,1978-09-12,A,1.2459412504
14227,USGS,01351500,1978-09-13,A,2.7467341202
14228,USGS,01351500,1978-09-14,A,1.9538624154000002
14229,USGS,01351500,1978-09-15,A,1.6706939494
14230,USGS,01351500,1978-09-16,A,1.5291097164
14231,USGS,01351500,1978-09-17,A,1.5291097164
14232,USGS,01351500,1978-09-18,A,1.9538624154000002
14233,USGS,01351500,1978-09-19,A,17.3865438124
14234,USGS,01351500,1978-09-20,A,24.7489239284
14235,USGS,01351500,1978-09-21,A,7.928717048
14236,USGS,01351500,1978-09-22,A,5.2952503142000005
14237,USGS,01351500,1978-09-23,A,4.4740617628
14238,USGS,01351500,1978-09-24,A,3.9360416774
14239,USGS,01351500,1978-09-25,A,3.0582194328
14240,USGS,01351500,1978-09-26,A,2.5485161940000003
14241,USGS,01351500,1978-09-27,A,2.3502982678
14242,USGS,01351500,1978-09-28,A,2.1803971882
14243,USGS,01351500,1978-09-29,A,1.9538624154000002
14244,USGS,01351500,1978-09-30,A,1.8122781824
14245,USGS,01351500,1978-10-01,A,1.699010796
14246,USGS,01351500,1978-10-02,A,1.6140602562000002
14247,USGS,01351500,1978-10-03,A,1.5007928698000002
14248,USGS,01351500,1978-10-04,A,1.4724760232
14249,USGS,01351500,1978-10-05,A,1.4441591766
14250,USGS,01351500,1978-10-06,A,1.7839613358
14251,USGS,01351500,1978-10-07,A,3.0299025862
14252,USGS,01351500,1978-10-08,A,3.6245563648
14253,USGS,01351500,1978-10-09,A,2.690100427
14254,USGS,01351500,1978-10-10,A,2.2370308814
14255,USGS,01351500,1978-10-11,A,1.982179262
14256,USGS,01351500,1978-10-12,A,1.8689118756
14257,USGS,01351500,1978-10-13,A,1.8122781824
14258,USGS,01351500,1978-10-14,A,2.690100427
14259,USGS,01351500,1978-10-15,A,10.4489163954
14260,USGS,01351500,1978-10-16,A,7.4473306558
14261,USGS,01351500,1978-10-17,A,5.2102997744
14262,USGS,01351500,1978-10-18,A,4.2192101434
14263,USGS,01351500,1978-10-19,A,3.7661405978
14264,USGS,01351500,1978-10-20,A,3.8510911376
14265,USGS,01351500,1978-10-21,A,4.9271313084
14266,USGS,01351500,1978-10-22,A,4.7855470754
14267,USGS,01351500,1978-10-23,A,4.24752699
14268,USGS,01351500,1978-10-24,A,3.7944574444
14269,USGS,01351500,1978-10-25,A,3.9360416774
14270,USGS,01351500,1978-10-26,A,3.7944574444
14271,USGS,01351500,1978-10-27,A,8.580004519800001
14272,USGS,01351500,1978-10-28,A,17.0467416532
14273,USGS,01351500,1978-10-29,A,8.8065392926
14274,USGS,01351500,1978-10-30,A,7.1075284966000005
14275,USGS,01351500,1978-10-31,A,6.512874718
14276,USGS,01351500,1978-11-01,A,5.5784187802
14277,USGS,01351500,1978-11-02,A,5.0687155414000005
14278,USGS,01351500,1978-11-03,A,4.9271313084
14279,USGS,01351500,1978-11-04,A,4.643962842400001
14280,USGS,01351500,1978-11-05,A,4.2758438366
14281,USGS,01351500,1978-11-06,A,4.0209922172
14282,USGS,01351500,1978-11-07,A,3.8510911376
14283,USGS,01351500,1978-11-08,A,3.964358524
14284,USGS,01351500,1978-11-09,A,4.3891112230000005
14285,USGS,01351500,1978-11-10,A,4.1625764502000004
14286,USGS,01351500,1978-11-11,A,3.8510911376
14287,USGS,01351500,1978-11-12,A,3.5962395182
14288,USGS,01351500,1978-11-13,A,3.4263384386
14289,USGS,01351500,1978-11-14,A,3.3697047454
14290,USGS,01351500,1978-11-15,A,4.643962842400001
14291,USGS,01351500,1978-11-16,A,4.2192101434
14292,USGS,01351500,1978-11-17,A,3.0299025862
14293,USGS,01351500,1978-11-18,A,3.7661405978
14294,USGS,01351500,1978-11-19,A,5.9748546326000005
14295,USGS,01351500,1978-11-20,A,5.2952503142000005
14296,USGS,01351500,1978-11-21,A,4.7855470754
14297,USGS,01351500,1978-11-22,A,3.9926753706
14298,USGS,01351500,1978-11-23,A,3.4546552852000003
14299,USGS,01351500,1978-11-24,A,3.5962395182
14300,USGS,01351500,1978-11-25,A,5.1819829278
14301,USGS,01351500,1978-11-26,A,5.804953553
14302,USGS,01351500,1978-11-27,A,6.6827757976
14303,USGS,01351500,1978-11-28,A,5.6067356268
14304,USGS,01351500,1978-11-29,A,4.9837650016
14305,USGS,01351500,1978-11-30,A,4.8988144618
14306,USGS,01351500,1978-12-01,A,4.5590123026
14307,USGS,01351500,1978-12-02,A,4.6156459958000005
14308,USGS,01351500,1978-12-03,A,4.7289133822
14309,USGS,01351500,1978-12-04,A,4.5873291492
14310,USGS,01351500,1978-12-05,A,12.006342958400001
14311,USGS,01351500,1978-12-06,A,9.4295099178
14312,USGS,01351500,1978-12-07,A,7.9004002014
14313,USGS,01351500,1978-12-08,A,7.9004002014
14314,USGS,01351500,1978-12-09,A,15.9140677892
14315,USGS,01351500,1978-12-10,A,26.6744694972
14316,USGS,01351500,1978-12-11,A,14.668126538800001
14317,USGS,01351500,1978-12-12,A,11.3550554866
14318,USGS,01351500,1978-12-13,A,12.204560884600001
14319,USGS,01351500,1978-12-14,A,12.1196103448
14320,USGS,01351500,1978-12-15,A,10.052480543
14321,USGS,01351500,1978-12-16,A,10.0241636964
14322,USGS,01351500,1978-12-17,A,19.6518915404
14323,USGS,01351500,1978-12-18,A,20.6996148646
14324,USGS,01351500,1978-12-19,A,16.99010796
14325,USGS,01351500,1978-12-20,A,15.574265630000001
14326,USGS,01351500,1978-12-21,A,28.3168466
14327,USGS,01351500,1978-12-22,A,69.37627417
14328,USGS,01351500,1978-12-23,A,45.590123026
14329,USGS,01351500,1978-12-24,A,43.324775298
14330,USGS,01351500,1978-12-25,A,31.998036658
14331,USGS,01351500,1978-12-26,A,32.56437359
14332,USGS,01351500,1978-12-27,A,25.48516194
14333,USGS,01351500,1978-12-28,A,23.219814212
14334,USGS,01351500,1978-12-29,A,21.23763495
14335,USGS,01351500,1978-12-30,A,20.671298018
14336,USGS,01351500,1978-12-31,A,22.65347728
14337,USGS,01351500,1979-01-01,A,42.4752699
14338,USGS,01351500,1979-01-02,A,226.5347728
14339,USGS,01351500,1979-01-03,A,356.79226716
14340,USGS,01351500,1979-01-04,A,144.41591766
14341,USGS,01351500,1979-01-05,A,87.215887528
14342,USGS,01351500,1979-01-06,A,64.562410248
14343,USGS,01351500,1979-01-07,A,56.916861666
14344,USGS,01351500,1979-01-08,A,109.01985941000001
14345,USGS,01351500,1979-01-09,A,70.7921165
14346,USGS,01351500,1979-01-10,A,45.30695456
14347,USGS,01351500,1979-01-11,A,33.98021592
14348,USGS,01351500,1979-01-12,A,31.148531260000002
14349,USGS,01351500,1979-01-13,A,33.98021592
14350,USGS,01351500,1979-01-14,A,48.13863922
14351,USGS,01351500,1979-01-15,A,59.465377860000004
14352,USGS,01351500,1979-01-16,A,39.64358524
14353,USGS,01351500,1979-01-17,A,33.98021592
14354,USGS,01351500,1979-01-18,A,31.148531260000002
14355,USGS,01351500,1979-01-19,A,28.3168466
14356,USGS,01351500,1979-01-20,A,25.48516194
14357,USGS,01351500,1979-01-21,A,36.81190058
14358,USGS,01351500,1979-01-22,A,70.7921165
14359,USGS,01351500,1979-01-23,A,105.621837818
14360,USGS,01351500,1979-01-24,A,69.65944263600001
14361,USGS,01351500,1979-01-25,A,92.312919916
14362,USGS,01351500,1979-01-26,A,126.859472768
14363,USGS,01351500,1979-01-27,A,86.649550596
14364,USGS,01351500,1979-01-28,A,66.827757976
14365,USGS,01351500,1979-01-29,A,59.182209394000004
14366,USGS,01351500,1979-01-30,A,48.13863922
14367,USGS,01351500,1979-01-31,A,36.81190058
14368,USGS,01351500,1979-02-01,A,29.732688930000002
14369,USGS,01351500,1979-02-02,A,26.051498872
14370,USGS,01351500,1979-02-03,A,24.06931961
14371,USGS,01351500,1979-02-04,A,22.65347728
14372,USGS,01351500,1979-02-05,A,21.803971882
14373,USGS,01351500,1979-02-06,A,20.388129552000002
14374,USGS,01351500,1979-02-07,A,19.538624154
14375,USGS,01351500,1979-02-08,A,18.689118756
14376,USGS,01351500,1979-02-09,A,18.122781824
14377,USGS,01351500,1979-02-10,A,17.556444892000002
14378,USGS,01351500,1979-02-11,A,16.99010796
14379,USGS,01351500,1979-02-12,A,16.423771028
14380,USGS,01351500,1979-02-13,A,15.857434096
14381,USGS,01351500,1979-02-14,A,15.291097164
14382,USGS,01351500,1979-02-15,A,14.724760232000001
14383,USGS,01351500,1979-02-16,A,14.724760232000001
14384,USGS,01351500,1979-02-17,A,14.1584233
14385,USGS,01351500,1979-02-18,A,14.1584233
14386,USGS,01351500,1979-02-19,A,13.875254834
14387,USGS,01351500,1979-02-20,A,13.592086368
14388,USGS,01351500,1979-02-21,A,13.308917902000001
14389,USGS,01351500,1979-02-22,A,13.308917902000001
14390,USGS,01351500,1979-02-23,A,13.308917902000001
14391,USGS,01351500,1979-02-24,A,19.82179262
14392,USGS,01351500,1979-02-25,A,42.4752699
14393,USGS,01351500,1979-02-26,A,117.79808185600001
14394,USGS,01351500,1979-02-27,A,97.976289236
14395,USGS,01351500,1979-02-28,A,80.136675878
14396,USGS,01351500,1979-03-01,A,74.756475024
14397,USGS,01351500,1979-03-02,A,83.251529004
14398,USGS,01351500,1979-03-03,A,86.36638213
14399,USGS,01351500,1979-03-04,A,103.073321624
14400,USGS,01351500,1979-03-05,A,390.77248308000003
14401,USGS,01351500,1979-03-06,A,795.70338946
14402,USGS,01351500,1979-03-07,A,467.2279689
14403,USGS,01351500,1979-03-08,A,280.90311827200003
14404,USGS,01351500,1979-03-09,A,176.69712278400002
14405,USGS,01351500,1979-03-10,A,166.78622647400002
14406,USGS,01351500,1979-03-11,A,273.25756969
14407,USGS,01351500,1979-03-12,A,158.857509426
14408,USGS,01351500,1979-03-13,A,112.70104946800001
14409,USGS,01351500,1979-03-14,A,169.617911134
14410,USGS,01351500,1979-03-15,A,178.39613358
14411,USGS,01351500,1979-03-16,A,98.542626168
14412,USGS,01351500,1979-03-17,A,85.516876732
14413,USGS,01351500,1979-03-18,A,73.906969626
14414,USGS,01351500,1979-03-19,A,75.605980422
14415,USGS,01351500,1979-03-20,A,82.11885514000001
14416,USGS,01351500,1979-03-21,A,102.223816226
14417,USGS,01351500,1979-03-22,A,124.02778810800001
14418,USGS,01351500,1979-03-23,A,143.00007533000002
14419,USGS,01351500,1979-03-24,A,181.79415517200002
14420,USGS,01351500,1979-03-25,A,444.57449162
14421,USGS,01351500,1979-03-26,A,308.65362794000004
14422,USGS,01351500,1979-03-27,A,160.55652022200002
14423,USGS,01351500,1979-03-28,A,108.453522478
14424,USGS,01351500,1979-03-29,A,101.374310828
14425,USGS,01351500,1979-03-30,A,104.205995488
14426,USGS,01351500,1979-03-31,A,104.489163954
14427,USGS,01351500,1979-04-01,A,109.01985941000001
14428,USGS,01351500,1979-04-02,A,96.843615372
14429,USGS,01351500,1979-04-03,A,88.914898324
14430,USGS,01351500,1979-04-04,A,74.756475024
14431,USGS,01351500,1979-04-05,A,98.259457702
14432,USGS,01351500,1979-04-06,A,77.021822752
14433,USGS,01351500,1979-04-07,A,63.146567918
14434,USGS,01351500,1979-04-08,A,55.501019336
14435,USGS,01351500,1979-04-09,A,57.200030132
14436,USGS,01351500,1979-04-10,A,67.394094908
14437,USGS,01351500,1979-04-11,A,76.738654286
14438,USGS,01351500,1979-04-12,A,99.392131566
14439,USGS,01351500,1979-04-13,A,107.887185546
14440,USGS,01351500,1979-04-14,A,173.299101192
14441,USGS,01351500,1979-04-15,A,185.758513696
14442,USGS,01351500,1979-04-16,A,126.576304302
14443,USGS,01351500,1979-04-17,A,106.47134321600001
14444,USGS,01351500,1979-04-18,A,86.932719062
14445,USGS,01351500,1979-04-19,A,71.358453432
14446,USGS,01351500,1979-04-20,A,60.314883258
14447,USGS,01351500,1979-04-21,A,51.819829278
14448,USGS,01351500,1979-04-22,A,47.289133822000004
14449,USGS,01351500,1979-04-23,A,43.607943764
14450,USGS,01351500,1979-04-24,A,39.360416774
14451,USGS,01351500,1979-04-25,A,36.245563648
14452,USGS,01351500,1979-04-26,A,35.39605825
14453,USGS,01351500,1979-04-27,A,44.740617628
14454,USGS,01351500,1979-04-28,A,148.66344465
14455,USGS,01351500,1979-04-29,A,107.887185546
14456,USGS,01351500,1979-04-30,A,73.906969626
14457,USGS,01351500,1979-05-01,A,57.483198598
14458,USGS,01351500,1979-05-02,A,48.13863922
14459,USGS,01351500,1979-05-03,A,41.908932968
14460,USGS,01351500,1979-05-04,A,49.271313084
14461,USGS,01351500,1979-05-05,A,45.873291492
14462,USGS,01351500,1979-05-06,A,37.378237512
14463,USGS,01351500,1979-05-07,A,33.98021592
14464,USGS,01351500,1979-05-08,A,30.015857396
14465,USGS,01351500,1979-05-09,A,27.2974401224
14466,USGS,01351500,1979-05-10,A,23.1348636722
14467,USGS,01351500,1979-05-11,A,23.6728837576
14468,USGS,01351500,1979-05-12,A,18.264366057
14469,USGS,01351500,1979-05-13,A,19.6518915404
14470,USGS,01351500,1979-05-14,A,18.717435602600002
14471,USGS,01351500,1979-05-15,A,18.264366057
14472,USGS,01351500,1979-05-16,A,15.7441667096
14473,USGS,01351500,1979-05-17,A,15.3477308572
14474,USGS,01351500,1979-05-18,A,13.0823831292
14475,USGS,01351500,1979-05-19,A,13.450502135
14476,USGS,01351500,1979-05-20,A,12.034659805
14477,USGS,01351500,1979-05-21,A,15.3477308572
14478,USGS,01351500,1979-05-22,A,14.9512950048
14479,USGS,01351500,1979-05-23,A,11.6948576458
14480,USGS,01351500,1979-05-24,A,48.704976152
14481,USGS,01351500,1979-05-25,A,267.59420037
14482,USGS,01351500,1979-05-26,A,240.976364566
14483,USGS,01351500,1979-05-27,A,158.857509426
14484,USGS,01351500,1979-05-28,A,116.09907106
14485,USGS,01351500,1979-05-29,A,105.055500886
14486,USGS,01351500,1979-05-30,A,114.116891798
14487,USGS,01351500,1979-05-31,A,80.70301281
14488,USGS,01351500,1979-06-01,A,62.863399452
14489,USGS,01351500,1979-06-02,A,33.98021592
14490,USGS,01351500,1979-06-03,A,52.669334676
14491,USGS,01351500,1979-06-04,A,47.289133822000004
14492,USGS,01351500,1979-06-05,A,40.209922172
14493,USGS,01351500,1979-06-06,A,28.3168466
14494,USGS,01351500,1979-06-07,A,28.3168466
14495,USGS,01351500,1979-06-08,A,21.096050717
14496,USGS,01351500,1979-06-09,A,19.6518915404
14497,USGS,01351500,1979-06-10,A,18.264366057
14498,USGS,01351500,1979-06-11,A,16.140602562
14499,USGS,01351500,1979-06-12,A,68.243600306
14500,USGS,01351500,1979-06-13,A,53.235671608000004
14501,USGS,01351500,1979-06-14,A,31.714868192
14502,USGS,01351500,1979-06-15,A,20.6146643248
14503,USGS,01351500,1979-06-16,A,18.264366057
14504,USGS,01351500,1979-06-17,A,8.4384202868
14505,USGS,01351500,1979-06-18,A,7.928717048
14506,USGS,01351500,1979-06-19,A,7.928717048
14507,USGS,01351500,1979-06-20,A,5.4651513938
14508,USGS,01351500,1979-06-21,A,4.6156459958000005
14509,USGS,01351500,1979-06-22,A,4.0493090638
14510,USGS,01351500,1979-06-23,A,3.6811900580000003
14511,USGS,01351500,1979-06-24,A,3.4546552852000003
14512,USGS,01351500,1979-06-25,A,3.2281205124000003
14513,USGS,01351500,1979-06-26,A,3.0299025862
14514,USGS,01351500,1979-06-27,A,2.7750509668000003
14515,USGS,01351500,1979-06-28,A,2.6617835804
14516,USGS,01351500,1979-06-29,A,6.9942611102
14517,USGS,01351500,1979-06-30,A,5.550101933600001
14518,USGS,01351500,1979-07-01,A,7.7588159684
14519,USGS,01351500,1979-07-02,A,9.2596088382
14520,USGS,01351500,1979-07-03,A,6.3996073316
14521,USGS,01351500,1979-07-04,A,4.4740617628
14522,USGS,01351500,1979-07-05,A,3.7095069046
14523,USGS,01351500,1979-07-06,A,3.0582194328
14524,USGS,01351500,1979-07-07,A,2.690100427
14525,USGS,01351500,1979-07-08,A,2.4635656542
14526,USGS,01351500,1979-07-09,A,2.2936645746
14527,USGS,01351500,1979-07-10,A,2.123763495
14528,USGS,01351500,1979-07-11,A,1.982179262
14529,USGS,01351500,1979-07-12,A,1.9538624154000002
14530,USGS,01351500,1979-07-13,A,1.8405950290000002
14531,USGS,01351500,1979-07-14,A,1.699010796
14532,USGS,01351500,1979-07-15,A,1.5007928698000002
14533,USGS,01351500,1979-07-16,A,1.5007928698000002
14534,USGS,01351500,1979-07-17,A,1.7556444892
14535,USGS,01351500,1979-07-18,A,2.4635656542
14536,USGS,01351500,1979-07-19,A,3.0015857396000003
14537,USGS,01351500,1979-07-20,A,3.0865362794
14538,USGS,01351500,1979-07-21,A,2.4918825008
14539,USGS,01351500,1979-07-22,A,18.3493165968
14540,USGS,01351500,1979-07-23,A,10.5338669352
14541,USGS,01351500,1979-07-24,A,6.2863399452
14542,USGS,01351500,1979-07-25,A,3.9077248308000003
14543,USGS,01351500,1979-07-26,A,3.398021592
14544,USGS,01351500,1979-07-27,A,7.1641621898
14545,USGS,01351500,1979-07-28,A,5.0687155414000005
14546,USGS,01351500,1979-07-29,A,3.7378237512
14547,USGS,01351500,1979-07-30,A,3.0299025862
14548,USGS,01351500,1979-07-31,A,2.5485161940000003
14549,USGS,01351500,1979-08-01,A,2.3502982678
14550,USGS,01351500,1979-08-02,A,2.9166351998
14551,USGS,01351500,1979-08-03,A,3.7378237512
14552,USGS,01351500,1979-08-04,A,3.1714868192
14553,USGS,01351500,1979-08-05,A,2.6051498872
14554,USGS,01351500,1979-08-06,A,2.123763495
14555,USGS,01351500,1979-08-07,A,1.7839613358
14556,USGS,01351500,1979-08-08,A,1.7556444892
14557,USGS,01351500,1979-08-09,A,1.7556444892
14558,USGS,01351500,1979-08-10,A,1.5857434096
14559,USGS,01351500,1979-08-11,A,1.699010796
14560,USGS,01351500,1979-08-12,A,1.982179262
14561,USGS,01351500,1979-08-13,A,2.7467341202
14562,USGS,01351500,1979-08-14,A,3.539605825
14563,USGS,01351500,1979-08-15,A,2.8033678134
14564,USGS,01351500,1979-08-16,A,2.3786151144
14565,USGS,01351500,1979-08-17,A,2.1803971882
14566,USGS,01351500,1979-08-18,A,2.0954466484000003
14567,USGS,01351500,1979-08-19,A,2.123763495
14568,USGS,01351500,1979-08-20,A,2.1803971882
14569,USGS,01351500,1979-08-21,A,2.123763495
14570,USGS,01351500,1979-08-22,A,1.8972287222
14571,USGS,01351500,1979-08-23,A,1.6140602562000002
14572,USGS,01351500,1979-08-24,A,1.41584233
14573,USGS,01351500,1979-08-25,A,1.3308917902
14574,USGS,01351500,1979-08-26,A,1.2459412504
14575,USGS,01351500,1979-08-27,A,1.3875254834000001
14576,USGS,01351500,1979-08-28,A,1.3875254834000001
14577,USGS,01351500,1979-08-29,A,1.3875254834000001
14578,USGS,01351500,1979-08-30,A,1.2742580970000001
14579,USGS,01351500,1979-08-31,A,1.132673864
14580,USGS,01351500,1979-09-01,A,1.0477233242000001
14581,USGS,01351500,1979-09-02,A,0.9627727844
14582,USGS,01351500,1979-09-03,A,1.3025749436
14583,USGS,01351500,1979-09-04,A,1.8972287222
14584,USGS,01351500,1979-09-05,A,1.5291097164
14585,USGS,01351500,1979-09-06,A,16.4520878746
14586,USGS,01351500,1979-09-07,A,51.819829278
14587,USGS,01351500,1979-09-08,A,16.6219889542
14588,USGS,01351500,1979-09-09,A,8.1835686674
14589,USGS,01351500,1979-09-10,A,5.5784187802
14590,USGS,01351500,1979-09-11,A,4.3607943764
14591,USGS,01351500,1979-09-12,A,3.5679226716
14592,USGS,01351500,1979-09-13,A,3.0582194328
14593,USGS,01351500,1979-09-14,A,2.83168466
14594,USGS,01351500,1979-09-15,A,3.3697047454
14595,USGS,01351500,1979-09-16,A,4.3041606832
14596,USGS,01351500,1979-09-17,A,3.8510911376
14597,USGS,01351500,1979-09-18,A,3.2847542056
14598,USGS,01351500,1979-09-19,A,2.8600015066
14599,USGS,01351500,1979-09-20,A,2.5485161940000003
14600,USGS,01351500,1979-09-21,A,2.4635656542
14601,USGS,01351500,1979-09-22,A,2.6617835804
14602,USGS,01351500,1979-09-23,A,3.9926753706
14603,USGS,01351500,1979-09-24,A,4.0776259104
14604,USGS,01351500,1979-09-25,A,3.0299025862
14605,USGS,01351500,1979-09-26,A,2.5201993474
14606,USGS,01351500,1979-09-27,A,2.2370308814
14607,USGS,01351500,1979-09-28,A,2.0671298018
14608,USGS,01351500,1979-09-29,A,2.2370308814
14609,USGS,01351500,1979-09-30,A,2.7467341202
14610,USGS,01351500,1979-10-01,A,2.7467341202
14611,USGS,01351500,1979-10-02,A,5.2952503142000005
14612,USGS,01351500,1979-10-03,A,8.5516876732
14613,USGS,01351500,1979-10-04,A,16.7918900338
14614,USGS,01351500,1979-10-05,A,14.6114928456
14615,USGS,01351500,1979-10-06,A,179.24563897800002
14616,USGS,01351500,1979-10-07,A,129.407988962
14617,USGS,01351500,1979-10-08,A,73.906969626
14618,USGS,01351500,1979-10-09,A,54.368345472
14619,USGS,01351500,1979-10-10,A,57.483198598
14620,USGS,01351500,1979-10-11,A,45.873291492
14621,USGS,01351500,1979-10-12,A,41.059427570000004
14622,USGS,01351500,1979-10-13,A,39.360416774
14623,USGS,01351500,1979-10-14,A,35.112889784000004
14624,USGS,01351500,1979-10-15,A,28.2035792136
14625,USGS,01351500,1979-10-16,A,27.0709053496
14626,USGS,01351500,1979-10-17,A,24.06931961
14627,USGS,01351500,1979-10-18,A,20.388129552000002
14628,USGS,01351500,1979-10-19,A,19.227138841400002
14629,USGS,01351500,1979-10-20,A,14.1584233
14630,USGS,01351500,1979-10-21,A,19.1705051482
14631,USGS,01351500,1979-10-22,A,16.5370384144
14632,USGS,01351500,1979-10-23,A,13.0823831292
14633,USGS,01351500,1979-10-24,A,15.3477308572
14634,USGS,01351500,1979-10-25,A,17.839613358
14635,USGS,01351500,1979-10-26,A,16.9617911134
14636,USGS,01351500,1979-10-27,A,14.1867401466
14637,USGS,01351500,1979-10-28,A,13.818621140800001
14638,USGS,01351500,1979-10-29,A,13.450502135
14639,USGS,01351500,1979-10-30,A,11.6948576458
14640,USGS,01351500,1979-10-31,A,10.7320848614
14641,USGS,01351500,1979-11-01,A,9.5427773042
14642,USGS,01351500,1979-11-02,A,9.8259457702
14643,USGS,01351500,1979-11-03,A,107.887185546
14644,USGS,01351500,1979-11-04,A,121.76244038
14645,USGS,01351500,1979-11-05,A,69.093105704
14646,USGS,01351500,1979-11-06,A,53.235671608000004
14647,USGS,01351500,1979-11-07,A,46.439628424
14648,USGS,01351500,1979-11-08,A,41.625764502
14649,USGS,01351500,1979-11-09,A,37.661405978
14650,USGS,01351500,1979-11-10,A,36.245563648
14651,USGS,01351500,1979-11-11,A,34.546552852
14652,USGS,01351500,1979-11-12,A,31.148531260000002
14653,USGS,01351500,1979-11-13,A,28.3168466
14654,USGS,01351500,1979-11-14,A,26.7877368836
14655,USGS,01351500,1979-11-15,A,27.2974401224
14656,USGS,01351500,1979-11-16,A,24.2958543828
14657,USGS,01351500,1979-11-17,A,22.2570414276
14658,USGS,01351500,1979-11-18,A,18.575851369600002
14659,USGS,01351500,1979-11-19,A,19.623574693800002
14660,USGS,01351500,1979-11-20,A,20.104961086
14661,USGS,01351500,1979-11-21,A,15.7441667096
14662,USGS,01351500,1979-11-22,A,16.2255531018
14663,USGS,01351500,1979-11-23,A,14.300007533
14664,USGS,01351500,1979-11-24,A,16.2255531018
14665,USGS,01351500,1979-11-25,A,17.0467416532
14666,USGS,01351500,1979-11-26,A,27.750509668
14667,USGS,01351500,1979-11-27,A,336.97047454
14668,USGS,01351500,1979-11-28,A,148.380276184
14669,USGS,01351500,1979-11-29,A,90.330740654
14670,USGS,01351500,1979-11-30,A,67.11092644200001
14671,USGS,01351500,1979-12-01,A,54.085177006
14672,USGS,01351500,1979-12-02,A,44.740617628
14673,USGS,01351500,1979-12-03,A,38.510911376
14674,USGS,01351500,1979-12-04,A,35.112889784000004
14675,USGS,01351500,1979-12-05,A,30.865362794
14676,USGS,01351500,1979-12-06,A,29.732688930000002
14677,USGS,01351500,1979-12-07,A,29.449520464000003
14678,USGS,01351500,1979-12-08,A,27.2974401224
14679,USGS,01351500,1979-12-09,A,23.0499131324
14680,USGS,01351500,1979-12-10,A,21.3225854898
14681,USGS,01351500,1979-12-11,A,19.6518915404
14682,USGS,01351500,1979-12-12,A,18.122781824
14683,USGS,01351500,1979-12-13,A,19.623574693800002
14684,USGS,01351500,1979-12-14,A,18.575851369600002
14685,USGS,01351500,1979-12-15,A,16.706939494
14686,USGS,01351500,1979-12-16,A,15.6025824766
14687,USGS,01351500,1979-12-17,A,19.4253567676
14688,USGS,01351500,1979-12-18,A,16.5936721076
14689,USGS,01351500,1979-12-19,A,14.1584233
14690,USGS,01351500,1979-12-20,A,14.1584233
14691,USGS,01351500,1979-12-21,A,14.1584233
14692,USGS,01351500,1979-12-22,A,14.1584233
14693,USGS,01351500,1979-12-23,A,14.724760232000001
14694,USGS,01351500,1979-12-24,A,25.1170429342
14695,USGS,01351500,1979-12-25,A,34.263384386
14696,USGS,01351500,1979-12-26,A,51.536660812
14697,USGS,01351500,1979-12-27,A,39.360416774
14698,USGS,01351500,1979-12-28,A,26.5045684176
14699,USGS,01351500,1979-12-29,A,23.219814212
14700,USGS,01351500,1979-12-30,A,19.82179262
14701,USGS,01351500,1979-12-31,A,16.99010796
14702,USGS,01351500,1980-01-01,A,15.857434096
14703,USGS,01351500,1980-01-02,A,14.724760232000001
14704,USGS,01351500,1980-01-03,A,14.1584233
14705,USGS,01351500,1980-01-04,A,11.609907106
14706,USGS,01351500,1980-01-05,A,10.760401708
14707,USGS,01351500,1980-01-06,A,9.91089631
14708,USGS,01351500,1980-01-07,A,9.627727844
14709,USGS,01351500,1980-01-08,A,10.194064776000001
14710,USGS,01351500,1980-01-09,A,11.32673864
14711,USGS,01351500,1980-01-10,A,12.74258097
14712,USGS,01351500,1980-01-11,A,15.291097164
14713,USGS,01351500,1980-01-12,A,25.48516194
14714,USGS,01351500,1980-01-13,A,40.493090638
14715,USGS,01351500,1980-01-14,A,20.4730800918
14716,USGS,01351500,1980-01-15,A,25.2869440138
14717,USGS,01351500,1980-01-16,A,28.288529753400002
14718,USGS,01351500,1980-01-17,A,15.2061466242
14719,USGS,01351500,1980-01-18,A,13.9885222204
14720,USGS,01351500,1980-01-19,A,12.0912934982
14721,USGS,01351500,1980-01-20,A,13.0823831292
14722,USGS,01351500,1980-01-21,A,9.5710941508
14723,USGS,01351500,1980-01-22,A,9.344559378
14724,USGS,01351500,1980-01-23,A,9.061390912
14725,USGS,01351500,1980-01-24,A,8.778222446000001
14726,USGS,01351500,1980-01-25,A,8.49505398
14727,USGS,01351500,1980-01-26,A,8.49505398
14728,USGS,01351500,1980-01-27,A,8.211885514
14729,USGS,01351500,1980-01-28,A,7.645548582
14730,USGS,01351500,1980-01-29,A,7.362380116000001
14731,USGS,01351500,1980-01-30,A,7.07921165
14732,USGS,01351500,1980-01-31,A,7.07921165
14733,USGS,01351500,1980-02-01,A,7.07921165
14734,USGS,01351500,1980-02-02,A,6.796043184
14735,USGS,01351500,1980-02-03,A,6.229706252
14736,USGS,01351500,1980-02-04,A,5.946537786
14737,USGS,01351500,1980-02-05,A,5.380200854
14738,USGS,01351500,1980-02-06,A,5.097032388000001
14739,USGS,01351500,1980-02-07,A,5.097032388000001
14740,USGS,01351500,1980-02-08,A,5.380200854
14741,USGS,01351500,1980-02-09,A,5.380200854
14742,USGS,01351500,1980-02-10,A,5.380200854
14743,USGS,01351500,1980-02-11,A,5.66336932
14744,USGS,01351500,1980-02-12,A,5.946537786
14745,USGS,01351500,1980-02-13,A,5.946537786
14746,USGS,01351500,1980-02-14,A,5.380200854
14747,USGS,01351500,1980-02-15,A,5.097032388000001
14748,USGS,01351500,1980-02-16,A,5.097032388000001
14749,USGS,01351500,1980-02-17,A,5.097032388000001
14750,USGS,01351500,1980-02-18,A,5.097032388000001
14751,USGS,01351500,1980-02-19,A,5.66336932
14752,USGS,01351500,1980-02-20,A,6.512874718
14753,USGS,01351500,1980-02-21,A,7.362380116000001
14754,USGS,01351500,1980-02-22,A,7.645548582
14755,USGS,01351500,1980-02-23,A,7.645548582
14756,USGS,01351500,1980-02-24,A,7.928717048
14757,USGS,01351500,1980-02-25,A,7.362380116000001
14758,USGS,01351500,1980-02-26,A,6.796043184
14759,USGS,01351500,1980-02-27,A,6.796043184
14760,USGS,01351500,1980-02-28,A,6.796043184
14761,USGS,01351500,1980-02-29,A,6.512874718
14762,USGS,01351500,1980-03-01,A,6.512874718
14763,USGS,01351500,1980-03-02,A,6.512874718
14764,USGS,01351500,1980-03-03,A,6.512874718
14765,USGS,01351500,1980-03-04,A,6.512874718
14766,USGS,01351500,1980-03-05,A,7.07921165
14767,USGS,01351500,1980-03-06,A,9.91089631
14768,USGS,01351500,1980-03-07,A,16.99010796
14769,USGS,01351500,1980-03-08,A,89.481235256
14770,USGS,01351500,1980-03-09,A,100.24163696400001
14771,USGS,01351500,1980-03-10,A,34.546552852
14772,USGS,01351500,1980-03-11,A,19.82179262
14773,USGS,01351500,1980-03-12,A,9.91089631
14774,USGS,01351500,1980-03-13,A,7.07921165
14775,USGS,01351500,1980-03-14,A,5.946537786
14776,USGS,01351500,1980-03-15,A,5.66336932
14777,USGS,01351500,1980-03-16,A,5.66336932
14778,USGS,01351500,1980-03-17,A,5.66336932
14779,USGS,01351500,1980-03-18,A,56.6336932
14780,USGS,01351500,1980-03-19,A,99.1089631
14781,USGS,01351500,1980-03-20,A,82.685192072
14782,USGS,01351500,1980-03-21,A,202.46545319
14783,USGS,01351500,1980-03-22,A,1141.16891798
14784,USGS,01351500,1980-03-23,A,407.76259104
14785,USGS,01351500,1980-03-24,A,223.419919674
14786,USGS,01351500,1980-03-25,A,268.44370576800003
14787,USGS,01351500,1980-03-26,A,149.512950048
14788,USGS,01351500,1980-03-27,A,105.055500886
14789,USGS,01351500,1980-03-28,A,101.94064776
14790,USGS,01351500,1980-03-29,A,158.857509426
14791,USGS,01351500,1980-03-30,A,262.497167982
14792,USGS,01351500,1980-03-31,A,160.839688688
14793,USGS,01351500,1980-04-01,A,116.09907106
14794,USGS,01351500,1980-04-02,A,97.976289236
14795,USGS,01351500,1980-04-03,A,82.11885514000001
14796,USGS,01351500,1980-04-04,A,88.065392926
14797,USGS,01351500,1980-04-05,A,133.08917902000002
14798,USGS,01351500,1980-04-06,A,93.728762246
14799,USGS,01351500,1980-04-07,A,75.03964349
14800,USGS,01351500,1980-04-08,A,66.261421044
14801,USGS,01351500,1980-04-09,A,67.394094908
14802,USGS,01351500,1980-04-10,A,297.3268893
14803,USGS,01351500,1980-04-11,A,170.46741653200002
14804,USGS,01351500,1980-04-12,A,104.205995488
14805,USGS,01351500,1980-04-13,A,85.800045198
14806,USGS,01351500,1980-04-14,A,75.88914888800001
14807,USGS,01351500,1980-04-15,A,107.037680148
14808,USGS,01351500,1980-04-16,A,112.984217934
14809,USGS,01351500,1980-04-17,A,80.70301281
14810,USGS,01351500,1980-04-18,A,65.12874718
14811,USGS,01351500,1980-04-19,A,54.934682404
14812,USGS,01351500,1980-04-20,A,47.005965356000004
14813,USGS,01351500,1980-04-21,A,44.174280696000004
14814,USGS,01351500,1980-04-22,A,37.661405978
14815,USGS,01351500,1980-04-23,A,31.714868192
14816,USGS,01351500,1980-04-24,A,28.3168466
14817,USGS,01351500,1980-04-25,A,26.3063504914
14818,USGS,01351500,1980-04-26,A,25.315260860400002
14819,USGS,01351500,1980-04-27,A,23.6728837576
14820,USGS,01351500,1980-04-28,A,23.6728837576
14821,USGS,01351500,1980-04-29,A,127.14264123400001
14822,USGS,01351500,1980-04-30,A,156.875330164
14823,USGS,01351500,1980-05-01,A,98.825794634
14824,USGS,01351500,1980-05-02,A,77.87132815
14825,USGS,01351500,1980-05-03,A,64.845578714
14826,USGS,01351500,1980-05-04,A,52.102997744
14827,USGS,01351500,1980-05-05,A,42.758438366
14828,USGS,01351500,1980-05-06,A,37.661405978
14829,USGS,01351500,1980-05-07,A,39.64358524
14830,USGS,01351500,1980-05-08,A,36.528732114
14831,USGS,01351500,1980-05-09,A,31.148531260000002
14832,USGS,01351500,1980-05-10,A,27.2974401224
14833,USGS,01351500,1980-05-11,A,24.3241712294
14834,USGS,01351500,1980-05-12,A,22.6251604334
14835,USGS,01351500,1980-05-13,A,24.777240775
14836,USGS,01351500,1980-05-14,A,31.998036658
14837,USGS,01351500,1980-05-15,A,31.148531260000002
14838,USGS,01351500,1980-05-16,A,26.2780336448
14839,USGS,01351500,1980-05-17,A,16.7918900338
14840,USGS,01351500,1980-05-18,A,14.8380276184
14841,USGS,01351500,1980-05-19,A,12.034659805
14842,USGS,01351500,1980-05-20,A,12.855848356400001
14843,USGS,01351500,1980-05-21,A,9.033074065400001
14844,USGS,01351500,1980-05-22,A,8.1835686674
14845,USGS,01351500,1980-05-23,A,7.7021822752
14846,USGS,01351500,1980-05-24,A,7.07921165
14847,USGS,01351500,1980-05-25,A,6.4279241782000005
14848,USGS,01351500,1980-05-26,A,5.7766367064
14849,USGS,01351500,1980-05-27,A,5.2102997744
14850,USGS,01351500,1980-05-28,A,4.813863922
14851,USGS,01351500,1980-05-29,A,4.4457449162
14852,USGS,01351500,1980-05-30,A,4.1625764502000004
14853,USGS,01351500,1980-05-31,A,3.9077248308000003
14854,USGS,01351500,1980-06-01,A,3.7378237512
14855,USGS,01351500,1980-06-02,A,3.6528732114
14856,USGS,01351500,1980-06-03,A,4.672279689
14857,USGS,01351500,1980-06-04,A,5.238616621
14858,USGS,01351500,1980-06-05,A,4.5873291492
14859,USGS,01351500,1980-06-06,A,3.8794079842
14860,USGS,01351500,1980-06-07,A,3.7095069046
14861,USGS,01351500,1980-06-08,A,5.097032388000001
14862,USGS,01351500,1980-06-09,A,5.2669334676
14863,USGS,01351500,1980-06-10,A,5.0687155414000005
14864,USGS,01351500,1980-06-11,A,4.6156459958000005
14865,USGS,01351500,1980-06-12,A,4.0776259104
14866,USGS,01351500,1980-06-13,A,3.4829721318
14867,USGS,01351500,1980-06-14,A,3.0582194328
14868,USGS,01351500,1980-06-15,A,2.8600015066
14869,USGS,01351500,1980-06-16,A,6.1164388656
14870,USGS,01351500,1980-06-17,A,7.0508948034
14871,USGS,01351500,1980-06-18,A,4.5873291492
14872,USGS,01351500,1980-06-19,A,3.398021592
14873,USGS,01351500,1980-06-20,A,3.0299025862
14874,USGS,01351500,1980-06-21,A,2.9166351998
14875,USGS,01351500,1980-06-22,A,2.8600015066
14876,USGS,01351500,1980-06-23,A,2.6051498872
14877,USGS,01351500,1980-06-24,A,2.3219814212000003
14878,USGS,01351500,1980-06-25,A,2.0954466484000003
14879,USGS,01351500,1980-06-26,A,1.8689118756
14880,USGS,01351500,1980-06-27,A,1.699010796
14881,USGS,01351500,1980-06-28,A,1.5291097164
14882,USGS,01351500,1980-06-29,A,1.9538624154000002
14883,USGS,01351500,1980-06-30,A,15.4893150902
14884,USGS,01351500,1980-07-01,A,12.204560884600001
14885,USGS,01351500,1980-07-02,A,7.07921165
14886,USGS,01351500,1980-07-03,A,5.6067356268
14887,USGS,01351500,1980-07-04,A,4.672279689
14888,USGS,01351500,1980-07-05,A,3.8510911376
14889,USGS,01351500,1980-07-06,A,6.229706252
14890,USGS,01351500,1980-07-07,A,6.1730725588
14891,USGS,01351500,1980-07-08,A,4.4457449162
14892,USGS,01351500,1980-07-09,A,4.5873291492
14893,USGS,01351500,1980-07-10,A,4.5873291492
14894,USGS,01351500,1980-07-11,A,3.8510911376
14895,USGS,01351500,1980-07-12,A,4.7855470754
14896,USGS,01351500,1980-07-13,A,5.2952503142000005
14897,USGS,01351500,1980-07-14,A,3.7378237512
14898,USGS,01351500,1980-07-15,A,2.9449520464
14899,USGS,01351500,1980-07-16,A,2.5768330406
14900,USGS,01351500,1980-07-17,A,2.3786151144
14901,USGS,01351500,1980-07-18,A,2.1803971882
14902,USGS,01351500,1980-07-19,A,1.9538624154000002
14903,USGS,01351500,1980-07-20,A,1.8689118756
14904,USGS,01351500,1980-07-21,A,1.8405950290000002
14905,USGS,01351500,1980-07-22,A,1.6140602562000002
14906,USGS,01351500,1980-07-23,A,1.7273276426000002
14907,USGS,01351500,1980-07-24,A,1.6706939494
14908,USGS,01351500,1980-07-25,A,1.4441591766
14909,USGS,01351500,1980-07-26,A,1.3308917902
14910,USGS,01351500,1980-07-27,A,1.2176244038
14911,USGS,01351500,1980-07-28,A,1.1043570174
14912,USGS,01351500,1980-07-29,A,1.1609907106000001
14913,USGS,01351500,1980-07-30,A,1.2459412504
14914,USGS,01351500,1980-07-31,A,1.132673864
14915,USGS,01351500,1980-08-01,A,1.2459412504
14916,USGS,01351500,1980-08-02,A,1.41584233
14917,USGS,01351500,1980-08-03,A,1.7273276426000002
14918,USGS,01351500,1980-08-04,A,1.8689118756
14919,USGS,01351500,1980-08-05,A,1.7273276426000002
14920,USGS,01351500,1980-08-06,A,1.5857434096
14921,USGS,01351500,1980-08-07,A,1.41584233
14922,USGS,01351500,1980-08-08,A,1.3592086368
14923,USGS,01351500,1980-08-09,A,1.1893075572
14924,USGS,01351500,1980-08-10,A,1.0194064776
14925,USGS,01351500,1980-08-11,A,0.9344559378
14926,USGS,01351500,1980-08-12,A,0.9627727844
14927,USGS,01351500,1980-08-13,A,0.9627727844
14928,USGS,01351500,1980-08-14,A,0.9344559378
14929,USGS,01351500,1980-08-15,A,0.9061390912
14930,USGS,01351500,1980-08-16,A,0.8778222446
14931,USGS,01351500,1980-08-17,A,0.849505398
14932,USGS,01351500,1980-08-18,A,0.849505398
14933,USGS,01351500,1980-08-19,A,0.849505398
14934,USGS,01351500,1980-08-20,A,0.7928717048
14935,USGS,01351500,1980-08-21,A,0.7362380116
14936,USGS,01351500,1980-08-22,A,0.707921165
14937,USGS,01351500,1980-08-23,A,0.6796043184
14938,USGS,01351500,1980-08-24,A,0.6512874718
14939,USGS,01351500,1980-08-25,A,0.6229706252
14940,USGS,01351500,1980-08-26,A,0.566336932
14941,USGS,01351500,1980-08-27,A,0.5380200854
14942,USGS,01351500,1980-08-28,A,0.5097032388
14943,USGS,01351500,1980-08-29,A,0.5097032388
14944,USGS,01351500,1980-08-30,A,0.6512874718
14945,USGS,01351500,1980-08-31,A,0.6229706252
14946,USGS,01351500,1980-09-01,A,0.6796043184
14947,USGS,01351500,1980-09-02,A,0.7362380116
14948,USGS,01351500,1980-09-03,A,0.8778222446
14949,USGS,01351500,1980-09-04,A,1.1893075572
14950,USGS,01351500,1980-09-05,A,1.0477233242000001
14951,USGS,01351500,1980-09-06,A,0.9627727844
14952,USGS,01351500,1980-09-07,A,0.8778222446
14953,USGS,01351500,1980-09-08,A,0.707921165
14954,USGS,01351500,1980-09-09,A,0.6229706252
14955,USGS,01351500,1980-09-10,A,0.6229706252
14956,USGS,01351500,1980-09-11,A,0.566336932
14957,USGS,01351500,1980-09-12,A,0.5097032388
14958,USGS,01351500,1980-09-13,A,0.4813863922
14959,USGS,01351500,1980-09-14,A,0.4813863922
14960,USGS,01351500,1980-09-15,A,0.6229706252
14961,USGS,01351500,1980-09-16,A,0.5946537786
14962,USGS,01351500,1980-09-17,A,0.6512874718
14963,USGS,01351500,1980-09-18,A,0.8778222446
14964,USGS,01351500,1980-09-19,A,1.132673864
14965,USGS,01351500,1980-09-20,A,0.9344559378
14966,USGS,01351500,1980-09-21,A,0.8778222446
14967,USGS,01351500,1980-09-22,A,0.8211885514
14968,USGS,01351500,1980-09-23,A,0.7362380116
14969,USGS,01351500,1980-09-24,A,0.6796043184
14970,USGS,01351500,1980-09-25,A,0.6512874718
14971,USGS,01351500,1980-09-26,A,0.9344559378
14972,USGS,01351500,1980-09-27,A,1.4724760232
14973,USGS,01351500,1980-09-28,A,1.2459412504
14974,USGS,01351500,1980-09-29,A,1.0194064776
14975,USGS,01351500,1980-09-30,A,0.9627727844
14976,USGS,01351500,1980-10-01,A,0.991089631
14977,USGS,01351500,1980-10-02,A,0.991089631
14978,USGS,01351500,1980-10-03,A,1.0194064776
14979,USGS,01351500,1980-10-04,A,1.1043570174
14980,USGS,01351500,1980-10-05,A,1.0477233242000001
14981,USGS,01351500,1980-10-06,A,0.9627727844
14982,USGS,01351500,1980-10-07,A,0.8778222446
14983,USGS,01351500,1980-10-08,A,0.7928717048
14984,USGS,01351500,1980-10-09,A,0.7362380116
14985,USGS,01351500,1980-10-10,A,0.6229706252
14986,USGS,01351500,1980-10-11,A,0.5946537786
14987,USGS,01351500,1980-10-12,A,0.5946537786
14988,USGS,01351500,1980-10-13,A,0.5946537786
14989,USGS,01351500,1980-10-14,A,0.566336932
14990,USGS,01351500,1980-10-15,A,0.5380200854
14991,USGS,01351500,1980-10-16,A,0.566336932
14992,USGS,01351500,1980-10-17,A,0.566336932
14993,USGS,01351500,1980-10-18,A,0.5946537786
14994,USGS,01351500,1980-10-19,A,0.5946537786
14995,USGS,01351500,1980-10-20,A,0.5946537786
14996,USGS,01351500,1980-10-21,A,0.5946537786
14997,USGS,01351500,1980-10-22,A,0.566336932
14998,USGS,01351500,1980-10-23,A,0.566336932
14999,USGS,01351500,1980-10-24,A,0.5380200854
15000,USGS,01351500,1980-10-25,A,0.8211885514
15001,USGS,01351500,1980-10-26,A,4.813863922
15002,USGS,01351500,1980-10-27,A,7.2491127296
15003,USGS,01351500,1980-10-28,A,4.672279689
15004,USGS,01351500,1980-10-29,A,3.5112889784
15005,USGS,01351500,1980-10-30,A,2.8033678134
15006,USGS,01351500,1980-10-31,A,2.406931961
15007,USGS,01351500,1980-11-01,A,2.1520803416
15008,USGS,01351500,1980-11-02,A,2.0104961086
15009,USGS,01351500,1980-11-03,A,1.8405950290000002
15010,USGS,01351500,1980-11-04,A,1.7273276426000002
15011,USGS,01351500,1980-11-05,A,1.6706939494
15012,USGS,01351500,1980-11-06,A,1.5857434096
15013,USGS,01351500,1980-11-07,A,1.5007928698000002
15014,USGS,01351500,1980-11-08,A,1.4724760232
15015,USGS,01351500,1980-11-09,A,1.4441591766
15016,USGS,01351500,1980-11-10,A,2.0104961086
15017,USGS,01351500,1980-11-11,A,2.4918825008
15018,USGS,01351500,1980-11-12,A,2.6051498872
15019,USGS,01351500,1980-11-13,A,2.3786151144
15020,USGS,01351500,1980-11-14,A,2.1803971882
15021,USGS,01351500,1980-11-15,A,2.0388129552
15022,USGS,01351500,1980-11-16,A,1.9538624154000002
15023,USGS,01351500,1980-11-17,A,1.699010796
15024,USGS,01351500,1980-11-18,A,1.9255455688
15025,USGS,01351500,1980-11-19,A,1.8689118756
15026,USGS,01351500,1980-11-20,A,1.982179262
15027,USGS,01351500,1980-11-21,A,1.982179262
15028,USGS,01351500,1980-11-22,A,2.123763495
15029,USGS,01351500,1980-11-23,A,2.2370308814
15030,USGS,01351500,1980-11-24,A,3.2281205124000003
15031,USGS,01351500,1980-11-25,A,26.3063504914
15032,USGS,01351500,1980-11-26,A,24.210903843
15033,USGS,01351500,1980-11-27,A,13.0823831292
15034,USGS,01351500,1980-11-28,A,10.7320848614
15035,USGS,01351500,1980-11-29,A,12.74258097
15036,USGS,01351500,1980-11-30,A,13.0823831292
15037,USGS,01351500,1980-12-01,A,10.1091142362
15038,USGS,01351500,1980-12-02,A,10.1091142362
15039,USGS,01351500,1980-12-03,A,14.1867401466
15040,USGS,01351500,1980-12-04,A,10.7320848614
15041,USGS,01351500,1980-12-05,A,9.2596088382
15042,USGS,01351500,1980-12-06,A,8.211885514
15043,USGS,01351500,1980-12-07,A,7.645548582
15044,USGS,01351500,1980-12-08,A,7.362380116000001
15045,USGS,01351500,1980-12-09,A,7.07921165
15046,USGS,01351500,1980-12-10,A,6.796043184
15047,USGS,01351500,1980-12-11,A,6.229706252
15048,USGS,01351500,1980-12-12,A,6.229706252
15049,USGS,01351500,1980-12-13,A,5.946537786
15050,USGS,01351500,1980-12-14,A,5.66336932
15051,USGS,01351500,1980-12-15,A,5.380200854
15052,USGS,01351500,1980-12-16,A,5.097032388000001
15053,USGS,01351500,1980-12-17,A,4.813863922
15054,USGS,01351500,1980-12-18,A,4.813863922
15055,USGS,01351500,1980-12-19,A,4.530695456
15056,USGS,01351500,1980-12-20,A,4.24752699
15057,USGS,01351500,1980-12-21,A,4.24752699
15058,USGS,01351500,1980-12-22,A,4.24752699
15059,USGS,01351500,1980-12-23,A,3.964358524
15060,USGS,01351500,1980-12-24,A,3.964358524
15061,USGS,01351500,1980-12-25,A,3.6811900580000003
15062,USGS,01351500,1980-12-26,A,3.398021592
15063,USGS,01351500,1980-12-27,A,3.398021592
15064,USGS,01351500,1980-12-28,A,3.114853126
15065,USGS,01351500,1980-12-29,A,3.114853126
15066,USGS,01351500,1980-12-30,A,3.114853126
15067,USGS,01351500,1980-12-31,A,2.83168466
15068,USGS,01351500,1981-01-01,A,2.83168466
15069,USGS,01351500,1981-01-02,A,2.83168466
15070,USGS,01351500,1981-01-03,A,2.7184172736
15071,USGS,01351500,1981-01-04,A,2.4918825008
15072,USGS,01351500,1981-01-05,A,2.3786151144
15073,USGS,01351500,1981-01-06,A,2.265347728
15074,USGS,01351500,1981-01-07,A,2.2087140348
15075,USGS,01351500,1981-01-08,A,2.1520803416
15076,USGS,01351500,1981-01-09,A,2.0954466484000003
15077,USGS,01351500,1981-01-10,A,2.0388129552
15078,USGS,01351500,1981-01-11,A,1.982179262
15079,USGS,01351500,1981-01-12,A,1.9255455688
15080,USGS,01351500,1981-01-13,A,1.8689118756
15081,USGS,01351500,1981-01-14,A,1.8689118756
15082,USGS,01351500,1981-01-15,A,1.8689118756
15083,USGS,01351500,1981-01-16,A,1.8122781824
15084,USGS,01351500,1981-01-17,A,1.8122781824
15085,USGS,01351500,1981-01-18,A,1.8122781824
15086,USGS,01351500,1981-01-19,A,1.8122781824
15087,USGS,01351500,1981-01-20,A,1.8122781824
15088,USGS,01351500,1981-01-21,A,1.8122781824
15089,USGS,01351500,1981-01-22,A,1.8122781824
15090,USGS,01351500,1981-01-23,A,1.8122781824
15091,USGS,01351500,1981-01-24,A,1.8122781824
15092,USGS,01351500,1981-01-25,A,1.8122781824
15093,USGS,01351500,1981-01-26,A,1.8122781824
15094,USGS,01351500,1981-01-27,A,1.8122781824
15095,USGS,01351500,1981-01-28,A,1.8122781824
15096,USGS,01351500,1981-01-29,A,1.8122781824
15097,USGS,01351500,1981-01-30,A,1.8122781824
15098,USGS,01351500,1981-01-31,A,1.8689118756
15099,USGS,01351500,1981-02-01,A,2.83168466
15100,USGS,01351500,1981-02-02,A,39.64358524
15101,USGS,01351500,1981-02-03,A,70.7921165
15102,USGS,01351500,1981-02-04,A,42.4752699
15103,USGS,01351500,1981-02-05,A,28.3168466
15104,USGS,01351500,1981-02-06,A,28.3168466
15105,USGS,01351500,1981-02-07,A,28.3168466
15106,USGS,01351500,1981-02-08,A,28.3168466
15107,USGS,01351500,1981-02-09,A,28.3168466
15108,USGS,01351500,1981-02-10,A,31.148531260000002
15109,USGS,01351500,1981-02-11,A,70.7921165
15110,USGS,01351500,1981-02-12,A,219.738729616
15111,USGS,01351500,1981-02-13,A,71.641621898
15112,USGS,01351500,1981-02-14,A,43.891112230000005
15113,USGS,01351500,1981-02-15,A,28.3168466
15114,USGS,01351500,1981-02-16,A,20.388129552000002
15115,USGS,01351500,1981-02-17,A,28.3168466
15116,USGS,01351500,1981-02-18,A,65.12874718
15117,USGS,01351500,1981-02-19,A,76.738654286
15118,USGS,01351500,1981-02-20,A,139.602053738
15119,USGS,01351500,1981-02-21,A,339.8021592
15120,USGS,01351500,1981-02-22,A,242.392206896
15121,USGS,01351500,1981-02-23,A,157.724835562
15122,USGS,01351500,1981-02-24,A,235.312995246
15123,USGS,01351500,1981-02-25,A,184.34267136600002
15124,USGS,01351500,1981-02-26,A,126.576304302
15125,USGS,01351500,1981-02-27,A,92.596088382
15126,USGS,01351500,1981-02-28,A,65.978252578
15127,USGS,01351500,1981-03-01,A,55.501019336
15128,USGS,01351500,1981-03-02,A,45.873291492
15129,USGS,01351500,1981-03-03,A,33.413878988
15130,USGS,01351500,1981-03-04,A,24.210903843
15131,USGS,01351500,1981-03-05,A,23.1348636722
15132,USGS,01351500,1981-03-06,A,18.717435602600002
15133,USGS,01351500,1981-03-07,A,15.7441667096
15134,USGS,01351500,1981-03-08,A,15.3477308572
15135,USGS,01351500,1981-03-09,A,16.9617911134
15136,USGS,01351500,1981-03-10,A,15.3477308572
15137,USGS,01351500,1981-03-11,A,14.5548591524
15138,USGS,01351500,1981-03-12,A,13.818621140800001
15139,USGS,01351500,1981-03-13,A,13.450502135
15140,USGS,01351500,1981-03-14,A,13.818621140800001
15141,USGS,01351500,1981-03-15,A,11.3833723332
15142,USGS,01351500,1981-03-16,A,11.32673864
15143,USGS,01351500,1981-03-17,A,9.91089631
15144,USGS,01351500,1981-03-18,A,8.4384202868
15145,USGS,01351500,1981-03-19,A,8.1835686674
15146,USGS,01351500,1981-03-20,A,7.4473306558
15147,USGS,01351500,1981-03-21,A,6.3996073316
15148,USGS,01351500,1981-03-22,A,6.8243600306
15149,USGS,01351500,1981-03-23,A,6.6261421044
15150,USGS,01351500,1981-03-24,A,7.0225779568
15151,USGS,01351500,1981-03-25,A,7.2491127296
15152,USGS,01351500,1981-03-26,A,7.2491127296
15153,USGS,01351500,1981-03-27,A,7.2491127296
15154,USGS,01351500,1981-03-28,A,7.6738654286
15155,USGS,01351500,1981-03-29,A,7.6738654286
15156,USGS,01351500,1981-03-30,A,8.9764403722
15157,USGS,01351500,1981-03-31,A,11.6948576458
15158,USGS,01351500,1981-04-01,A,12.7142641234
15159,USGS,01351500,1981-04-02,A,27.2974401224
15160,USGS,01351500,1981-04-03,A,26.3063504914
15161,USGS,01351500,1981-04-04,A,18.264366057
15162,USGS,01351500,1981-04-05,A,16.140602562
15163,USGS,01351500,1981-04-06,A,18.717435602600002
15164,USGS,01351500,1981-04-07,A,15.7441667096
15165,USGS,01351500,1981-04-08,A,12.7142641234
15166,USGS,01351500,1981-04-09,A,11.3833723332
15167,USGS,01351500,1981-04-10,A,12.3744619642
15168,USGS,01351500,1981-04-11,A,11.3833723332
15169,USGS,01351500,1981-04-12,A,11.3833723332
15170,USGS,01351500,1981-04-13,A,9.2596088382
15171,USGS,01351500,1981-04-14,A,8.4384202868
15172,USGS,01351500,1981-04-15,A,9.8259457702
15173,USGS,01351500,1981-04-16,A,8.9764403722
15174,USGS,01351500,1981-04-17,A,7.4473306558
15175,USGS,01351500,1981-04-18,A,7.6738654286
15176,USGS,01351500,1981-04-19,A,7.928717048
15177,USGS,01351500,1981-04-20,A,6.8243600306
15178,USGS,01351500,1981-04-21,A,6.229706252
15179,USGS,01351500,1981-04-22,A,5.66336932
15180,USGS,01351500,1981-04-23,A,5.2952503142000005
15181,USGS,01351500,1981-04-24,A,7.2491127296
15182,USGS,01351500,1981-04-25,A,10.4205995488
15183,USGS,01351500,1981-04-26,A,8.4384202868
15184,USGS,01351500,1981-04-27,A,6.8243600306
15185,USGS,01351500,1981-04-28,A,6.0314883258
15186,USGS,01351500,1981-04-29,A,6.0314883258
15187,USGS,01351500,1981-04-30,A,8.1835686674
15188,USGS,01351500,1981-05-01,A,9.2596088382
15189,USGS,01351500,1981-05-02,A,7.2491127296
15190,USGS,01351500,1981-05-03,A,6.6261421044
15191,USGS,01351500,1981-05-04,A,6.0314883258
15192,USGS,01351500,1981-05-05,A,5.4651513938
15193,USGS,01351500,1981-05-06,A,4.955448155
15194,USGS,01351500,1981-05-07,A,4.813863922
15195,USGS,01351500,1981-05-08,A,4.643962842400001
15196,USGS,01351500,1981-05-09,A,4.3324775298
15197,USGS,01351500,1981-05-10,A,3.7944574444
15198,USGS,01351500,1981-05-11,A,3.539605825
15199,USGS,01351500,1981-05-12,A,40.209922172
15200,USGS,01351500,1981-05-13,A,112.417881002
15201,USGS,01351500,1981-05-14,A,51.253492346
15202,USGS,01351500,1981-05-15,A,31.148531260000002
15203,USGS,01351500,1981-05-16,A,36.245563648
15204,USGS,01351500,1981-05-17,A,30.582194328
15205,USGS,01351500,1981-05-18,A,20.6146643248
15206,USGS,01351500,1981-05-19,A,16.140602562
15207,USGS,01351500,1981-05-20,A,13.0823831292
15208,USGS,01351500,1981-05-21,A,10.7320848614
15209,USGS,01351500,1981-05-22,A,8.9764403722
15210,USGS,01351500,1981-05-23,A,7.4473306558
15211,USGS,01351500,1981-05-24,A,6.3996073316
15212,USGS,01351500,1981-05-25,A,5.8332703996
15213,USGS,01351500,1981-05-26,A,5.1253492346
15214,USGS,01351500,1981-05-27,A,4.955448155
15215,USGS,01351500,1981-05-28,A,4.4740617628
15216,USGS,01351500,1981-05-29,A,3.7944574444
15217,USGS,01351500,1981-05-30,A,5.66336932
15218,USGS,01351500,1981-05-31,A,8.9764403722
15219,USGS,01351500,1981-06-01,A,11.6948576458
15220,USGS,01351500,1981-06-02,A,7.0225779568
15221,USGS,01351500,1981-06-03,A,5.8332703996
15222,USGS,01351500,1981-06-04,A,5.2952503142000005
15223,USGS,01351500,1981-06-05,A,4.955448155
15224,USGS,01351500,1981-06-06,A,4.3324775298
15225,USGS,01351500,1981-06-07,A,4.4740617628
15226,USGS,01351500,1981-06-08,A,3.9360416774
15227,USGS,01351500,1981-06-09,A,3.7944574444
15228,USGS,01351500,1981-06-10,A,4.3324775298
15229,USGS,01351500,1981-06-11,A,3.9360416774
15230,USGS,01351500,1981-06-12,A,3.539605825
15231,USGS,01351500,1981-06-13,A,3.1714868192
15232,USGS,01351500,1981-06-14,A,4.813863922
15233,USGS,01351500,1981-06-15,A,13.0823831292
15234,USGS,01351500,1981-06-16,A,27.8354602078
15235,USGS,01351500,1981-06-17,A,16.5370384144
15236,USGS,01351500,1981-06-18,A,10.1091142362
15237,USGS,01351500,1981-06-19,A,8.4384202868
15238,USGS,01351500,1981-06-20,A,7.0225779568
15239,USGS,01351500,1981-06-21,A,7.6738654286
15240,USGS,01351500,1981-06-22,A,10.2223816226
15241,USGS,01351500,1981-06-23,A,9.4578267644
15242,USGS,01351500,1981-06-24,A,6.7677263374
15243,USGS,01351500,1981-06-25,A,5.550101933600001
15244,USGS,01351500,1981-06-26,A,5.8899040928
15245,USGS,01351500,1981-06-27,A,5.9748546326000005
15246,USGS,01351500,1981-06-28,A,4.8988144618
15247,USGS,01351500,1981-06-29,A,4.0776259104
15248,USGS,01351500,1981-06-30,A,3.822774291
15249,USGS,01351500,1981-07-01,A,3.398021592
15250,USGS,01351500,1981-07-02,A,3.4546552852000003
15251,USGS,01351500,1981-07-03,A,5.4085177006
15252,USGS,01351500,1981-07-04,A,6.3429736384
15253,USGS,01351500,1981-07-05,A,9.486143611000001
15254,USGS,01351500,1981-07-06,A,58.899040928000005
15255,USGS,01351500,1981-07-07,A,22.0021898082
15256,USGS,01351500,1981-07-08,A,12.006342958400001
15257,USGS,01351500,1981-07-09,A,8.381786593600001
15258,USGS,01351500,1981-07-10,A,6.6261421044
15259,USGS,01351500,1981-07-11,A,5.3518840074
15260,USGS,01351500,1981-07-12,A,4.4740617628
15261,USGS,01351500,1981-07-13,A,3.9926753706
15262,USGS,01351500,1981-07-14,A,3.822774291
15263,USGS,01351500,1981-07-15,A,3.4263384386
15264,USGS,01351500,1981-07-16,A,3.0015857396000003
15265,USGS,01351500,1981-07-17,A,2.7184172736
15266,USGS,01351500,1981-07-18,A,2.4918825008
15267,USGS,01351500,1981-07-19,A,2.4352488076
15268,USGS,01351500,1981-07-20,A,3.1431699726
15269,USGS,01351500,1981-07-21,A,3.9926753706
15270,USGS,01351500,1981-07-22,A,5.6350524734
15271,USGS,01351500,1981-07-23,A,4.672279689
15272,USGS,01351500,1981-07-24,A,3.4263384386
15273,USGS,01351500,1981-07-25,A,2.7750509668000003
15274,USGS,01351500,1981-07-26,A,2.4352488076
15275,USGS,01351500,1981-07-27,A,2.4352488076
15276,USGS,01351500,1981-07-28,A,2.3502982678
15277,USGS,01351500,1981-07-29,A,2.4918825008
15278,USGS,01351500,1981-07-30,A,2.5768330406
15279,USGS,01351500,1981-07-31,A,2.265347728
15280,USGS,01351500,1981-08-01,A,1.982179262
15281,USGS,01351500,1981-08-02,A,1.7839613358
15282,USGS,01351500,1981-08-03,A,1.6140602562000002
15283,USGS,01351500,1981-08-04,A,1.557426563
15284,USGS,01351500,1981-08-05,A,1.6423771028
15285,USGS,01351500,1981-08-06,A,1.8122781824
15286,USGS,01351500,1981-08-07,A,1.6423771028
15287,USGS,01351500,1981-08-08,A,1.5291097164
15288,USGS,01351500,1981-08-09,A,1.4441591766
15289,USGS,01351500,1981-08-10,A,1.3308917902
15290,USGS,01351500,1981-08-11,A,1.2459412504
15291,USGS,01351500,1981-08-12,A,1.1609907106000001
15292,USGS,01351500,1981-08-13,A,1.1043570174
15293,USGS,01351500,1981-08-14,A,1.0194064776
15294,USGS,01351500,1981-08-15,A,0.991089631
15295,USGS,01351500,1981-08-16,A,1.0477233242000001
15296,USGS,01351500,1981-08-17,A,0.9627727844
15297,USGS,01351500,1981-08-18,A,0.9344559378
15298,USGS,01351500,1981-08-19,A,0.8778222446
15299,USGS,01351500,1981-08-20,A,0.849505398
15300,USGS,01351500,1981-08-21,A,0.7928717048
15301,USGS,01351500,1981-08-22,A,0.7645548582
15302,USGS,01351500,1981-08-23,A,0.7362380116
15303,USGS,01351500,1981-08-24,A,0.707921165
15304,USGS,01351500,1981-08-25,A,0.6512874718
15305,USGS,01351500,1981-08-26,A,0.6229706252
15306,USGS,01351500,1981-08-27,A,0.6512874718
15307,USGS,01351500,1981-08-28,A,0.6512874718
15308,USGS,01351500,1981-08-29,A,0.707921165
15309,USGS,01351500,1981-08-30,A,0.8211885514
15310,USGS,01351500,1981-08-31,A,0.8778222446
15311,USGS,01351500,1981-09-01,A,0.8211885514
15312,USGS,01351500,1981-09-02,A,0.7928717048
15313,USGS,01351500,1981-09-03,A,0.9344559378
15314,USGS,01351500,1981-09-04,A,1.4724760232
15315,USGS,01351500,1981-09-05,A,1.557426563
15316,USGS,01351500,1981-09-06,A,1.3592086368
15317,USGS,01351500,1981-09-07,A,1.41584233
15318,USGS,01351500,1981-09-08,A,1.6423771028
15319,USGS,01351500,1981-09-09,A,2.7750509668000003
15320,USGS,01351500,1981-09-10,A,3.2847542056
15321,USGS,01351500,1981-09-11,A,2.4635656542
15322,USGS,01351500,1981-09-12,A,1.8972287222
15323,USGS,01351500,1981-09-13,A,1.5291097164
15324,USGS,01351500,1981-09-14,A,1.3308917902
15325,USGS,01351500,1981-09-15,A,1.6706939494
15326,USGS,01351500,1981-09-16,A,1.5291097164
15327,USGS,01351500,1981-09-17,A,1.3875254834000001
15328,USGS,01351500,1981-09-18,A,1.2742580970000001
15329,USGS,01351500,1981-09-19,A,1.2742580970000001
15330,USGS,01351500,1981-09-20,A,1.1893075572
15331,USGS,01351500,1981-09-21,A,1.132673864
15332,USGS,01351500,1981-09-22,A,1.3592086368
15333,USGS,01351500,1981-09-23,A,3.8510911376
15334,USGS,01351500,1981-09-24,A,5.8332703996
15335,USGS,01351500,1981-09-25,A,8.2968360538
15336,USGS,01351500,1981-09-26,A,5.9182209394
15337,USGS,01351500,1981-09-27,A,4.4457449162
15338,USGS,01351500,1981-09-28,A,11.185154407
15339,USGS,01351500,1981-09-29,A,6.5695084112
15340,USGS,01351500,1981-09-30,A,4.3891112230000005
15341,USGS,01351500,1981-10-01,A,3.5962395182
15342,USGS,01351500,1981-10-02,A,4.0776259104
15343,USGS,01351500,1981-10-03,A,6.5978252578
15344,USGS,01351500,1981-10-04,A,5.6350524734
15345,USGS,01351500,1981-10-05,A,4.530695456
15346,USGS,01351500,1981-10-06,A,4.0209922172
15347,USGS,01351500,1981-10-07,A,5.946537786
15348,USGS,01351500,1981-10-08,A,6.7110926442
15349,USGS,01351500,1981-10-09,A,5.8899040928
15350,USGS,01351500,1981-10-10,A,4.955448155
15351,USGS,01351500,1981-10-11,A,4.1908932968000006
15352,USGS,01351500,1981-10-12,A,3.7378237512
15353,USGS,01351500,1981-10-13,A,3.4263384386
15354,USGS,01351500,1981-10-14,A,3.1431699726
15355,USGS,01351500,1981-10-15,A,2.9449520464
15356,USGS,01351500,1981-10-16,A,2.8033678134
15357,USGS,01351500,1981-10-17,A,2.6334667338
15358,USGS,01351500,1981-10-18,A,2.5768330406
15359,USGS,01351500,1981-10-19,A,2.5768330406
15360,USGS,01351500,1981-10-20,A,2.7184172736
15361,USGS,01351500,1981-10-21,A,2.5485161940000003
15362,USGS,01351500,1981-10-22,A,2.406931961
15363,USGS,01351500,1981-10-23,A,2.4635656542
15364,USGS,01351500,1981-10-24,A,3.5679226716
15365,USGS,01351500,1981-10-25,A,4.530695456
15366,USGS,01351500,1981-10-26,A,4.530695456
15367,USGS,01351500,1981-10-27,A,16.4804047212
15368,USGS,01351500,1981-10-28,A,147.24760232
15369,USGS,01351500,1981-10-29,A,73.340632694
15370,USGS,01351500,1981-10-30,A,35.112889784000004
15371,USGS,01351500,1981-10-31,A,23.8427848372
15372,USGS,01351500,1981-11-01,A,19.0006040686
15373,USGS,01351500,1981-11-02,A,15.829117249400001
15374,USGS,01351500,1981-11-03,A,12.912482049600001
15375,USGS,01351500,1981-11-04,A,10.590500628400001
15376,USGS,01351500,1981-11-05,A,9.4295099178
15377,USGS,01351500,1981-11-06,A,10.2506984692
15378,USGS,01351500,1981-11-07,A,15.4609982436
15379,USGS,01351500,1981-11-08,A,13.960205373800001
15380,USGS,01351500,1981-11-09,A,13.2239673622
15381,USGS,01351500,1981-11-10,A,11.8364418788
15382,USGS,01351500,1981-11-11,A,9.3162425314
15383,USGS,01351500,1981-11-12,A,8.6932719062
15384,USGS,01351500,1981-11-13,A,7.9004002014
15385,USGS,01351500,1981-11-14,A,7.362380116000001
15386,USGS,01351500,1981-11-15,A,7.2774295762
15387,USGS,01351500,1981-11-16,A,7.928717048
15388,USGS,01351500,1981-11-17,A,8.4384202868
15389,USGS,01351500,1981-11-18,A,8.636638213
15390,USGS,01351500,1981-11-19,A,8.7499055994
15391,USGS,01351500,1981-11-20,A,8.8065392926
15392,USGS,01351500,1981-11-21,A,15.4043645504
15393,USGS,01351500,1981-11-22,A,15.9140677892
15394,USGS,01351500,1981-11-23,A,13.7903042942
15395,USGS,01351500,1981-11-24,A,11.6382239526
15396,USGS,01351500,1981-11-25,A,9.91089631
15397,USGS,01351500,1981-11-26,A,8.9481235256
15398,USGS,01351500,1981-11-27,A,9.3728762246
15399,USGS,01351500,1981-11-28,A,11.7231744924
15400,USGS,01351500,1981-11-29,A,10.7037680148
15401,USGS,01351500,1981-11-30,A,10.2790153158
15402,USGS,01351500,1981-12-01,A,8.636638213
15403,USGS,01351500,1981-12-02,A,15.319414010600001
15404,USGS,01351500,1981-12-03,A,24.0976364566
15405,USGS,01351500,1981-12-04,A,19.0572377618
15406,USGS,01351500,1981-12-05,A,15.2061466242
15407,USGS,01351500,1981-12-06,A,13.1956505156
15408,USGS,01351500,1981-12-07,A,9.91089631
15409,USGS,01351500,1981-12-08,A,9.344559378
15410,USGS,01351500,1981-12-09,A,11.32673864
15411,USGS,01351500,1981-12-10,A,10.477233242
15412,USGS,01351500,1981-12-11,A,9.91089631
15413,USGS,01351500,1981-12-12,A,9.344559378
15414,USGS,01351500,1981-12-13,A,9.344559378
15415,USGS,01351500,1981-12-14,A,9.061390912
15416,USGS,01351500,1981-12-15,A,9.061390912
15417,USGS,01351500,1981-12-16,A,10.194064776000001
15418,USGS,01351500,1981-12-17,A,9.91089631
15419,USGS,01351500,1981-12-18,A,10.760401708
15420,USGS,01351500,1981-12-19,A,11.893075572
15421,USGS,01351500,1981-12-20,A,11.32673864
15422,USGS,01351500,1981-12-21,A,10.477233242
15423,USGS,01351500,1981-12-22,A,12.74258097
15424,USGS,01351500,1981-12-23,A,28.3168466
15425,USGS,01351500,1981-12-24,A,56.6336932
15426,USGS,01351500,1981-12-25,A,31.148531260000002
15427,USGS,01351500,1981-12-26,A,22.65347728
15428,USGS,01351500,1981-12-27,A,19.255455688
15429,USGS,01351500,1981-12-28,A,15.857434096
15430,USGS,01351500,1981-12-29,A,13.875254834
15431,USGS,01351500,1981-12-30,A,12.74258097
15432,USGS,01351500,1981-12-31,A,11.32673864
15433,USGS,01351500,1982-01-01,A,10.760401708
15434,USGS,01351500,1982-01-02,A,11.043570174000001
15435,USGS,01351500,1982-01-03,A,11.609907106
15436,USGS,01351500,1982-01-04,A,14.1584233
15437,USGS,01351500,1982-01-05,A,99.1089631
15438,USGS,01351500,1982-01-06,A,50.97032388
15439,USGS,01351500,1982-01-07,A,27.184172736
15440,USGS,01351500,1982-01-08,A,19.82179262
15441,USGS,01351500,1982-01-09,A,16.423771028
15442,USGS,01351500,1982-01-10,A,15.291097164
15443,USGS,01351500,1982-01-11,A,14.1584233
15444,USGS,01351500,1982-01-12,A,13.308917902000001
15445,USGS,01351500,1982-01-13,A,12.459412504
15446,USGS,01351500,1982-01-14,A,12.176244038
15447,USGS,01351500,1982-01-15,A,14.724760232000001
15448,USGS,01351500,1982-01-16,A,16.423771028
15449,USGS,01351500,1982-01-17,A,15.007928698
15450,USGS,01351500,1982-01-18,A,15.857434096
15451,USGS,01351500,1982-01-19,A,13.308917902000001
15452,USGS,01351500,1982-01-20,A,12.176244038
15453,USGS,01351500,1982-01-21,A,11.043570174000001
15454,USGS,01351500,1982-01-22,A,10.477233242
15455,USGS,01351500,1982-01-23,A,9.91089631
15456,USGS,01351500,1982-01-24,A,9.627727844
15457,USGS,01351500,1982-01-25,A,10.477233242
15458,USGS,01351500,1982-01-26,A,11.609907106
15459,USGS,01351500,1982-01-27,A,12.459412504
15460,USGS,01351500,1982-01-28,A,11.043570174000001
15461,USGS,01351500,1982-01-29,A,9.91089631
15462,USGS,01351500,1982-01-30,A,9.344559378
15463,USGS,01351500,1982-01-31,A,9.627727844
15464,USGS,01351500,1982-02-01,A,14.1584233
15465,USGS,01351500,1982-02-02,A,19.82179262
15466,USGS,01351500,1982-02-03,A,42.4752699
15467,USGS,01351500,1982-02-04,A,113.2673864
15468,USGS,01351500,1982-02-05,A,48.13863922
15469,USGS,01351500,1982-02-06,A,28.3168466
15470,USGS,01351500,1982-02-07,A,23.786151144
15471,USGS,01351500,1982-02-08,A,22.087140348000002
15472,USGS,01351500,1982-02-09,A,25.48516194
15473,USGS,01351500,1982-02-10,A,24.06931961
15474,USGS,01351500,1982-02-11,A,20.954466484
15475,USGS,01351500,1982-02-12,A,18.689118756
15476,USGS,01351500,1982-02-13,A,16.99010796
15477,USGS,01351500,1982-02-14,A,14.724760232000001
15478,USGS,01351500,1982-02-15,A,12.74258097
15479,USGS,01351500,1982-02-16,A,14.1584233
15480,USGS,01351500,1982-02-17,A,16.99010796
15481,USGS,01351500,1982-02-18,A,15.857434096
15482,USGS,01351500,1982-02-19,A,14.1584233
15483,USGS,01351500,1982-02-20,A,12.459412504
15484,USGS,01351500,1982-02-21,A,11.609907106
15485,USGS,01351500,1982-02-22,A,10.760401708
15486,USGS,01351500,1982-02-23,A,10.194064776000001
15487,USGS,01351500,1982-02-24,A,9.344559378
15488,USGS,01351500,1982-02-25,A,9.061390912
15489,USGS,01351500,1982-02-26,A,8.49505398
15490,USGS,01351500,1982-02-27,A,8.211885514
15491,USGS,01351500,1982-02-28,A,7.928717048
15492,USGS,01351500,1982-03-01,A,7.645548582
15493,USGS,01351500,1982-03-02,A,7.645548582
15494,USGS,01351500,1982-03-03,A,7.362380116000001
15495,USGS,01351500,1982-03-04,A,7.362380116000001
15496,USGS,01351500,1982-03-05,A,7.07921165
15497,USGS,01351500,1982-03-06,A,7.645548582
15498,USGS,01351500,1982-03-07,A,8.49505398
15499,USGS,01351500,1982-03-08,A,11.32673864
15500,USGS,01351500,1982-03-09,A,10.194064776000001
15501,USGS,01351500,1982-03-10,A,7.07921165
15502,USGS,01351500,1982-03-11,A,7.645548582
15503,USGS,01351500,1982-03-12,A,56.916861666
15504,USGS,01351500,1982-03-13,A,109.303027876
15505,USGS,01351500,1982-03-14,A,148.380276184
15506,USGS,01351500,1982-03-15,A,107.037680148
15507,USGS,01351500,1982-03-16,A,78.437665082
15508,USGS,01351500,1982-03-17,A,60.031714792
15509,USGS,01351500,1982-03-18,A,54.368345472
15510,USGS,01351500,1982-03-19,A,74.756475024
15511,USGS,01351500,1982-03-20,A,67.394094908
15512,USGS,01351500,1982-03-21,A,83.251529004
15513,USGS,01351500,1982-03-22,A,96.843615372
15514,USGS,01351500,1982-03-23,A,95.994109974
15515,USGS,01351500,1982-03-24,A,91.46341451800001
15516,USGS,01351500,1982-03-25,A,112.70104946800001
15517,USGS,01351500,1982-03-26,A,185.47534523000002
15518,USGS,01351500,1982-03-27,A,154.32681397000002
15519,USGS,01351500,1982-03-28,A,79.00400201400001
15520,USGS,01351500,1982-03-29,A,59.748546326
15521,USGS,01351500,1982-03-30,A,61.447557122
15522,USGS,01351500,1982-03-31,A,106.47134321600001
15523,USGS,01351500,1982-04-01,A,230.215962858
15524,USGS,01351500,1982-04-02,A,137.053537544
15525,USGS,01351500,1982-04-03,A,106.47134321600001
15526,USGS,01351500,1982-04-04,A,236.44566911
15527,USGS,01351500,1982-04-05,A,126.00996737
15528,USGS,01351500,1982-04-06,A,87.78222446000001
15529,USGS,01351500,1982-04-07,A,60.598051724
15530,USGS,01351500,1982-04-08,A,61.730725588
15531,USGS,01351500,1982-04-09,A,61.730725588
15532,USGS,01351500,1982-04-10,A,58.04953553
15533,USGS,01351500,1982-04-11,A,64.279241782
15534,USGS,01351500,1982-04-12,A,60.031714792
15535,USGS,01351500,1982-04-13,A,57.200030132
15536,USGS,01351500,1982-04-14,A,80.136675878
15537,USGS,01351500,1982-04-15,A,78.437665082
15538,USGS,01351500,1982-04-16,A,70.508948034
15539,USGS,01351500,1982-04-17,A,84.9505398
15540,USGS,01351500,1982-04-18,A,226.251604334
15541,USGS,01351500,1982-04-19,A,177.263459716
15542,USGS,01351500,1982-04-20,A,112.984217934
15543,USGS,01351500,1982-04-21,A,92.596088382
15544,USGS,01351500,1982-04-22,A,80.419844344
15545,USGS,01351500,1982-04-23,A,66.54458951000001
15546,USGS,01351500,1982-04-24,A,54.368345472
15547,USGS,01351500,1982-04-25,A,48.704976152
15548,USGS,01351500,1982-04-26,A,42.758438366
15549,USGS,01351500,1982-04-27,A,53.80200854
15550,USGS,01351500,1982-04-28,A,56.067356268000005
15551,USGS,01351500,1982-04-29,A,44.740617628
15552,USGS,01351500,1982-04-30,A,37.378237512
15553,USGS,01351500,1982-05-01,A,30.865362794
15554,USGS,01351500,1982-05-02,A,27.127539042800002
15555,USGS,01351500,1982-05-03,A,25.0037755478
15556,USGS,01351500,1982-05-04,A,23.0215962858
15557,USGS,01351500,1982-05-05,A,21.4641697228
15558,USGS,01351500,1982-05-06,A,18.7457524492
15559,USGS,01351500,1982-05-07,A,16.5936721076
15560,USGS,01351500,1982-05-08,A,16.508721567800002
15561,USGS,01351500,1982-05-09,A,15.4609982436
15562,USGS,01351500,1982-05-10,A,13.9318885272
15563,USGS,01351500,1982-05-11,A,16.253869948400002
15564,USGS,01351500,1982-05-12,A,10.3073321624
15565,USGS,01351500,1982-05-13,A,8.2685192072
15566,USGS,01351500,1982-05-14,A,7.4473306558
15567,USGS,01351500,1982-05-15,A,5.9748546326000005
15568,USGS,01351500,1982-05-16,A,4.8704976152
15569,USGS,01351500,1982-05-17,A,4.3607943764
15570,USGS,01351500,1982-05-18,A,3.9360416774
15571,USGS,01351500,1982-05-19,A,3.6245563648
15572,USGS,01351500,1982-05-20,A,3.8510911376
15573,USGS,01351500,1982-05-21,A,4.1908932968000006
15574,USGS,01351500,1982-05-22,A,4.0209922172
15575,USGS,01351500,1982-05-23,A,4.0493090638
15576,USGS,01351500,1982-05-24,A,13.818621140800001
15577,USGS,01351500,1982-05-25,A,18.6608019094
15578,USGS,01351500,1982-05-26,A,10.8736690944
15579,USGS,01351500,1982-05-27,A,8.1835686674
15580,USGS,01351500,1982-05-28,A,6.5978252578
15581,USGS,01351500,1982-05-29,A,7.1358453432
15582,USGS,01351500,1982-05-30,A,9.287925684800001
15583,USGS,01351500,1982-05-31,A,8.0136675878
15584,USGS,01351500,1982-06-01,A,13.5354526748
15585,USGS,01351500,1982-06-02,A,23.4463489848
15586,USGS,01351500,1982-06-03,A,23.5879332178
15587,USGS,01351500,1982-06-04,A,14.4982254592
15588,USGS,01351500,1982-06-05,A,16.282186795
15589,USGS,01351500,1982-06-06,A,269.859548098
15590,USGS,01351500,1982-06-07,A,351.12889784000004
15591,USGS,01351500,1982-06-08,A,185.47534523000002
15592,USGS,01351500,1982-06-09,A,112.984217934
15593,USGS,01351500,1982-06-10,A,77.87132815
15594,USGS,01351500,1982-06-11,A,52.669334676
15595,USGS,01351500,1982-06-12,A,44.174280696000004
15596,USGS,01351500,1982-06-13,A,37.095069046
15597,USGS,01351500,1982-06-14,A,50.687155414
15598,USGS,01351500,1982-06-15,A,43.891112230000005
15599,USGS,01351500,1982-06-16,A,32.281205124
15600,USGS,01351500,1982-06-17,A,63.146567918
15601,USGS,01351500,1982-06-18,A,68.243600306
15602,USGS,01351500,1982-06-19,A,38.794079842
15603,USGS,01351500,1982-06-20,A,30.299025862
15604,USGS,01351500,1982-06-21,A,25.3718945536
15605,USGS,01351500,1982-06-22,A,19.9916936996
15606,USGS,01351500,1982-06-23,A,17.273276426
15607,USGS,01351500,1982-06-24,A,17.273276426
15608,USGS,01351500,1982-06-25,A,14.1584233
15609,USGS,01351500,1982-06-26,A,10.477233242
15610,USGS,01351500,1982-06-27,A,8.6649550596
15611,USGS,01351500,1982-06-28,A,8.4667371334
15612,USGS,01351500,1982-06-29,A,22.511893047
15613,USGS,01351500,1982-06-30,A,126.00996737
15614,USGS,01351500,1982-07-01,A,58.04953553
15615,USGS,01351500,1982-07-02,A,33.130710522
15616,USGS,01351500,1982-07-03,A,21.6057539558
15617,USGS,01351500,1982-07-04,A,17.7263459716
15618,USGS,01351500,1982-07-05,A,12.600996737000001
15619,USGS,01351500,1982-07-06,A,10.2223816226
15620,USGS,01351500,1982-07-07,A,7.815449661600001
15621,USGS,01351500,1982-07-08,A,6.937627417
15622,USGS,01351500,1982-07-09,A,5.7766367064
15623,USGS,01351500,1982-07-10,A,5.0687155414000005
15624,USGS,01351500,1982-07-11,A,4.5023786094
15625,USGS,01351500,1982-07-12,A,4.2192101434
15626,USGS,01351500,1982-07-13,A,4.0209922172
15627,USGS,01351500,1982-07-14,A,3.5679226716
15628,USGS,01351500,1982-07-15,A,3.2847542056
15629,USGS,01351500,1982-07-16,A,3.256437359
15630,USGS,01351500,1982-07-17,A,2.9166351998
15631,USGS,01351500,1982-07-18,A,2.7184172736
15632,USGS,01351500,1982-07-19,A,2.4918825008
15633,USGS,01351500,1982-07-20,A,2.9449520464
15634,USGS,01351500,1982-07-21,A,3.0299025862
15635,USGS,01351500,1982-07-22,A,2.690100427
15636,USGS,01351500,1982-07-23,A,2.3502982678
15637,USGS,01351500,1982-07-24,A,2.0388129552
15638,USGS,01351500,1982-07-25,A,1.8405950290000002
15639,USGS,01351500,1982-07-26,A,1.6423771028
15640,USGS,01351500,1982-07-27,A,1.5007928698000002
15641,USGS,01351500,1982-07-28,A,1.8689118756
15642,USGS,01351500,1982-07-29,A,6.909310570400001
15643,USGS,01351500,1982-07-30,A,5.238616621
15644,USGS,01351500,1982-07-31,A,3.4263384386
15645,USGS,01351500,1982-08-01,A,2.6617835804
15646,USGS,01351500,1982-08-02,A,2.3502982678
15647,USGS,01351500,1982-08-03,A,2.123763495
15648,USGS,01351500,1982-08-04,A,2.123763495
15649,USGS,01351500,1982-08-05,A,2.0954466484000003
15650,USGS,01351500,1982-08-06,A,1.8689118756
15651,USGS,01351500,1982-08-07,A,1.6706939494
15652,USGS,01351500,1982-08-08,A,1.5291097164
15653,USGS,01351500,1982-08-09,A,1.4724760232
15654,USGS,01351500,1982-08-10,A,1.699010796
15655,USGS,01351500,1982-08-11,A,1.6706939494
15656,USGS,01351500,1982-08-12,A,1.5291097164
15657,USGS,01351500,1982-08-13,A,1.3592086368
15658,USGS,01351500,1982-08-14,A,1.2459412504
15659,USGS,01351500,1982-08-15,A,1.1043570174
15660,USGS,01351500,1982-08-16,A,1.0194064776
15661,USGS,01351500,1982-08-17,A,0.991089631
15662,USGS,01351500,1982-08-18,A,1.0194064776
15663,USGS,01351500,1982-08-19,A,0.9344559378
15664,USGS,01351500,1982-08-20,A,0.8778222446
15665,USGS,01351500,1982-08-21,A,0.8211885514
15666,USGS,01351500,1982-08-22,A,0.7928717048
15667,USGS,01351500,1982-08-23,A,0.7928717048
15668,USGS,01351500,1982-08-24,A,0.7645548582
15669,USGS,01351500,1982-08-25,A,0.8211885514
15670,USGS,01351500,1982-08-26,A,0.849505398
15671,USGS,01351500,1982-08-27,A,0.7928717048
15672,USGS,01351500,1982-08-28,A,0.7928717048
15673,USGS,01351500,1982-08-29,A,0.7362380116
15674,USGS,01351500,1982-08-30,A,0.6796043184
15675,USGS,01351500,1982-08-31,A,0.6796043184
15676,USGS,01351500,1982-09-01,A,0.6796043184
15677,USGS,01351500,1982-09-02,A,0.707921165
15678,USGS,01351500,1982-09-03,A,0.7928717048
15679,USGS,01351500,1982-09-04,A,0.8211885514
15680,USGS,01351500,1982-09-05,A,0.7645548582
15681,USGS,01351500,1982-09-06,A,0.707921165
15682,USGS,01351500,1982-09-07,A,0.6512874718
15683,USGS,01351500,1982-09-08,A,0.6229706252
15684,USGS,01351500,1982-09-09,A,0.5946537786
15685,USGS,01351500,1982-09-10,A,0.566336932
15686,USGS,01351500,1982-09-11,A,0.5380200854
15687,USGS,01351500,1982-09-12,A,0.5097032388
15688,USGS,01351500,1982-09-13,A,0.4813863922
15689,USGS,01351500,1982-09-14,A,0.4813863922
15690,USGS,01351500,1982-09-15,A,0.5097032388
15691,USGS,01351500,1982-09-16,A,0.5380200854
15692,USGS,01351500,1982-09-17,A,0.6229706252
15693,USGS,01351500,1982-09-18,A,0.707921165
15694,USGS,01351500,1982-09-19,A,0.9344559378
15695,USGS,01351500,1982-09-20,A,0.9627727844
15696,USGS,01351500,1982-09-21,A,1.0194064776
15697,USGS,01351500,1982-09-22,A,1.0194064776
15698,USGS,01351500,1982-09-23,A,1.0760401708
15699,USGS,01351500,1982-09-24,A,0.9344559378
15700,USGS,01351500,1982-09-25,A,0.849505398
15701,USGS,01351500,1982-09-26,A,0.7928717048
15702,USGS,01351500,1982-09-27,A,0.8211885514
15703,USGS,01351500,1982-09-28,A,0.9627727844
15704,USGS,01351500,1982-09-29,A,1.0477233242000001
15705,USGS,01351500,1982-09-30,A,0.991089631
15706,USGS,01351500,1982-10-01,A,0.8778222446
15707,USGS,01351500,1982-10-02,A,0.7362380116
15708,USGS,01351500,1982-10-03,A,0.6229706252
15709,USGS,01351500,1982-10-04,A,0.566336932
15710,USGS,01351500,1982-10-05,A,0.5380200854
15711,USGS,01351500,1982-10-06,A,0.5097032388
15712,USGS,01351500,1982-10-07,A,0.4813863922
15713,USGS,01351500,1982-10-08,A,0.4813863922
15714,USGS,01351500,1982-10-09,A,0.4813863922
15715,USGS,01351500,1982-10-10,A,0.4813863922
15716,USGS,01351500,1982-10-11,A,0.4530695456
15717,USGS,01351500,1982-10-12,A,0.4813863922
15718,USGS,01351500,1982-10-13,A,0.5097032388
15719,USGS,01351500,1982-10-14,A,0.5380200854
15720,USGS,01351500,1982-10-15,A,0.5946537786
15721,USGS,01351500,1982-10-16,A,0.566336932
15722,USGS,01351500,1982-10-17,A,0.566336932
15723,USGS,01351500,1982-10-18,A,0.566336932
15724,USGS,01351500,1982-10-19,A,0.5946537786
15725,USGS,01351500,1982-10-20,A,0.6229706252
15726,USGS,01351500,1982-10-21,A,0.6229706252
15727,USGS,01351500,1982-10-22,A,0.5946537786
15728,USGS,01351500,1982-10-23,A,0.5380200854
15729,USGS,01351500,1982-10-24,A,0.5380200854
15730,USGS,01351500,1982-10-25,A,0.5380200854
15731,USGS,01351500,1982-10-26,A,0.5380200854
15732,USGS,01351500,1982-10-27,A,0.5380200854
15733,USGS,01351500,1982-10-28,A,0.5380200854
15734,USGS,01351500,1982-10-29,A,0.5380200854
15735,USGS,01351500,1982-10-30,A,0.5380200854
15736,USGS,01351500,1982-10-31,A,0.5380200854
15737,USGS,01351500,1982-11-01,A,0.6512874718
15738,USGS,01351500,1982-11-02,A,0.5946537786
15739,USGS,01351500,1982-11-03,A,0.566336932
15740,USGS,01351500,1982-11-04,A,0.6229706252
15741,USGS,01351500,1982-11-05,A,1.2742580970000001
15742,USGS,01351500,1982-11-06,A,2.3219814212000003
15743,USGS,01351500,1982-11-07,A,2.3219814212000003
15744,USGS,01351500,1982-11-08,A,1.7556444892
15745,USGS,01351500,1982-11-09,A,1.41584233
15746,USGS,01351500,1982-11-10,A,1.2176244038
15747,USGS,01351500,1982-11-11,A,1.1043570174
15748,USGS,01351500,1982-11-12,A,1.0477233242000001
15749,USGS,01351500,1982-11-13,A,1.1043570174
15750,USGS,01351500,1982-11-14,A,1.3308917902
15751,USGS,01351500,1982-11-15,A,1.7556444892
15752,USGS,01351500,1982-11-16,A,1.6423771028
15753,USGS,01351500,1982-11-17,A,1.41584233
15754,USGS,01351500,1982-11-18,A,1.3308917902
15755,USGS,01351500,1982-11-19,A,1.2176244038
15756,USGS,01351500,1982-11-20,A,1.132673864
15757,USGS,01351500,1982-11-21,A,1.1043570174
15758,USGS,01351500,1982-11-22,A,1.1609907106000001
15759,USGS,01351500,1982-11-23,A,1.6706939494
15760,USGS,01351500,1982-11-24,A,2.2370308814
15761,USGS,01351500,1982-11-25,A,2.6334667338
15762,USGS,01351500,1982-11-26,A,2.3786151144
15763,USGS,01351500,1982-11-27,A,2.1520803416
15764,USGS,01351500,1982-11-28,A,1.8972287222
15765,USGS,01351500,1982-11-29,A,2.0104961086
15766,USGS,01351500,1982-11-30,A,2.406931961
15767,USGS,01351500,1982-12-01,A,3.4829721318
15768,USGS,01351500,1982-12-02,A,3.0582194328
15769,USGS,01351500,1982-12-03,A,2.6334667338
15770,USGS,01351500,1982-12-04,A,2.3786151144
15771,USGS,01351500,1982-12-05,A,2.1803971882
15772,USGS,01351500,1982-12-06,A,2.0954466484000003
15773,USGS,01351500,1982-12-07,A,1.9538624154000002
15774,USGS,01351500,1982-12-08,A,1.8972287222
15775,USGS,01351500,1982-12-09,A,1.7273276426000002
15776,USGS,01351500,1982-12-10,A,1.4724760232
15777,USGS,01351500,1982-12-11,A,1.3592086368
15778,USGS,01351500,1982-12-12,A,1.2742580970000001
15779,USGS,01351500,1982-12-13,A,1.2176244038
15780,USGS,01351500,1982-12-14,A,1.1609907106000001
15781,USGS,01351500,1982-12-15,A,1.2742580970000001
15782,USGS,01351500,1982-12-16,A,1.6423771028
15783,USGS,01351500,1982-12-17,A,3.0299025862
15784,USGS,01351500,1982-12-18,A,3.256437359
15785,USGS,01351500,1982-12-19,A,2.4352488076
15786,USGS,01351500,1982-12-20,A,2.1520803416
15787,USGS,01351500,1982-12-21,A,2.0388129552
15788,USGS,01351500,1982-12-22,A,1.9538624154000002
15789,USGS,01351500,1982-12-23,A,1.9255455688
15790,USGS,01351500,1982-12-24,A,1.982179262
15791,USGS,01351500,1982-12-25,A,2.5201993474
15792,USGS,01351500,1982-12-26,A,4.530695456
15793,USGS,01351500,1982-12-27,A,5.550101933600001
15794,USGS,01351500,1982-12-28,A,4.1342596036
15795,USGS,01351500,1982-12-29,A,3.6811900580000003
15796,USGS,01351500,1982-12-30,A,3.114853126
15797,USGS,01351500,1982-12-31,A,2.7750509668000003
15798,USGS,01351500,1983-01-01,A,2.5485161940000003
15799,USGS,01351500,1983-01-02,A,2.4352488076
15800,USGS,01351500,1983-01-03,A,2.3219814212000003
15801,USGS,01351500,1983-01-04,A,2.265347728
15802,USGS,01351500,1983-01-05,A,2.5485161940000003
15803,USGS,01351500,1983-01-06,A,2.7184172736
15804,USGS,01351500,1983-01-07,A,2.8033678134
15805,USGS,01351500,1983-01-08,A,2.5485161940000003
15806,USGS,01351500,1983-01-09,A,2.265347728
15807,USGS,01351500,1983-01-10,A,2.123763495
15808,USGS,01351500,1983-01-11,A,2.406931961
15809,USGS,01351500,1983-01-12,A,3.5962395182
15810,USGS,01351500,1983-01-13,A,3.6811900580000003
15811,USGS,01351500,1983-01-14,A,2.6617835804
15812,USGS,01351500,1983-01-15,A,2.406931961
15813,USGS,01351500,1983-01-16,A,2.2087140348
15814,USGS,01351500,1983-01-17,A,2.1520803416
15815,USGS,01351500,1983-01-18,A,2.123763495
15816,USGS,01351500,1983-01-19,A,2.0954466484000003
15817,USGS,01351500,1983-01-20,A,2.0671298018
15818,USGS,01351500,1983-01-21,A,2.0954466484000003
15819,USGS,01351500,1983-01-22,A,2.123763495
15820,USGS,01351500,1983-01-23,A,2.3219814212000003
15821,USGS,01351500,1983-01-24,A,9.6560446906
15822,USGS,01351500,1983-01-25,A,28.3168466
15823,USGS,01351500,1983-01-26,A,24.6073396954
15824,USGS,01351500,1983-01-27,A,15.291097164
15825,USGS,01351500,1983-01-28,A,13.025749436
15826,USGS,01351500,1983-01-29,A,12.176244038
15827,USGS,01351500,1983-01-30,A,11.893075572
15828,USGS,01351500,1983-01-31,A,11.893075572
15829,USGS,01351500,1983-02-01,A,12.74258097
15830,USGS,01351500,1983-02-02,A,13.875254834
15831,USGS,01351500,1983-02-03,A,33.98021592
15832,USGS,01351500,1983-02-04,A,90.330740654
15833,USGS,01351500,1983-02-05,A,38.22774291
15834,USGS,01351500,1983-02-06,A,25.626746173
15835,USGS,01351500,1983-02-07,A,21.520803416
15836,USGS,01351500,1983-02-08,A,19.255455688
15837,USGS,01351500,1983-02-09,A,16.99010796
15838,USGS,01351500,1983-02-10,A,15.857434096
15839,USGS,01351500,1983-02-11,A,14.724760232000001
15840,USGS,01351500,1983-02-12,A,13.875254834
15841,USGS,01351500,1983-02-13,A,13.308917902000001
15842,USGS,01351500,1983-02-14,A,12.74258097
15843,USGS,01351500,1983-02-15,A,12.459412504
15844,USGS,01351500,1983-02-16,A,11.893075572
15845,USGS,01351500,1983-02-17,A,12.402778810800001
15846,USGS,01351500,1983-02-18,A,12.5443630438
15847,USGS,01351500,1983-02-19,A,12.74258097
15848,USGS,01351500,1983-02-20,A,12.176244038
15849,USGS,01351500,1983-02-21,A,12.459412504
15850,USGS,01351500,1983-02-22,A,14.1584233
15851,USGS,01351500,1983-02-23,A,19.82179262
15852,USGS,01351500,1983-02-24,A,18.689118756
15853,USGS,01351500,1983-02-25,A,15.291097164
15854,USGS,01351500,1983-02-26,A,13.875254834
15855,USGS,01351500,1983-02-27,A,12.74258097
15856,USGS,01351500,1983-02-28,A,12.459412504
15857,USGS,01351500,1983-03-01,A,14.1017896068
15858,USGS,01351500,1983-03-02,A,21.4924865694
15859,USGS,01351500,1983-03-03,A,35.112889784000004
15860,USGS,01351500,1983-03-04,A,30.015857396
15861,USGS,01351500,1983-03-05,A,33.130710522
15862,USGS,01351500,1983-03-06,A,37.095069046
15863,USGS,01351500,1983-03-07,A,82.11885514000001
15864,USGS,01351500,1983-03-08,A,90.047572188
15865,USGS,01351500,1983-03-09,A,119.497092652
15866,USGS,01351500,1983-03-10,A,83.251529004
15867,USGS,01351500,1983-03-11,A,96.843615372
15868,USGS,01351500,1983-03-12,A,84.9505398
15869,USGS,01351500,1983-03-13,A,64.845578714
15870,USGS,01351500,1983-03-14,A,61.447557122
15871,USGS,01351500,1983-03-15,A,70.22577956800001
15872,USGS,01351500,1983-03-16,A,68.526768772
15873,USGS,01351500,1983-03-17,A,69.942611102
15874,USGS,01351500,1983-03-18,A,62.863399452
15875,USGS,01351500,1983-03-19,A,126.859472768
15876,USGS,01351500,1983-03-20,A,248.338744682
15877,USGS,01351500,1983-03-21,A,239.843690702
15878,USGS,01351500,1983-03-22,A,353.9605825
15879,USGS,01351500,1983-03-23,A,178.679302046
15880,USGS,01351500,1983-03-24,A,112.13471253600001
15881,USGS,01351500,1983-03-25,A,85.23370826600001
15882,USGS,01351500,1983-03-26,A,62.863399452
15883,USGS,01351500,1983-03-27,A,54.368345472
15884,USGS,01351500,1983-03-28,A,59.465377860000004
15885,USGS,01351500,1983-03-29,A,80.419844344
15886,USGS,01351500,1983-03-30,A,63.71290485
15887,USGS,01351500,1983-03-31,A,53.518840074
15888,USGS,01351500,1983-04-01,A,46.439628424
15889,USGS,01351500,1983-04-02,A,44.174280696000004
15890,USGS,01351500,1983-04-03,A,44.174280696000004
15891,USGS,01351500,1983-04-04,A,74.190138092
15892,USGS,01351500,1983-04-05,A,68.526768772
15893,USGS,01351500,1983-04-06,A,59.465377860000004
15894,USGS,01351500,1983-04-07,A,52.952503142000005
15895,USGS,01351500,1983-04-08,A,65.978252578
15896,USGS,01351500,1983-04-09,A,80.986181276
15897,USGS,01351500,1983-04-10,A,99.392131566
15898,USGS,01351500,1983-04-11,A,240.41002763400002
15899,USGS,01351500,1983-04-12,A,148.09710771800002
15900,USGS,01351500,1983-04-13,A,106.18817475
15901,USGS,01351500,1983-04-14,A,85.516876732
15902,USGS,01351500,1983-04-15,A,71.924790364
15903,USGS,01351500,1983-04-16,A,154.32681397000002
15904,USGS,01351500,1983-04-17,A,281.18628673800004
15905,USGS,01351500,1983-04-18,A,208.12882251
15906,USGS,01351500,1983-04-19,A,158.857509426
15907,USGS,01351500,1983-04-20,A,164.23771028000002
15908,USGS,01351500,1983-04-21,A,158.00800402800002
15909,USGS,01351500,1983-04-22,A,158.857509426
15910,USGS,01351500,1983-04-23,A,218.322887286
15911,USGS,01351500,1983-04-24,A,356.79226716
15912,USGS,01351500,1983-04-25,A,807.0301281000001
15913,USGS,01351500,1983-04-26,A,555.01019336
15914,USGS,01351500,1983-04-27,A,359.62395182
15915,USGS,01351500,1983-04-28,A,291.66351998
15916,USGS,01351500,1983-04-29,A,266.461526506
15917,USGS,01351500,1983-04-30,A,339.8021592
15918,USGS,01351500,1983-05-01,A,257.400135594
15919,USGS,01351500,1983-05-02,A,334.13878988
15920,USGS,01351500,1983-05-03,A,229.932794392
15921,USGS,01351500,1983-05-04,A,199.916936996
15922,USGS,01351500,1983-05-05,A,146.964433854
15923,USGS,01351500,1983-05-06,A,115.24956566200001
15924,USGS,01351500,1983-05-07,A,90.047572188
15925,USGS,01351500,1983-05-08,A,75.322811956
15926,USGS,01351500,1983-05-09,A,106.18817475
15927,USGS,01351500,1983-05-10,A,82.968360538
15928,USGS,01351500,1983-05-11,A,67.677263374
15929,USGS,01351500,1983-05-12,A,58.04953553
15930,USGS,01351500,1983-05-13,A,48.988144618
15931,USGS,01351500,1983-05-14,A,46.156459958
15932,USGS,01351500,1983-05-15,A,39.64358524
15933,USGS,01351500,1983-05-16,A,53.518840074
15934,USGS,01351500,1983-05-17,A,47.005965356000004
15935,USGS,01351500,1983-05-18,A,37.661405978
15936,USGS,01351500,1983-05-19,A,32.847542056
15937,USGS,01351500,1983-05-20,A,32.56437359
15938,USGS,01351500,1983-05-21,A,36.81190058
15939,USGS,01351500,1983-05-22,A,32.281205124
15940,USGS,01351500,1983-05-23,A,31.714868192
15941,USGS,01351500,1983-05-24,A,36.528732114
15942,USGS,01351500,1983-05-25,A,33.413878988
15943,USGS,01351500,1983-05-26,A,28.288529753400002
15944,USGS,01351500,1983-05-27,A,51.253492346
15945,USGS,01351500,1983-05-28,A,52.669334676
15946,USGS,01351500,1983-05-29,A,43.041606832
15947,USGS,01351500,1983-05-30,A,42.4752699
15948,USGS,01351500,1983-05-31,A,48.421807686
15949,USGS,01351500,1983-06-01,A,52.952503142000005
15950,USGS,01351500,1983-06-02,A,43.324775298
15951,USGS,01351500,1983-06-03,A,32.281205124
15952,USGS,01351500,1983-06-04,A,32.56437359
15953,USGS,01351500,1983-06-05,A,31.148531260000002
15954,USGS,01351500,1983-06-06,A,24.9754587012
15955,USGS,01351500,1983-06-07,A,34.546552852
15956,USGS,01351500,1983-06-08,A,34.263384386
15957,USGS,01351500,1983-06-09,A,28.2602129068
15958,USGS,01351500,1983-06-10,A,22.7101109732
15959,USGS,01351500,1983-06-11,A,18.575851369600002
15960,USGS,01351500,1983-06-12,A,14.668126538800001
15961,USGS,01351500,1983-06-13,A,11.1285207138
15962,USGS,01351500,1983-06-14,A,8.8914898324
15963,USGS,01351500,1983-06-15,A,10.9303027876
15964,USGS,01351500,1983-06-16,A,8.919806679
15965,USGS,01351500,1983-06-17,A,8.580004519800001
15966,USGS,01351500,1983-06-18,A,8.325152900400001
15967,USGS,01351500,1983-06-19,A,7.645548582
15968,USGS,01351500,1983-06-20,A,8.2402023606
15969,USGS,01351500,1983-06-21,A,7.6172317354
15970,USGS,01351500,1983-06-22,A,5.2669334676
15971,USGS,01351500,1983-06-23,A,4.24752699
15972,USGS,01351500,1983-06-24,A,3.6811900580000003
15973,USGS,01351500,1983-06-25,A,3.1998036658
15974,USGS,01351500,1983-06-26,A,2.83168466
15975,USGS,01351500,1983-06-27,A,2.6617835804
15976,USGS,01351500,1983-06-28,A,3.1998036658
15977,USGS,01351500,1983-06-29,A,15.121196084400001
15978,USGS,01351500,1983-06-30,A,9.3728762246
15979,USGS,01351500,1983-07-01,A,5.5217850870000005
15980,USGS,01351500,1983-07-02,A,4.3607943764
15981,USGS,01351500,1983-07-03,A,3.9077248308000003
15982,USGS,01351500,1983-07-04,A,3.5962395182
15983,USGS,01351500,1983-07-05,A,3.1714868192
15984,USGS,01351500,1983-07-06,A,3.398021592
15985,USGS,01351500,1983-07-07,A,3.2281205124000003
15986,USGS,01351500,1983-07-08,A,2.6334667338
15987,USGS,01351500,1983-07-09,A,2.3219814212000003
15988,USGS,01351500,1983-07-10,A,2.0671298018
15989,USGS,01351500,1983-07-11,A,1.8689118756
15990,USGS,01351500,1983-07-12,A,1.7556444892
15991,USGS,01351500,1983-07-13,A,1.6423771028
15992,USGS,01351500,1983-07-14,A,1.5291097164
15993,USGS,01351500,1983-07-15,A,1.4441591766
15994,USGS,01351500,1983-07-16,A,1.41584233
15995,USGS,01351500,1983-07-17,A,1.2742580970000001
15996,USGS,01351500,1983-07-18,A,1.3308917902
15997,USGS,01351500,1983-07-19,A,1.2459412504
15998,USGS,01351500,1983-07-20,A,1.1043570174
15999,USGS,01351500,1983-07-21,A,1.1043570174
16000,USGS,01351500,1983-07-22,A,1.1609907106000001
16001,USGS,01351500,1983-07-23,A,1.0194064776
16002,USGS,01351500,1983-07-24,A,1.132673864
16003,USGS,01351500,1983-07-25,A,1.3025749436
16004,USGS,01351500,1983-07-26,A,1.3025749436
16005,USGS,01351500,1983-07-27,A,1.1893075572
16006,USGS,01351500,1983-07-28,A,1.0760401708
16007,USGS,01351500,1983-07-29,A,0.9627727844
16008,USGS,01351500,1983-07-30,A,0.9344559378
16009,USGS,01351500,1983-07-31,A,0.991089631
16010,USGS,01351500,1983-08-01,A,1.3308917902
16011,USGS,01351500,1983-08-02,A,1.7273276426000002
16012,USGS,01351500,1983-08-03,A,1.4441591766
16013,USGS,01351500,1983-08-04,A,1.3592086368
16014,USGS,01351500,1983-08-05,A,1.3025749436
16015,USGS,01351500,1983-08-06,A,1.132673864
16016,USGS,01351500,1983-08-07,A,0.991089631
16017,USGS,01351500,1983-08-08,A,0.9061390912
16018,USGS,01351500,1983-08-09,A,0.8211885514
16019,USGS,01351500,1983-08-10,A,0.7645548582
16020,USGS,01351500,1983-08-11,A,0.7928717048
16021,USGS,01351500,1983-08-12,A,1.2459412504
16022,USGS,01351500,1983-08-13,A,5.4651513938
16023,USGS,01351500,1983-08-14,A,3.6811900580000003
16024,USGS,01351500,1983-08-15,A,2.5201993474
16025,USGS,01351500,1983-08-16,A,1.8689118756
16026,USGS,01351500,1983-08-17,A,1.5291097164
16027,USGS,01351500,1983-08-18,A,1.7839613358
16028,USGS,01351500,1983-08-19,A,2.1803971882
16029,USGS,01351500,1983-08-20,A,2.0104961086
16030,USGS,01351500,1983-08-21,A,1.699010796
16031,USGS,01351500,1983-08-22,A,1.3875254834000001
16032,USGS,01351500,1983-08-23,A,1.2176244038
16033,USGS,01351500,1983-08-24,A,1.0477233242000001
16034,USGS,01351500,1983-08-25,A,0.9627727844
16035,USGS,01351500,1983-08-26,A,0.8778222446
16036,USGS,01351500,1983-08-27,A,0.8211885514
16037,USGS,01351500,1983-08-28,A,0.7928717048
16038,USGS,01351500,1983-08-29,A,0.8211885514
16039,USGS,01351500,1983-08-30,A,0.7928717048
16040,USGS,01351500,1983-08-31,A,0.7645548582
16041,USGS,01351500,1983-09-01,A,0.7362380116
16042,USGS,01351500,1983-09-02,A,0.707921165
16043,USGS,01351500,1983-09-03,A,0.6796043184
16044,USGS,01351500,1983-09-04,A,0.6512874718
16045,USGS,01351500,1983-09-05,A,0.6229706252
16046,USGS,01351500,1983-09-06,A,0.5946537786
16047,USGS,01351500,1983-09-07,A,0.566336932
16048,USGS,01351500,1983-09-08,A,0.5380200854
16049,USGS,01351500,1983-09-09,A,0.4813863922
16050,USGS,01351500,1983-09-10,A,0.4530695456
16051,USGS,01351500,1983-09-11,A,0.4530695456
16052,USGS,01351500,1983-09-12,A,0.4530695456
16053,USGS,01351500,1983-09-13,A,0.4530695456
16054,USGS,01351500,1983-09-14,A,0.4530695456
16055,USGS,01351500,1983-09-15,A,0.424752699
16056,USGS,01351500,1983-09-16,A,0.424752699
16057,USGS,01351500,1983-09-17,A,0.424752699
16058,USGS,01351500,1983-09-18,A,0.424752699
16059,USGS,01351500,1983-09-19,A,0.5380200854
16060,USGS,01351500,1983-09-20,A,0.707921165
16061,USGS,01351500,1983-09-21,A,0.7362380116
16062,USGS,01351500,1983-09-22,A,1.4724760232
16063,USGS,01351500,1983-09-23,A,1.8689118756
16064,USGS,01351500,1983-09-24,A,1.3025749436
16065,USGS,01351500,1983-09-25,A,1.0477233242000001
16066,USGS,01351500,1983-09-26,A,0.8778222446
16067,USGS,01351500,1983-09-27,A,0.7928717048
16068,USGS,01351500,1983-09-28,A,0.6796043184
16069,USGS,01351500,1983-09-29,A,0.6229706252
16070,USGS,01351500,1983-09-30,A,0.5946537786
16071,USGS,01351500,1983-10-01,A,0.56067356268
16072,USGS,01351500,1983-10-02,A,0.58899040928
16073,USGS,01351500,1983-10-03,A,0.566336932
16074,USGS,01351500,1983-10-04,A,0.5691686166600001
16075,USGS,01351500,1983-10-05,A,0.61730725588
16076,USGS,01351500,1983-10-06,A,0.8353469747
16077,USGS,01351500,1983-10-07,A,1.04489163954
16078,USGS,01351500,1983-10-08,A,1.0250698469200001
16079,USGS,01351500,1983-10-09,A,0.97409952304
16080,USGS,01351500,1983-10-10,A,0.9344559378
16081,USGS,01351500,1983-10-11,A,0.8240202360600001
16082,USGS,01351500,1983-10-12,A,0.8296836053800001
16083,USGS,01351500,1983-10-13,A,0.87215887528
16084,USGS,01351500,1983-10-14,A,0.9287925684799999
16085,USGS,01351500,1983-10-15,A,1.46398096922
16086,USGS,01351500,1983-10-16,A,1.2176244038
16087,USGS,01351500,1983-10-17,A,1.0477233242000001
16088,USGS,01351500,1983-10-18,A,1.0335649009
16089,USGS,01351500,1983-10-19,A,0.91746582984
16090,USGS,01351500,1983-10-20,A,0.84384202868
16091,USGS,01351500,1983-10-21,A,0.79853507412
16092,USGS,01351500,1983-10-22,A,0.71358453432
16093,USGS,01351500,1983-10-23,A,0.67394094908
16094,USGS,01351500,1983-10-24,A,0.74756475024
16095,USGS,01351500,1983-10-25,A,0.87499055994
16096,USGS,01351500,1983-10-26,A,1.0392282702200002
16097,USGS,01351500,1983-10-27,A,1.0477233242000001
16098,USGS,01351500,1983-10-28,A,1.0335649009
16099,USGS,01351500,1983-10-29,A,1.00241636964
16100,USGS,01351500,1983-10-30,A,0.86083213664
16101,USGS,01351500,1983-10-31,A,0.8353469747
16102,USGS,01351500,1983-11-01,A,0.81835686674
16103,USGS,01351500,1983-11-02,A,0.81835686674
16104,USGS,01351500,1983-11-03,A,0.8353469747
16105,USGS,01351500,1983-11-04,A,0.8240202360600001
16106,USGS,01351500,1983-11-05,A,0.8211885514
16107,USGS,01351500,1983-11-06,A,0.85516876732
16108,USGS,01351500,1983-11-07,A,0.86083213664
16109,USGS,01351500,1983-11-08,A,0.849505398
16110,USGS,01351500,1983-11-09,A,0.82685192072
16111,USGS,01351500,1983-11-10,A,0.8240202360600001
16112,USGS,01351500,1983-11-11,A,1.0618817475
16113,USGS,01351500,1983-11-12,A,2.4125953303200003
16114,USGS,01351500,1983-11-13,A,2.78354602078
16115,USGS,01351500,1983-11-14,A,2.406931961
16116,USGS,01351500,1983-11-15,A,2.02182284724
16117,USGS,01351500,1983-11-16,A,2.41542701498
16118,USGS,01351500,1983-11-17,A,4.3891112230000005
16119,USGS,01351500,1983-11-18,A,4.4174280696
16120,USGS,01351500,1983-11-19,A,3.7378237512
16121,USGS,01351500,1983-11-20,A,3.114853126
16122,USGS,01351500,1983-11-21,A,3.1714868192
16123,USGS,01351500,1983-11-22,A,4.7572302288
16124,USGS,01351500,1983-11-23,A,4.7572302288
16125,USGS,01351500,1983-11-24,A,4.1625764502000004
16126,USGS,01351500,1983-11-25,A,13.3938684418
16127,USGS,01351500,1983-11-26,A,20.4730800918
16128,USGS,01351500,1983-11-27,A,15.149512931
16129,USGS,01351500,1983-11-28,A,13.592086368
16130,USGS,01351500,1983-11-29,A,27.778826514600002
16131,USGS,01351500,1983-11-30,A,31.148531260000002
16132,USGS,01351500,1983-12-01,A,20.1899116258
16133,USGS,01351500,1983-12-02,A,14.413274919400001
16134,USGS,01351500,1983-12-03,A,11.751491339000001
16135,USGS,01351500,1983-12-04,A,9.9958468498
16136,USGS,01351500,1983-12-05,A,9.202975145
16137,USGS,01351500,1983-12-06,A,13.450502135
16138,USGS,01351500,1983-12-07,A,107.037680148
16139,USGS,01351500,1983-12-08,A,53.80200854
16140,USGS,01351500,1983-12-09,A,30.582194328
16141,USGS,01351500,1983-12-10,A,24.8338744682
16142,USGS,01351500,1983-12-11,A,20.0483273928
16143,USGS,01351500,1983-12-12,A,15.5459487834
16144,USGS,01351500,1983-12-13,A,171.883258862
16145,USGS,01351500,1983-12-14,A,492.71313084
16146,USGS,01351500,1983-12-15,A,348.29721318
16147,USGS,01351500,1983-12-16,A,190.006040686
16148,USGS,01351500,1983-12-17,A,118.647587254
16149,USGS,01351500,1983-12-18,A,80.136675878
16150,USGS,01351500,1983-12-19,A,48.13863922
16151,USGS,01351500,1983-12-20,A,21.520803416
16152,USGS,01351500,1983-12-21,A,9.91089631
16153,USGS,01351500,1983-12-22,A,11.609907106
16154,USGS,01351500,1983-12-23,A,11.32673864
16155,USGS,01351500,1983-12-24,A,9.061390912
16156,USGS,01351500,1983-12-25,A,7.928717048
16157,USGS,01351500,1983-12-26,A,6.512874718
16158,USGS,01351500,1983-12-27,A,6.796043184
16159,USGS,01351500,1983-12-28,A,8.49505398
16160,USGS,01351500,1983-12-29,A,15.857434096
16161,USGS,01351500,1983-12-30,A,28.3168466
16162,USGS,01351500,1983-12-31,A,16.99010796
16163,USGS,01351500,1984-01-01,A,10.760401708
16164,USGS,01351500,1984-01-02,A,7.645548582
16165,USGS,01351500,1984-01-03,A,6.512874718
16166,USGS,01351500,1984-01-04,A,6.796043184
16167,USGS,01351500,1984-01-05,A,6.796043184
16168,USGS,01351500,1984-01-06,A,6.512874718
16169,USGS,01351500,1984-01-07,A,5.946537786
16170,USGS,01351500,1984-01-08,A,5.66336932
16171,USGS,01351500,1984-01-09,A,5.380200854
16172,USGS,01351500,1984-01-10,A,5.097032388000001
16173,USGS,01351500,1984-01-11,A,4.813863922
16174,USGS,01351500,1984-01-12,A,4.813863922
16175,USGS,01351500,1984-01-13,A,4.813863922
16176,USGS,01351500,1984-01-14,A,4.530695456
16177,USGS,01351500,1984-01-15,A,4.813863922
16178,USGS,01351500,1984-01-16,A,4.530695456
16179,USGS,01351500,1984-01-17,A,4.530695456
16180,USGS,01351500,1984-01-18,A,4.813863922
16181,USGS,01351500,1984-01-19,A,5.097032388000001
16182,USGS,01351500,1984-01-20,A,4.813863922
16183,USGS,01351500,1984-01-21,A,4.530695456
16184,USGS,01351500,1984-01-22,A,3.964358524
16185,USGS,01351500,1984-01-23,A,3.6811900580000003
16186,USGS,01351500,1984-01-24,A,7.07921165
16187,USGS,01351500,1984-01-25,A,22.65347728
16188,USGS,01351500,1984-01-26,A,67.96043184
16189,USGS,01351500,1984-01-27,A,42.4752699
16190,USGS,01351500,1984-01-28,A,27.184172736
16191,USGS,01351500,1984-01-29,A,18.122781824
16192,USGS,01351500,1984-01-30,A,11.32673864
16193,USGS,01351500,1984-01-31,A,9.91089631
16194,USGS,01351500,1984-02-01,A,9.91089631
16195,USGS,01351500,1984-02-02,A,8.49505398
16196,USGS,01351500,1984-02-03,A,7.07921165
16197,USGS,01351500,1984-02-04,A,7.645548582
16198,USGS,01351500,1984-02-05,A,42.4752699
16199,USGS,01351500,1984-02-06,A,31.148531260000002
16200,USGS,01351500,1984-02-07,A,22.65347728
16201,USGS,01351500,1984-02-08,A,19.255455688
16202,USGS,01351500,1984-02-09,A,18.122781824
16203,USGS,01351500,1984-02-10,A,15.857434096
16204,USGS,01351500,1984-02-11,A,14.1584233
16205,USGS,01351500,1984-02-12,A,19.82179262
16206,USGS,01351500,1984-02-13,A,33.98021592
16207,USGS,01351500,1984-02-14,A,70.7921165
16208,USGS,01351500,1984-02-15,A,152.344634708
16209,USGS,01351500,1984-02-16,A,198.784263132
16210,USGS,01351500,1984-02-17,A,187.740692958
16211,USGS,01351500,1984-02-18,A,177.263459716
16212,USGS,01351500,1984-02-19,A,133.655515952
16213,USGS,01351500,1984-02-20,A,122.04560884600001
16214,USGS,01351500,1984-02-21,A,99.958468498
16215,USGS,01351500,1984-02-22,A,73.62380116
16216,USGS,01351500,1984-02-23,A,57.766367064
16217,USGS,01351500,1984-02-24,A,54.651513938
16218,USGS,01351500,1984-02-25,A,57.483198598
16219,USGS,01351500,1984-02-26,A,84.384202868
16220,USGS,01351500,1984-02-27,A,57.483198598
16221,USGS,01351500,1984-02-28,A,47.005965356000004
16222,USGS,01351500,1984-02-29,A,55.21785087
16223,USGS,01351500,1984-03-01,A,49.271313084
16224,USGS,01351500,1984-03-02,A,39.077248308
16225,USGS,01351500,1984-03-03,A,32.56437359
16226,USGS,01351500,1984-03-04,A,27.2974401224
16227,USGS,01351500,1984-03-05,A,22.511893047
16228,USGS,01351500,1984-03-06,A,28.600015066
16229,USGS,01351500,1984-03-07,A,31.148531260000002
16230,USGS,01351500,1984-03-08,A,22.65347728
16231,USGS,01351500,1984-03-09,A,13.592086368
16232,USGS,01351500,1984-03-10,A,9.91089631
16233,USGS,01351500,1984-03-11,A,9.344559378
16234,USGS,01351500,1984-03-12,A,7.07921165
16235,USGS,01351500,1984-03-13,A,6.796043184
16236,USGS,01351500,1984-03-14,A,6.512874718
16237,USGS,01351500,1984-03-15,A,8.49505398
16238,USGS,01351500,1984-03-16,A,9.627727844
16239,USGS,01351500,1984-03-17,A,16.3671373348
16240,USGS,01351500,1984-03-18,A,21.520803416
16241,USGS,01351500,1984-03-19,A,17.6697122784
16242,USGS,01351500,1984-03-20,A,24.663973388600002
16243,USGS,01351500,1984-03-21,A,75.322811956
16244,USGS,01351500,1984-03-22,A,118.647587254
16245,USGS,01351500,1984-03-23,A,84.384202868
16246,USGS,01351500,1984-03-24,A,49.837650016
16247,USGS,01351500,1984-03-25,A,40.493090638
16248,USGS,01351500,1984-03-26,A,43.324775298
16249,USGS,01351500,1984-03-27,A,39.926753706
16250,USGS,01351500,1984-03-28,A,35.679226716
16251,USGS,01351500,1984-03-29,A,37.944574444000004
16252,USGS,01351500,1984-03-30,A,33.697047454
16253,USGS,01351500,1984-03-31,A,28.0619949806
16254,USGS,01351500,1984-04-01,A,37.944574444000004
16255,USGS,01351500,1984-04-02,A,56.350524734000004
16256,USGS,01351500,1984-04-03,A,87.499055994
16257,USGS,01351500,1984-04-04,A,106.18817475
16258,USGS,01351500,1984-04-05,A,239.27735377000002
16259,USGS,01351500,1984-04-06,A,877.8222446
16260,USGS,01351500,1984-04-07,A,399.26753706
16261,USGS,01351500,1984-04-08,A,223.986256606
16262,USGS,01351500,1984-04-09,A,144.132749194
16263,USGS,01351500,1984-04-10,A,113.2673864
16264,USGS,01351500,1984-04-11,A,98.259457702
16265,USGS,01351500,1984-04-12,A,95.710941508
16266,USGS,01351500,1984-04-13,A,96.843615372
16267,USGS,01351500,1984-04-14,A,112.417881002
16268,USGS,01351500,1984-04-15,A,151.211960844
16269,USGS,01351500,1984-04-16,A,276.08925435000003
16270,USGS,01351500,1984-04-17,A,444.57449162
16271,USGS,01351500,1984-04-18,A,227.667446664
16272,USGS,01351500,1984-04-19,A,179.24563897800002
16273,USGS,01351500,1984-04-20,A,142.433738398
16274,USGS,01351500,1984-04-21,A,116.665407992
16275,USGS,01351500,1984-04-22,A,97.12678383800001
16276,USGS,01351500,1984-04-23,A,84.66737133400001
16277,USGS,01351500,1984-04-24,A,88.914898324
16278,USGS,01351500,1984-04-25,A,110.43570174
16279,USGS,01351500,1984-04-26,A,97.976289236
16280,USGS,01351500,1984-04-27,A,79.853507412
16281,USGS,01351500,1984-04-28,A,69.093105704
16282,USGS,01351500,1984-04-29,A,62.580230986000004
16283,USGS,01351500,1984-04-30,A,57.483198598
16284,USGS,01351500,1984-05-01,A,51.819829278
16285,USGS,01351500,1984-05-02,A,46.72279689
16286,USGS,01351500,1984-05-03,A,44.740617628
16287,USGS,01351500,1984-05-04,A,148.380276184
16288,USGS,01351500,1984-05-05,A,173.01593272600002
16289,USGS,01351500,1984-05-06,A,104.77233242
16290,USGS,01351500,1984-05-07,A,84.9505398
16291,USGS,01351500,1984-05-08,A,68.526768772
16292,USGS,01351500,1984-05-09,A,77.021822752
16293,USGS,01351500,1984-05-10,A,69.65944263600001
16294,USGS,01351500,1984-05-11,A,59.748546326
16295,USGS,01351500,1984-05-12,A,59.182209394000004
16296,USGS,01351500,1984-05-13,A,68.526768772
16297,USGS,01351500,1984-05-14,A,122.04560884600001
16298,USGS,01351500,1984-05-15,A,110.43570174
16299,USGS,01351500,1984-05-16,A,88.065392926
16300,USGS,01351500,1984-05-17,A,73.62380116
16301,USGS,01351500,1984-05-18,A,65.12874718
16302,USGS,01351500,1984-05-19,A,54.085177006
16303,USGS,01351500,1984-05-20,A,44.174280696000004
16304,USGS,01351500,1984-05-21,A,44.174280696000004
16305,USGS,01351500,1984-05-22,A,46.72279689
16306,USGS,01351500,1984-05-23,A,41.908932968
16307,USGS,01351500,1984-05-24,A,57.483198598
16308,USGS,01351500,1984-05-25,A,48.421807686
16309,USGS,01351500,1984-05-26,A,40.493090638
16310,USGS,01351500,1984-05-27,A,37.944574444000004
16311,USGS,01351500,1984-05-28,A,47.855470754
16312,USGS,01351500,1984-05-29,A,481.3863922
16313,USGS,01351500,1984-05-30,A,682.43600306
16314,USGS,01351500,1984-05-31,A,407.76259104
16315,USGS,01351500,1984-06-01,A,203.03179012200002
16316,USGS,01351500,1984-06-02,A,135.071358282
16317,USGS,01351500,1984-06-03,A,94.57826764400001
16318,USGS,01351500,1984-06-04,A,72.491127296
16319,USGS,01351500,1984-06-05,A,63.429736384
16320,USGS,01351500,1984-06-06,A,50.687155414
16321,USGS,01351500,1984-06-07,A,44.740617628
16322,USGS,01351500,1984-06-08,A,39.360416774
16323,USGS,01351500,1984-06-09,A,29.732688930000002
16324,USGS,01351500,1984-06-10,A,19.7368420802
16325,USGS,01351500,1984-06-11,A,16.3954541814
16326,USGS,01351500,1984-06-12,A,14.5265423058
16327,USGS,01351500,1984-06-13,A,9.7976289236
16328,USGS,01351500,1984-06-14,A,8.6932719062
16329,USGS,01351500,1984-06-15,A,8.6932719062
16330,USGS,01351500,1984-06-16,A,7.0225779568
16331,USGS,01351500,1984-06-17,A,5.8332703996
16332,USGS,01351500,1984-06-18,A,5.380200854
16333,USGS,01351500,1984-06-19,A,6.7394094908
16334,USGS,01351500,1984-06-20,A,8.381786593600001
16335,USGS,01351500,1984-06-21,A,6.512874718
16336,USGS,01351500,1984-06-22,A,4.8988144618
16337,USGS,01351500,1984-06-23,A,4.24752699
16338,USGS,01351500,1984-06-24,A,3.964358524
16339,USGS,01351500,1984-06-25,A,3.9926753706
16340,USGS,01351500,1984-06-26,A,4.4174280696
16341,USGS,01351500,1984-06-27,A,3.9360416774
16342,USGS,01351500,1984-06-28,A,3.5112889784
16343,USGS,01351500,1984-06-29,A,3.4546552852000003
16344,USGS,01351500,1984-06-30,A,4.1625764502000004
16345,USGS,01351500,1984-07-01,A,4.9271313084
16346,USGS,01351500,1984-07-02,A,4.3607943764
16347,USGS,01351500,1984-07-03,A,4.0209922172
16348,USGS,01351500,1984-07-04,A,3.7378237512
16349,USGS,01351500,1984-07-05,A,3.5962395182
16350,USGS,01351500,1984-07-06,A,3.6528732114
16351,USGS,01351500,1984-07-07,A,7.928717048
16352,USGS,01351500,1984-07-08,A,9.7976289236
16353,USGS,01351500,1984-07-09,A,6.7394094908
16354,USGS,01351500,1984-07-10,A,5.7483198598000005
16355,USGS,01351500,1984-07-11,A,4.3324775298
16356,USGS,01351500,1984-07-12,A,3.7661405978
16357,USGS,01351500,1984-07-13,A,3.398021592
16358,USGS,01351500,1984-07-14,A,2.8883183532
16359,USGS,01351500,1984-07-15,A,2.4182586996400004
16360,USGS,01351500,1984-07-16,A,2.123763495
16361,USGS,01351500,1984-07-17,A,1.8830702989
16362,USGS,01351500,1984-07-18,A,2.1492486569400002
16363,USGS,01351500,1984-07-19,A,4.1342596036
16364,USGS,01351500,1984-07-20,A,3.4829721318
16365,USGS,01351500,1984-07-21,A,2.70709053496
16366,USGS,01351500,1984-07-22,A,2.26817941266
16367,USGS,01351500,1984-07-23,A,2.00766442394
16368,USGS,01351500,1984-07-24,A,1.7754662818200002
16369,USGS,01351500,1984-07-25,A,1.6055652022200002
16370,USGS,01351500,1984-07-26,A,1.3960205373799999
16371,USGS,01351500,1984-07-27,A,1.62538699484
16372,USGS,01351500,1984-07-28,A,4.3891112230000005
16373,USGS,01351500,1984-07-29,A,4.3891112230000005
16374,USGS,01351500,1984-07-30,A,3.2847542056
16375,USGS,01351500,1984-07-31,A,2.50037755478
16376,USGS,01351500,1984-08-01,A,2.0642981171400003
16377,USGS,01351500,1984-08-02,A,1.77829796648
16378,USGS,01351500,1984-08-03,A,1.557426563
16379,USGS,01351500,1984-08-04,A,1.41584233
16380,USGS,01351500,1984-08-05,A,1.33372347486
16381,USGS,01351500,1984-08-06,A,1.2657630430200002
16382,USGS,01351500,1984-08-07,A,1.18364418788
16383,USGS,01351500,1984-08-08,A,1.3223967362200002
16384,USGS,01351500,1984-08-09,A,1.18647587254
16385,USGS,01351500,1984-08-10,A,1.132673864
16386,USGS,01351500,1984-08-11,A,1.08736690944
16387,USGS,01351500,1984-08-12,A,1.0930302787600001
16388,USGS,01351500,1984-08-13,A,1.2459412504
16389,USGS,01351500,1984-08-14,A,1.31390168224
16390,USGS,01351500,1984-08-15,A,1.29691157428
16391,USGS,01351500,1984-08-16,A,1.28558483564
16392,USGS,01351500,1984-08-17,A,4.5873291492
16393,USGS,01351500,1984-08-18,A,3.0299025862
16394,USGS,01351500,1984-08-19,A,2.0104961086
16395,USGS,01351500,1984-08-20,A,2.20588235014
16396,USGS,01351500,1984-08-21,A,2.51453597808
16397,USGS,01351500,1984-08-22,A,2.1492486569400002
16398,USGS,01351500,1984-08-23,A,1.9651891540400002
16399,USGS,01351500,1984-08-24,A,1.7358226965799999
16400,USGS,01351500,1984-08-25,A,1.56875330164
16401,USGS,01351500,1984-08-26,A,1.41017896068
16402,USGS,01351500,1984-08-27,A,1.27992146632
16403,USGS,01351500,1984-08-28,A,1.15532734128
16404,USGS,01351500,1984-08-29,A,1.09869364808
16405,USGS,01351500,1984-08-30,A,1.20063429584
16406,USGS,01351500,1984-08-31,A,1.52627803174
16407,USGS,01351500,1984-09-01,A,1.67635731872
16408,USGS,01351500,1984-09-02,A,1.3875254834000001
16409,USGS,01351500,1984-09-03,A,1.49512950048
16410,USGS,01351500,1984-09-04,A,1.95952578472
16411,USGS,01351500,1984-09-05,A,2.08411990976
16412,USGS,01351500,1984-09-06,A,1.95103073074
16413,USGS,01351500,1984-09-07,A,1.5460998243600002
16414,USGS,01351500,1984-09-08,A,1.29974325894
16415,USGS,01351500,1984-09-09,A,1.1609907106000001
16416,USGS,01351500,1984-09-10,A,1.06471343216
16417,USGS,01351500,1984-09-11,A,1.01657479294
16418,USGS,01351500,1984-09-12,A,1.0930302787600001
16419,USGS,01351500,1984-09-13,A,1.3960205373799999
16420,USGS,01351500,1984-09-14,A,1.28558483564
16421,USGS,01351500,1984-09-15,A,1.3733670601
16422,USGS,01351500,1984-09-16,A,2.36728837576
16423,USGS,01351500,1984-09-17,A,3.0015857396000003
16424,USGS,01351500,1984-09-18,A,2.54568450934
16425,USGS,01351500,1984-09-19,A,2.20588235014
16426,USGS,01351500,1984-09-20,A,1.91988219948
16427,USGS,01351500,1984-09-21,A,1.6423771028
16428,USGS,01351500,1984-09-22,A,1.2459412504
16429,USGS,01351500,1984-09-23,A,1.11002038672
16430,USGS,01351500,1984-09-24,A,1.0392282702200002
16431,USGS,01351500,1984-09-25,A,0.97126783838
16432,USGS,01351500,1984-09-26,A,0.9259608838200001
16433,USGS,01351500,1984-09-27,A,0.8240202360600001
16434,USGS,01351500,1984-09-28,A,0.7928717048
16435,USGS,01351500,1984-09-29,A,0.7928717048
16436,USGS,01351500,1984-09-30,A,0.7928717048
16437,USGS,01351500,1984-10-01,A,0.81269349742
16438,USGS,01351500,1984-10-02,A,0.95994109974
16439,USGS,01351500,1984-10-03,A,1.3025749436
16440,USGS,01351500,1984-10-04,A,1.5007928698000002
16441,USGS,01351500,1984-10-05,A,1.55176319368
16442,USGS,01351500,1984-10-06,A,1.4922978158200002
16443,USGS,01351500,1984-10-07,A,1.33655515952
16444,USGS,01351500,1984-10-08,A,1.2034659805
16445,USGS,01351500,1984-10-09,A,1.132673864
16446,USGS,01351500,1984-10-10,A,1.132673864
16447,USGS,01351500,1984-10-11,A,1.07037680148
16448,USGS,01351500,1984-10-12,A,0.9967530003200001
16449,USGS,01351500,1984-10-13,A,0.95994109974
16450,USGS,01351500,1984-10-14,A,0.9259608838200001
16451,USGS,01351500,1984-10-15,A,0.8580004519800001
16452,USGS,01351500,1984-10-16,A,0.84384202868
16453,USGS,01351500,1984-10-17,A,0.8296836053800001
16454,USGS,01351500,1984-10-18,A,0.81835686674
16455,USGS,01351500,1984-10-19,A,0.79853507412
16456,USGS,01351500,1984-10-20,A,0.84101034402
16457,USGS,01351500,1984-10-21,A,0.85516876732
16458,USGS,01351500,1984-10-22,A,0.95994109974
16459,USGS,01351500,1984-10-23,A,1.04489163954
16460,USGS,01351500,1984-10-24,A,1.22895114244
16461,USGS,01351500,1984-10-25,A,1.3223967362200002
16462,USGS,01351500,1984-10-26,A,1.63954541814
16463,USGS,01351500,1984-10-27,A,1.91988219948
16464,USGS,01351500,1984-10-28,A,2.24269425072
16465,USGS,01351500,1984-10-29,A,2.55984293264
16466,USGS,01351500,1984-10-30,A,2.37295174508
16467,USGS,01351500,1984-10-31,A,2.2511893047
16468,USGS,01351500,1984-11-01,A,1.95103073074
16469,USGS,01351500,1984-11-02,A,1.8490900829799999
16470,USGS,01351500,1984-11-03,A,1.5857434096
16471,USGS,01351500,1984-11-04,A,1.49512950048
16472,USGS,01351500,1984-11-05,A,1.7754662818200002
16473,USGS,01351500,1984-11-06,A,3.539605825
16474,USGS,01351500,1984-11-07,A,3.7661405978
16475,USGS,01351500,1984-11-08,A,3.1431699726
16476,USGS,01351500,1984-11-09,A,2.65612021108
16477,USGS,01351500,1984-11-10,A,2.4635656542
16478,USGS,01351500,1984-11-11,A,2.4777240775
16479,USGS,01351500,1984-11-12,A,2.6476251571000002
16480,USGS,01351500,1984-11-13,A,3.2281205124000003
16481,USGS,01351500,1984-11-14,A,3.7095069046
16482,USGS,01351500,1984-11-15,A,3.7095069046
16483,USGS,01351500,1984-11-16,A,4.0493090638
16484,USGS,01351500,1984-11-17,A,6.1447557122
16485,USGS,01351500,1984-11-18,A,5.946537786
16486,USGS,01351500,1984-11-19,A,5.1536660812
16487,USGS,01351500,1984-11-20,A,4.4740617628
16488,USGS,01351500,1984-11-21,A,3.6811900580000003
16489,USGS,01351500,1984-11-22,A,3.539605825
16490,USGS,01351500,1984-11-23,A,3.1998036658
16491,USGS,01351500,1984-11-24,A,3.1998036658
16492,USGS,01351500,1984-11-25,A,3.0865362794
16493,USGS,01351500,1984-11-26,A,3.1998036658
16494,USGS,01351500,1984-11-27,A,3.3130710522
16495,USGS,01351500,1984-11-28,A,3.2281205124000003
16496,USGS,01351500,1984-11-29,A,10.3639658556
16497,USGS,01351500,1984-11-30,A,24.1825869964
16498,USGS,01351500,1984-12-01,A,16.7918900338
16499,USGS,01351500,1984-12-02,A,14.4982254592
16500,USGS,01351500,1984-12-03,A,11.7798081856
16501,USGS,01351500,1984-12-04,A,18.2360492104
16502,USGS,01351500,1984-12-05,A,13.733670601
16503,USGS,01351500,1984-12-06,A,12.855848356400001
16504,USGS,01351500,1984-12-07,A,11.32673864
16505,USGS,01351500,1984-12-08,A,10.477233242
16506,USGS,01351500,1984-12-09,A,9.91089631
16507,USGS,01351500,1984-12-10,A,9.231291991600001
16508,USGS,01351500,1984-12-11,A,8.778222446000001
16509,USGS,01351500,1984-12-12,A,10.8170354012
16510,USGS,01351500,1984-12-13,A,22.7101109732
16511,USGS,01351500,1984-12-14,A,38.794079842
16512,USGS,01351500,1984-12-15,A,25.1736766274
16513,USGS,01351500,1984-12-16,A,21.5774371092
16514,USGS,01351500,1984-12-17,A,19.2837725346
16515,USGS,01351500,1984-12-18,A,16.2255531018
16516,USGS,01351500,1984-12-19,A,14.668126538800001
16517,USGS,01351500,1984-12-20,A,22.7101109732
16518,USGS,01351500,1984-12-21,A,19.7651589268
16519,USGS,01351500,1984-12-22,A,28.600015066
16520,USGS,01351500,1984-12-23,A,45.30695456
16521,USGS,01351500,1984-12-24,A,29.732688930000002
16522,USGS,01351500,1984-12-25,A,25.0037755478
16523,USGS,01351500,1984-12-26,A,16.9334742668
16524,USGS,01351500,1984-12-27,A,14.1584233
16525,USGS,01351500,1984-12-28,A,15.857434096
16526,USGS,01351500,1984-12-29,A,36.245563648
16527,USGS,01351500,1984-12-30,A,43.041606832
16528,USGS,01351500,1984-12-31,A,30.865362794
16529,USGS,01351500,1985-01-01,A,27.127539042800002
16530,USGS,01351500,1985-01-02,A,39.64358524
16531,USGS,01351500,1985-01-03,A,26.9293211166
16532,USGS,01351500,1985-01-04,A,17.811296511400002
16533,USGS,01351500,1985-01-05,A,14.1584233
16534,USGS,01351500,1985-01-06,A,10.477233242
16535,USGS,01351500,1985-01-07,A,8.778222446000001
16536,USGS,01351500,1985-01-08,A,7.928717048
16537,USGS,01351500,1985-01-09,A,7.07921165
16538,USGS,01351500,1985-01-10,A,6.512874718
16539,USGS,01351500,1985-01-11,A,5.66336932
16540,USGS,01351500,1985-01-12,A,5.380200854
16541,USGS,01351500,1985-01-13,A,5.097032388000001
16542,USGS,01351500,1985-01-14,A,4.813863922
16543,USGS,01351500,1985-01-15,A,4.530695456
16544,USGS,01351500,1985-01-16,A,4.24752699
16545,USGS,01351500,1985-01-17,A,4.24752699
16546,USGS,01351500,1985-01-18,A,4.24752699
16547,USGS,01351500,1985-01-19,A,3.964358524
16548,USGS,01351500,1985-01-20,A,3.964358524
16549,USGS,01351500,1985-01-21,A,3.6811900580000003
16550,USGS,01351500,1985-01-22,A,3.6811900580000003
16551,USGS,01351500,1985-01-23,A,3.398021592
16552,USGS,01351500,1985-01-24,A,3.398021592
16553,USGS,01351500,1985-01-25,A,3.398021592
16554,USGS,01351500,1985-01-26,A,3.398021592
16555,USGS,01351500,1985-01-27,A,3.398021592
16556,USGS,01351500,1985-01-28,A,3.398021592
16557,USGS,01351500,1985-01-29,A,3.398021592
16558,USGS,01351500,1985-01-30,A,3.398021592
16559,USGS,01351500,1985-01-31,A,3.398021592
16560,USGS,01351500,1985-02-01,A,3.398021592
16561,USGS,01351500,1985-02-02,A,3.398021592
16562,USGS,01351500,1985-02-03,A,3.398021592
16563,USGS,01351500,1985-02-04,A,3.398021592
16564,USGS,01351500,1985-02-05,A,3.398021592
16565,USGS,01351500,1985-02-06,A,3.398021592
16566,USGS,01351500,1985-02-07,A,3.398021592
16567,USGS,01351500,1985-02-08,A,3.398021592
16568,USGS,01351500,1985-02-09,A,3.398021592
16569,USGS,01351500,1985-02-10,A,3.398021592
16570,USGS,01351500,1985-02-11,A,3.398021592
16571,USGS,01351500,1985-02-12,A,3.6811900580000003
16572,USGS,01351500,1985-02-13,A,4.530695456
16573,USGS,01351500,1985-02-14,A,19.82179262
16574,USGS,01351500,1985-02-15,A,16.99010796
16575,USGS,01351500,1985-02-16,A,13.308917902000001
16576,USGS,01351500,1985-02-17,A,10.194064776000001
16577,USGS,01351500,1985-02-18,A,7.928717048
16578,USGS,01351500,1985-02-19,A,7.645548582
16579,USGS,01351500,1985-02-20,A,7.645548582
16580,USGS,01351500,1985-02-21,A,7.645548582
16581,USGS,01351500,1985-02-22,A,7.928717048
16582,USGS,01351500,1985-02-23,A,25.48516194
16583,USGS,01351500,1985-02-24,A,82.11885514000001
16584,USGS,01351500,1985-02-25,A,112.417881002
16585,USGS,01351500,1985-02-26,A,58.04953553
16586,USGS,01351500,1985-02-27,A,45.590123026
16587,USGS,01351500,1985-02-28,A,32.281205124
16588,USGS,01351500,1985-03-01,A,28.883183532
16589,USGS,01351500,1985-03-02,A,25.48516194
16590,USGS,01351500,1985-03-03,A,19.82179262
16591,USGS,01351500,1985-03-04,A,14.724760232000001
16592,USGS,01351500,1985-03-05,A,15.291097164
16593,USGS,01351500,1985-03-06,A,19.255455688
16594,USGS,01351500,1985-03-07,A,15.857434096
16595,USGS,01351500,1985-03-08,A,20.1899116258
16596,USGS,01351500,1985-03-09,A,37.095069046
16597,USGS,01351500,1985-03-10,A,41.625764502
16598,USGS,01351500,1985-03-11,A,52.102997744
16599,USGS,01351500,1985-03-12,A,204.730800918
16600,USGS,01351500,1985-03-13,A,151.77829777600002
16601,USGS,01351500,1985-03-14,A,78.720833548
16602,USGS,01351500,1985-03-15,A,57.766367064
16603,USGS,01351500,1985-03-16,A,42.758438366
16604,USGS,01351500,1985-03-17,A,40.776259104000005
16605,USGS,01351500,1985-03-18,A,33.130710522
16606,USGS,01351500,1985-03-19,A,25.3718945536
16607,USGS,01351500,1985-03-20,A,26.2780336448
16608,USGS,01351500,1985-03-21,A,24.352488076
16609,USGS,01351500,1985-03-22,A,19.5669410006
16610,USGS,01351500,1985-03-23,A,18.689118756
16611,USGS,01351500,1985-03-24,A,17.273276426
16612,USGS,01351500,1985-03-25,A,16.3671373348
16613,USGS,01351500,1985-03-26,A,15.2344634708
16614,USGS,01351500,1985-03-27,A,13.450502135
16615,USGS,01351500,1985-03-28,A,15.149512931
16616,USGS,01351500,1985-03-29,A,24.5790228488
16617,USGS,01351500,1985-03-30,A,25.060409241000002
16618,USGS,01351500,1985-03-31,A,22.8233783596
16619,USGS,01351500,1985-04-01,A,33.413878988
16620,USGS,01351500,1985-04-02,A,51.253492346
16621,USGS,01351500,1985-04-03,A,42.192101434
16622,USGS,01351500,1985-04-04,A,37.661405978
16623,USGS,01351500,1985-04-05,A,39.926753706
16624,USGS,01351500,1985-04-06,A,43.891112230000005
16625,USGS,01351500,1985-04-07,A,40.776259104000005
16626,USGS,01351500,1985-04-08,A,31.714868192
16627,USGS,01351500,1985-04-09,A,27.2974401224
16628,USGS,01351500,1985-04-10,A,25.2586271672
16629,USGS,01351500,1985-04-11,A,20.5013969384
16630,USGS,01351500,1985-04-12,A,18.264366057
16631,USGS,01351500,1985-04-13,A,16.0273351756
16632,USGS,01351500,1985-04-14,A,14.413274919400001
16633,USGS,01351500,1985-04-15,A,14.413274919400001
16634,USGS,01351500,1985-04-16,A,14.016839067000001
16635,USGS,01351500,1985-04-17,A,13.6204032146
16636,USGS,01351500,1985-04-18,A,13.6204032146
16637,USGS,01351500,1985-04-19,A,14.016839067000001
16638,USGS,01351500,1985-04-20,A,14.016839067000001
16639,USGS,01351500,1985-04-21,A,13.6204032146
16640,USGS,01351500,1985-04-22,A,13.450502135
16641,USGS,01351500,1985-04-23,A,14.016839067000001
16642,USGS,01351500,1985-04-24,A,11.5815902594
16643,USGS,01351500,1985-04-25,A,10.194064776000001
16644,USGS,01351500,1985-04-26,A,10.1091142362
16645,USGS,01351500,1985-04-27,A,9.8259457702
16646,USGS,01351500,1985-04-28,A,9.4295099178
16647,USGS,01351500,1985-04-29,A,8.8348561392
16648,USGS,01351500,1985-04-30,A,8.2402023606
16649,USGS,01351500,1985-05-01,A,7.3057464228
16650,USGS,01351500,1985-05-02,A,6.5978252578
16651,USGS,01351500,1985-05-03,A,6.1447557122
16652,USGS,01351500,1985-05-04,A,5.804953553
16653,USGS,01351500,1985-05-05,A,5.380200854
16654,USGS,01351500,1985-05-06,A,5.7766367064
16655,USGS,01351500,1985-05-07,A,12.884165203
16656,USGS,01351500,1985-05-08,A,11.3550554866
16657,USGS,01351500,1985-05-09,A,8.5233708266
16658,USGS,01351500,1985-05-10,A,6.9942611102
16659,USGS,01351500,1985-05-11,A,6.0314883258
16660,USGS,01351500,1985-05-12,A,5.7766367064
16661,USGS,01351500,1985-05-13,A,7.0225779568
16662,USGS,01351500,1985-05-14,A,7.0225779568
16663,USGS,01351500,1985-05-15,A,5.550101933600001
16664,USGS,01351500,1985-05-16,A,4.8988144618
16665,USGS,01351500,1985-05-17,A,4.9271313084
16666,USGS,01351500,1985-05-18,A,14.8380276184
16667,USGS,01351500,1985-05-19,A,22.4835762004
16668,USGS,01351500,1985-05-20,A,15.0645623912
16669,USGS,01351500,1985-05-21,A,10.3073321624
16670,USGS,01351500,1985-05-22,A,8.778222446000001
16671,USGS,01351500,1985-05-23,A,7.503964349
16672,USGS,01351500,1985-05-24,A,6.3429736384
16673,USGS,01351500,1985-05-25,A,5.5784187802
16674,USGS,01351500,1985-05-26,A,4.9837650016
16675,USGS,01351500,1985-05-27,A,4.672279689
16676,USGS,01351500,1985-05-28,A,4.813863922
16677,USGS,01351500,1985-05-29,A,10.590500628400001
16678,USGS,01351500,1985-05-30,A,8.919806679
16679,USGS,01351500,1985-05-31,A,6.003171479200001
16680,USGS,01351500,1985-06-01,A,5.380200854
16681,USGS,01351500,1985-06-02,A,6.3996073316
16682,USGS,01351500,1985-06-03,A,5.6350524734
16683,USGS,01351500,1985-06-04,A,4.813863922
16684,USGS,01351500,1985-06-05,A,4.2192101434
16685,USGS,01351500,1985-06-06,A,4.0209922172
16686,USGS,01351500,1985-06-07,A,4.105942757
16687,USGS,01351500,1985-06-08,A,4.24752699
16688,USGS,01351500,1985-06-09,A,3.256437359
16689,USGS,01351500,1985-06-10,A,2.9449520464
16690,USGS,01351500,1985-06-11,A,2.7523974895200003
16691,USGS,01351500,1985-06-12,A,2.65895189574
16692,USGS,01351500,1985-06-13,A,3.1998036658
16693,USGS,01351500,1985-06-14,A,4.6156459958000005
16694,USGS,01351500,1985-06-15,A,4.3041606832
16695,USGS,01351500,1985-06-16,A,3.8794079842
16696,USGS,01351500,1985-06-17,A,5.7766367064
16697,USGS,01351500,1985-06-18,A,5.0120818482
16698,USGS,01351500,1985-06-19,A,4.8988144618
16699,USGS,01351500,1985-06-20,A,4.105942757
16700,USGS,01351500,1985-06-21,A,3.7095069046
16701,USGS,01351500,1985-06-22,A,3.3130710522
16702,USGS,01351500,1985-06-23,A,2.83168466
16703,USGS,01351500,1985-06-24,A,2.4635656542
16704,USGS,01351500,1985-06-25,A,2.1520803416
16705,USGS,01351500,1985-06-26,A,2.1520803416
16706,USGS,01351500,1985-06-27,A,1.5857434096
16707,USGS,01351500,1985-06-28,A,1.5857434096
16708,USGS,01351500,1985-06-29,A,2.5768330406
16709,USGS,01351500,1985-06-30,A,4.7289133822
16710,USGS,01351500,1985-07-01,A,5.0687155414000005
16711,USGS,01351500,1985-07-02,A,5.2669334676
16712,USGS,01351500,1985-07-03,A,5.0687155414000005
16713,USGS,01351500,1985-07-04,A,3.7661405978
16714,USGS,01351500,1985-07-05,A,3.4829721318
16715,USGS,01351500,1985-07-06,A,3.4829721318
16716,USGS,01351500,1985-07-07,A,3.4829721318
16717,USGS,01351500,1985-07-08,A,3.4829721318
16718,USGS,01351500,1985-07-09,A,3.4829721318
16719,USGS,01351500,1985-07-10,A,3.3413878988
16720,USGS,01351500,1985-07-11,A,2.4635656542
16721,USGS,01351500,1985-07-12,A,2.4635656542
16722,USGS,01351500,1985-07-13,A,2.265347728
16723,USGS,01351500,1985-07-14,A,2.265347728
16724,USGS,01351500,1985-07-15,A,2.1520803416
16725,USGS,01351500,1985-07-16,A,2.0388129552
16726,USGS,01351500,1985-07-17,A,1.94253567676
16727,USGS,01351500,1985-07-18,A,1.71033753464
16728,USGS,01351500,1985-07-19,A,1.51211960844
16729,USGS,01351500,1985-07-20,A,1.2516046197200001
16730,USGS,01351500,1985-07-21,A,1.0817035401200001
16731,USGS,01351500,1985-07-22,A,0.991089631
16732,USGS,01351500,1985-07-23,A,0.8806539292600001
16733,USGS,01351500,1985-07-24,A,0.8070301281000001
16734,USGS,01351500,1985-07-25,A,0.72491127296
16735,USGS,01351500,1985-07-26,A,0.86932719062
16736,USGS,01351500,1985-07-27,A,0.93162425314
16737,USGS,01351500,1985-07-28,A,0.95144604576
16738,USGS,01351500,1985-07-29,A,0.9542777304200001
16739,USGS,01351500,1985-07-30,A,0.89481235256
16740,USGS,01351500,1985-07-31,A,0.9089707758600001
16741,USGS,01351500,1985-08-01,A,1.06471343216
16742,USGS,01351500,1985-08-02,A,1.29974325894
16743,USGS,01351500,1985-08-03,A,1.2317828271
16744,USGS,01351500,1985-08-04,A,1.08736690944
16745,USGS,01351500,1985-08-05,A,0.95144604576
16746,USGS,01351500,1985-08-06,A,0.84101034402
16747,USGS,01351500,1985-08-07,A,0.8013667587800001
16748,USGS,01351500,1985-08-08,A,0.84384202868
16749,USGS,01351500,1985-08-09,A,0.75889148888
16750,USGS,01351500,1985-08-10,A,0.81835686674
16751,USGS,01351500,1985-08-11,A,0.79004002014
16752,USGS,01351500,1985-08-12,A,0.73340632694
16753,USGS,01351500,1985-08-13,A,0.67677263374
16754,USGS,01351500,1985-08-14,A,0.64562410248
16755,USGS,01351500,1985-08-15,A,0.6088122019
16756,USGS,01351500,1985-08-16,A,0.6880993723800001
16757,USGS,01351500,1985-08-17,A,0.79004002014
16758,USGS,01351500,1985-08-18,A,0.8353469747
16759,USGS,01351500,1985-08-19,A,0.84667371334
16760,USGS,01351500,1985-08-20,A,0.8240202360600001
16761,USGS,01351500,1985-08-21,A,0.7362380116
16762,USGS,01351500,1985-08-22,A,0.67394094908
16763,USGS,01351500,1985-08-23,A,0.62013894054
16764,USGS,01351500,1985-08-24,A,0.57200030132
16765,USGS,01351500,1985-08-25,A,0.6824360030600001
16766,USGS,01351500,1985-08-26,A,0.83817865936
16767,USGS,01351500,1985-08-27,A,0.9684361537200001
16768,USGS,01351500,1985-08-28,A,0.97409952304
16769,USGS,01351500,1985-08-29,A,0.8806539292600001
16770,USGS,01351500,1985-08-30,A,1.04489163954
16771,USGS,01351500,1985-08-31,A,1.62538699484
16772,USGS,01351500,1985-09-01,A,1.9538624154000002
16773,USGS,01351500,1985-09-02,A,1.5007928698000002
16774,USGS,01351500,1985-09-03,A,1.27708978166
16775,USGS,01351500,1985-09-04,A,1.11002038672
16776,USGS,01351500,1985-09-05,A,1.2091293498200002
16777,USGS,01351500,1985-09-06,A,1.95103073074
16778,USGS,01351500,1985-09-07,A,2.04730800918
16779,USGS,01351500,1985-09-08,A,1.68202068804
16780,USGS,01351500,1985-09-09,A,1.4016839067
16781,USGS,01351500,1985-09-10,A,1.31106999758
16782,USGS,01351500,1985-09-11,A,1.2317828271
16783,USGS,01351500,1985-09-12,A,1.25726798904
16784,USGS,01351500,1985-09-13,A,1.18081250322
16785,USGS,01351500,1985-09-14,A,1.07037680148
16786,USGS,01351500,1985-09-15,A,0.9571094150799999
16787,USGS,01351500,1985-09-16,A,0.87499055994
16788,USGS,01351500,1985-09-17,A,0.83251529004
16789,USGS,01351500,1985-09-18,A,0.79004002014
16790,USGS,01351500,1985-09-19,A,0.73057464228
16791,USGS,01351500,1985-09-20,A,0.69942611102
16792,USGS,01351500,1985-09-21,A,0.6541191564600001
16793,USGS,01351500,1985-09-22,A,0.6314656791800001
16794,USGS,01351500,1985-09-23,A,0.61730725588
16795,USGS,01351500,1985-09-24,A,0.6031488325800001
16796,USGS,01351500,1985-09-25,A,0.61447557122
16797,USGS,01351500,1985-09-26,A,0.5974854632600001
16798,USGS,01351500,1985-09-27,A,3.7944574444
16799,USGS,01351500,1985-09-28,A,51.253492346
16800,USGS,01351500,1985-09-29,A,18.547534523
16801,USGS,01351500,1985-09-30,A,9.627727844
16802,USGS,01351500,1985-10-01,A,6.512874718
16803,USGS,01351500,1985-10-02,A,5.1536660812
16804,USGS,01351500,1985-10-03,A,4.643962842400001
16805,USGS,01351500,1985-10-04,A,4.1908932968000006
16806,USGS,01351500,1985-10-05,A,5.7483198598000005
16807,USGS,01351500,1985-10-06,A,16.706939494
16808,USGS,01351500,1985-10-07,A,11.4116891798
16809,USGS,01351500,1985-10-08,A,8.0136675878
16810,USGS,01351500,1985-10-09,A,6.0314883258
16811,USGS,01351500,1985-10-10,A,5.097032388000001
16812,USGS,01351500,1985-10-11,A,4.6156459958000005
16813,USGS,01351500,1985-10-12,A,3.964358524
16814,USGS,01351500,1985-10-13,A,3.9360416774
16815,USGS,01351500,1985-10-14,A,4.2192101434
16816,USGS,01351500,1985-10-15,A,4.8704976152
16817,USGS,01351500,1985-10-16,A,6.8526768772
16818,USGS,01351500,1985-10-17,A,6.456241024800001
16819,USGS,01351500,1985-10-18,A,4.9837650016
16820,USGS,01351500,1985-10-19,A,4.5590123026
16821,USGS,01351500,1985-10-20,A,5.238616621
16822,USGS,01351500,1985-10-21,A,6.1447557122
16823,USGS,01351500,1985-10-22,A,5.4651513938
16824,USGS,01351500,1985-10-23,A,4.8704976152
16825,USGS,01351500,1985-10-24,A,4.672279689
16826,USGS,01351500,1985-10-25,A,5.4085177006
16827,USGS,01351500,1985-10-26,A,6.6261421044
16828,USGS,01351500,1985-10-27,A,6.0314883258
16829,USGS,01351500,1985-10-28,A,4.7855470754
16830,USGS,01351500,1985-10-29,A,4.2758438366
16831,USGS,01351500,1985-10-30,A,4.0493090638
16832,USGS,01351500,1985-10-31,A,3.7378237512
16833,USGS,01351500,1985-11-01,A,3.9360416774
16834,USGS,01351500,1985-11-02,A,3.7944574444
16835,USGS,01351500,1985-11-03,A,3.398021592
16836,USGS,01351500,1985-11-04,A,3.1714868192
16837,USGS,01351500,1985-11-05,A,4.0776259104
16838,USGS,01351500,1985-11-06,A,10.2790153158
16839,USGS,01351500,1985-11-07,A,14.0451559136
16840,USGS,01351500,1985-11-08,A,10.7320848614
16841,USGS,01351500,1985-11-09,A,8.8914898324
16842,USGS,01351500,1985-11-10,A,8.0419844344
16843,USGS,01351500,1985-11-11,A,10.2790153158
16844,USGS,01351500,1985-11-12,A,17.4714943522
16845,USGS,01351500,1985-11-13,A,27.184172736
16846,USGS,01351500,1985-11-14,A,31.998036658
16847,USGS,01351500,1985-11-15,A,68.243600306
16848,USGS,01351500,1985-11-16,A,46.156459958
16849,USGS,01351500,1985-11-17,A,65.978252578
16850,USGS,01351500,1985-11-18,A,70.508948034
16851,USGS,01351500,1985-11-19,A,48.13863922
16852,USGS,01351500,1985-11-20,A,39.64358524
16853,USGS,01351500,1985-11-21,A,31.998036658
16854,USGS,01351500,1985-11-22,A,26.2497167982
16855,USGS,01351500,1985-11-23,A,28.883183532
16856,USGS,01351500,1985-11-24,A,28.883183532
16857,USGS,01351500,1985-11-25,A,23.5596163712
16858,USGS,01351500,1985-11-26,A,20.5863474782
16859,USGS,01351500,1985-11-27,A,29.449520464000003
16860,USGS,01351500,1985-11-28,A,44.174280696000004
16861,USGS,01351500,1985-11-29,A,33.98021592
16862,USGS,01351500,1985-11-30,A,30.015857396
16863,USGS,01351500,1985-12-01,A,31.431699726
16864,USGS,01351500,1985-12-02,A,114.966397196
16865,USGS,01351500,1985-12-03,A,94.01193071200001
16866,USGS,01351500,1985-12-04,A,51.536660812
16867,USGS,01351500,1985-12-05,A,41.908932968
16868,USGS,01351500,1985-12-06,A,36.81190058
16869,USGS,01351500,1985-12-07,A,30.582194328
16870,USGS,01351500,1985-12-08,A,28.2602129068
16871,USGS,01351500,1985-12-09,A,26.1647662584
16872,USGS,01351500,1985-12-10,A,24.550706002200002
16873,USGS,01351500,1985-12-11,A,23.4746658314
16874,USGS,01351500,1985-12-12,A,36.528732114
16875,USGS,01351500,1985-12-13,A,39.64358524
16876,USGS,01351500,1985-12-14,A,31.998036658
16877,USGS,01351500,1985-12-15,A,23.757834297400002
16878,USGS,01351500,1985-12-16,A,22.738427819800002
16879,USGS,01351500,1985-12-17,A,21.520803416
16880,USGS,01351500,1985-12-18,A,19.5103073074
16881,USGS,01351500,1985-12-19,A,16.99010796
16882,USGS,01351500,1985-12-20,A,15.857434096
16883,USGS,01351500,1985-12-21,A,16.423771028
16884,USGS,01351500,1985-12-22,A,16.99010796
16885,USGS,01351500,1985-12-23,A,16.99010796
16886,USGS,01351500,1985-12-24,A,16.423771028
16887,USGS,01351500,1985-12-25,A,15.857434096
16888,USGS,01351500,1985-12-26,A,14.724760232000001
16889,USGS,01351500,1985-12-27,A,12.74258097
16890,USGS,01351500,1985-12-28,A,10.760401708
16891,USGS,01351500,1985-12-29,A,11.32673864
16892,USGS,01351500,1985-12-30,A,11.32673864
16893,USGS,01351500,1985-12-31,A,11.32673864
16894,USGS,01351500,1986-01-01,A,11.043570174000001
16895,USGS,01351500,1986-01-02,A,10.477233242
16896,USGS,01351500,1986-01-03,A,9.061390912
16897,USGS,01351500,1986-01-04,A,8.49505398
16898,USGS,01351500,1986-01-05,A,7.645548582
16899,USGS,01351500,1986-01-06,A,7.362380116000001
16900,USGS,01351500,1986-01-07,A,7.362380116000001
16901,USGS,01351500,1986-01-08,A,7.07921165
16902,USGS,01351500,1986-01-09,A,7.07921165
16903,USGS,01351500,1986-01-10,A,7.362380116000001
16904,USGS,01351500,1986-01-11,A,7.07921165
16905,USGS,01351500,1986-01-12,A,6.512874718
16906,USGS,01351500,1986-01-13,A,6.229706252
16907,USGS,01351500,1986-01-14,A,5.946537786
16908,USGS,01351500,1986-01-15,A,5.946537786
16909,USGS,01351500,1986-01-16,A,5.097032388000001
16910,USGS,01351500,1986-01-17,A,5.097032388000001
16911,USGS,01351500,1986-01-18,A,5.380200854
16912,USGS,01351500,1986-01-19,A,8.49505398
16913,USGS,01351500,1986-01-20,A,50.97032388
16914,USGS,01351500,1986-01-21,A,42.4752699
16915,USGS,01351500,1986-01-22,A,33.98021592
16916,USGS,01351500,1986-01-23,A,31.148531260000002
16917,USGS,01351500,1986-01-24,A,19.82179262
16918,USGS,01351500,1986-01-25,A,18.122781824
16919,USGS,01351500,1986-01-26,A,35.679226716
16920,USGS,01351500,1986-01-27,A,48.13863922
16921,USGS,01351500,1986-01-28,A,28.3168466
16922,USGS,01351500,1986-01-29,A,22.65347728
16923,USGS,01351500,1986-01-30,A,25.48516194
16924,USGS,01351500,1986-01-31,A,22.65347728
16925,USGS,01351500,1986-02-01,A,22.65347728
16926,USGS,01351500,1986-02-02,A,20.954466484
16927,USGS,01351500,1986-02-03,A,22.65347728
16928,USGS,01351500,1986-02-04,A,20.954466484
16929,USGS,01351500,1986-02-05,A,22.65347728
16930,USGS,01351500,1986-02-06,A,19.255455688
16931,USGS,01351500,1986-02-07,A,16.99010796
16932,USGS,01351500,1986-02-08,A,15.291097164
16933,USGS,01351500,1986-02-09,A,14.1584233
16934,USGS,01351500,1986-02-10,A,15.291097164
16935,USGS,01351500,1986-02-11,A,15.291097164
16936,USGS,01351500,1986-02-12,A,12.74258097
16937,USGS,01351500,1986-02-13,A,14.1584233
16938,USGS,01351500,1986-02-14,A,12.74258097
16939,USGS,01351500,1986-02-15,A,12.459412504
16940,USGS,01351500,1986-02-16,A,12.459412504
16941,USGS,01351500,1986-02-17,A,12.459412504
16942,USGS,01351500,1986-02-18,A,12.459412504
16943,USGS,01351500,1986-02-19,A,16.423771028
16944,USGS,01351500,1986-02-20,A,36.81190058
16945,USGS,01351500,1986-02-21,A,54.934682404
16946,USGS,01351500,1986-02-22,A,83.53469747
16947,USGS,01351500,1986-02-23,A,42.4752699
16948,USGS,01351500,1986-02-24,A,31.148531260000002
16949,USGS,01351500,1986-02-25,A,26.90100427
16950,USGS,01351500,1986-02-26,A,22.65347728
16951,USGS,01351500,1986-02-27,A,25.48516194
16952,USGS,01351500,1986-02-28,A,22.65347728
16953,USGS,01351500,1986-03-01,A,19.82179262
16954,USGS,01351500,1986-03-02,A,17.556444892000002
16955,USGS,01351500,1986-03-03,A,16.99010796
16956,USGS,01351500,1986-03-04,A,16.99010796
16957,USGS,01351500,1986-03-05,A,15.291097164
16958,USGS,01351500,1986-03-06,A,15.291097164
16959,USGS,01351500,1986-03-07,A,14.724760232000001
16960,USGS,01351500,1986-03-08,A,12.74258097
16961,USGS,01351500,1986-03-09,A,12.176244038
16962,USGS,01351500,1986-03-10,A,13.025749436
16963,USGS,01351500,1986-03-11,A,47.572302288
16964,USGS,01351500,1986-03-12,A,95.427773042
16965,USGS,01351500,1986-03-13,A,64.279241782
16966,USGS,01351500,1986-03-14,A,111.568375604
16967,USGS,01351500,1986-03-15,A,818.35686674
16968,USGS,01351500,1986-03-16,A,594.6537786
16969,USGS,01351500,1986-03-17,A,291.66351998
16970,USGS,01351500,1986-03-18,A,236.44566911
16971,USGS,01351500,1986-03-19,A,396.4358524
16972,USGS,01351500,1986-03-20,A,489.88144618
16973,USGS,01351500,1986-03-21,A,186.041682162
16974,USGS,01351500,1986-03-22,A,125.16046197200001
16975,USGS,01351500,1986-03-23,A,105.90500628400001
16976,USGS,01351500,1986-03-24,A,92.312919916
16977,USGS,01351500,1986-03-25,A,82.11885514000001
16978,USGS,01351500,1986-03-26,A,82.685192072
16979,USGS,01351500,1986-03-27,A,107.037680148
16980,USGS,01351500,1986-03-28,A,111.568375604
16981,USGS,01351500,1986-03-29,A,90.89707758600001
16982,USGS,01351500,1986-03-30,A,77.304991218
16983,USGS,01351500,1986-03-31,A,75.322811956
16984,USGS,01351500,1986-04-01,A,68.526768772
16985,USGS,01351500,1986-04-02,A,56.6336932
16986,USGS,01351500,1986-04-03,A,52.102997744
16987,USGS,01351500,1986-04-04,A,45.023786094
16988,USGS,01351500,1986-04-05,A,44.174280696000004
16989,USGS,01351500,1986-04-06,A,45.30695456
16990,USGS,01351500,1986-04-07,A,57.483198598
16991,USGS,01351500,1986-04-08,A,49.271313084
16992,USGS,01351500,1986-04-09,A,44.174280696000004
16993,USGS,01351500,1986-04-10,A,39.360416774
16994,USGS,01351500,1986-04-11,A,35.962395182
16995,USGS,01351500,1986-04-12,A,32.281205124
16996,USGS,01351500,1986-04-13,A,31.148531260000002
16997,USGS,01351500,1986-04-14,A,25.5984293264
16998,USGS,01351500,1986-04-15,A,25.48516194
16999,USGS,01351500,1986-04-16,A,26.6744694972
17000,USGS,01351500,1986-04-17,A,39.077248308
17001,USGS,01351500,1986-04-18,A,22.0588235014
17002,USGS,01351500,1986-04-19,A,22.8800120528
17003,USGS,01351500,1986-04-20,A,17.4714943522
17004,USGS,01351500,1986-04-21,A,18.547534523
17005,USGS,01351500,1986-04-22,A,19.1421883016
17006,USGS,01351500,1986-04-23,A,20.8978327908
17007,USGS,01351500,1986-04-24,A,28.883183532
17008,USGS,01351500,1986-04-25,A,33.697047454
17009,USGS,01351500,1986-04-26,A,46.156459958
17010,USGS,01351500,1986-04-27,A,58.615872462
17011,USGS,01351500,1986-04-28,A,50.120818482000004
17012,USGS,01351500,1986-04-29,A,41.908932968
17013,USGS,01351500,1986-04-30,A,69.942611102
17014,USGS,01351500,1986-05-01,A,57.200030132
17015,USGS,01351500,1986-05-02,A,48.421807686
17016,USGS,01351500,1986-05-03,A,39.077248308
17017,USGS,01351500,1986-05-04,A,31.998036658
17018,USGS,01351500,1986-05-05,A,27.1558558894
17019,USGS,01351500,1986-05-06,A,26.759420037
17020,USGS,01351500,1986-05-07,A,20.8411990976
17021,USGS,01351500,1986-05-08,A,20.0200105462
17022,USGS,01351500,1986-05-09,A,19.9067431598
17023,USGS,01351500,1986-05-10,A,11.7231744924
17024,USGS,01351500,1986-05-11,A,11.0718870206
17025,USGS,01351500,1986-05-12,A,9.7126783838
17026,USGS,01351500,1986-05-13,A,8.8631729858
17027,USGS,01351500,1986-05-14,A,6.9942611102
17028,USGS,01351500,1986-05-15,A,5.6067356268
17029,USGS,01351500,1986-05-16,A,5.2102997744
17030,USGS,01351500,1986-05-17,A,6.7110926442
17031,USGS,01351500,1986-05-18,A,8.0986181276
17032,USGS,01351500,1986-05-19,A,6.4845578714
17033,USGS,01351500,1986-05-20,A,12.034659805
17034,USGS,01351500,1986-05-21,A,40.493090638
17035,USGS,01351500,1986-05-22,A,185.758513696
17036,USGS,01351500,1986-05-23,A,253.152608604
17037,USGS,01351500,1986-05-24,A,153.760477038
17038,USGS,01351500,1986-05-25,A,112.984217934
17039,USGS,01351500,1986-05-26,A,78.154496616
17040,USGS,01351500,1986-05-27,A,60.598051724
17041,USGS,01351500,1986-05-28,A,48.704976152
17042,USGS,01351500,1986-05-29,A,39.360416774
17043,USGS,01351500,1986-05-30,A,31.714868192
17044,USGS,01351500,1986-05-31,A,23.4746658314
17045,USGS,01351500,1986-06-01,A,24.663973388600002
17046,USGS,01351500,1986-06-02,A,62.013894054000005
17047,USGS,01351500,1986-06-03,A,55.784187802
17048,USGS,01351500,1986-06-04,A,33.98021592
17049,USGS,01351500,1986-06-05,A,24.012685916800002
17050,USGS,01351500,1986-06-06,A,33.98021592
17051,USGS,01351500,1986-06-07,A,190.57237761800002
17052,USGS,01351500,1986-06-08,A,123.744619642
17053,USGS,01351500,1986-06-09,A,78.437665082
17054,USGS,01351500,1986-06-10,A,56.067356268000005
17055,USGS,01351500,1986-06-11,A,41.342596036
17056,USGS,01351500,1986-06-12,A,54.651513938
17057,USGS,01351500,1986-06-13,A,92.02975145
17058,USGS,01351500,1986-06-14,A,65.411915646
17059,USGS,01351500,1986-06-15,A,47.855470754
17060,USGS,01351500,1986-06-16,A,34.263384386
17061,USGS,01351500,1986-06-17,A,38.794079842
17062,USGS,01351500,1986-06-18,A,37.378237512
17063,USGS,01351500,1986-06-19,A,26.1647662584
17064,USGS,01351500,1986-06-20,A,98.825794634
17065,USGS,01351500,1986-06-21,A,60.031714792
17066,USGS,01351500,1986-06-22,A,33.413878988
17067,USGS,01351500,1986-06-23,A,23.6162500644
17068,USGS,01351500,1986-06-24,A,20.0766442394
17069,USGS,01351500,1986-06-25,A,15.6592161698
17070,USGS,01351500,1986-06-26,A,12.9691157428
17071,USGS,01351500,1986-06-27,A,10.0807973896
17072,USGS,01351500,1986-06-28,A,8.6083213664
17073,USGS,01351500,1986-06-29,A,7.3057464228
17074,USGS,01351500,1986-06-30,A,6.4845578714
17075,USGS,01351500,1986-07-01,A,5.7200030132
17076,USGS,01351500,1986-07-02,A,6.6261421044
17077,USGS,01351500,1986-07-03,A,10.3073321624
17078,USGS,01351500,1986-07-04,A,8.2968360538
17079,USGS,01351500,1986-07-05,A,5.9748546326000005
17080,USGS,01351500,1986-07-06,A,4.9837650016
17081,USGS,01351500,1986-07-07,A,4.3607943764
17082,USGS,01351500,1986-07-08,A,3.7661405978
17083,USGS,01351500,1986-07-09,A,3.3130710522
17084,USGS,01351500,1986-07-10,A,2.9166351998
17085,USGS,01351500,1986-07-11,A,2.62780336448
17086,USGS,01351500,1986-07-12,A,2.69576379632
17087,USGS,01351500,1986-07-13,A,4.6156459958000005
17088,USGS,01351500,1986-07-14,A,12.5443630438
17089,USGS,01351500,1986-07-15,A,10.137431082800001
17090,USGS,01351500,1986-07-16,A,6.5695084112
17091,USGS,01351500,1986-07-17,A,4.7289133822
17092,USGS,01351500,1986-07-18,A,3.8794079842
17093,USGS,01351500,1986-07-19,A,3.3697047454
17094,USGS,01351500,1986-07-20,A,3.0865362794
17095,USGS,01351500,1986-07-21,A,2.80619949806
17096,USGS,01351500,1986-07-22,A,2.5485161940000003
17097,USGS,01351500,1986-07-23,A,2.3219814212000003
17098,USGS,01351500,1986-07-24,A,2.17473381888
17099,USGS,01351500,1986-07-25,A,1.9283772534599999
17100,USGS,01351500,1986-07-26,A,1.94253567676
17101,USGS,01351500,1986-07-27,A,2.00200105462
17102,USGS,01351500,1986-07-28,A,1.9963376853
17103,USGS,01351500,1986-07-29,A,2.2993279439200003
17104,USGS,01351500,1986-07-30,A,2.48338744682
17105,USGS,01351500,1986-07-31,A,3.7944574444
17106,USGS,01351500,1986-08-01,A,4.0493090638
17107,USGS,01351500,1986-08-02,A,7.7021822752
17108,USGS,01351500,1986-08-03,A,12.034659805
17109,USGS,01351500,1986-08-04,A,6.8809937238000005
17110,USGS,01351500,1986-08-05,A,5.2669334676
17111,USGS,01351500,1986-08-06,A,4.105942757
17112,USGS,01351500,1986-08-07,A,3.5962395182
17113,USGS,01351500,1986-08-08,A,4.1342596036
17114,USGS,01351500,1986-08-09,A,4.0776259104
17115,USGS,01351500,1986-08-10,A,3.6811900580000003
17116,USGS,01351500,1986-08-11,A,3.3130710522
17117,USGS,01351500,1986-08-12,A,2.76372422816
17118,USGS,01351500,1986-08-13,A,2.44091217692
17119,USGS,01351500,1986-08-14,A,2.2511893047
17120,USGS,01351500,1986-08-15,A,2.0501396938400003
17121,USGS,01351500,1986-08-16,A,3.4546552852000003
17122,USGS,01351500,1986-08-17,A,7.7304991218
17123,USGS,01351500,1986-08-18,A,11.100203867200001
17124,USGS,01351500,1986-08-19,A,8.49505398
17125,USGS,01351500,1986-08-20,A,5.4934682404
17126,USGS,01351500,1986-08-21,A,4.1908932968000006
17127,USGS,01351500,1986-08-22,A,3.398021592
17128,USGS,01351500,1986-08-23,A,2.973268893
17129,USGS,01351500,1986-08-24,A,2.8600015066
17130,USGS,01351500,1986-08-25,A,2.5626746173
17131,USGS,01351500,1986-08-26,A,2.4352488076
17132,USGS,01351500,1986-08-27,A,2.41542701498
17133,USGS,01351500,1986-08-28,A,2.265347728
17134,USGS,01351500,1986-08-29,A,2.24835762004
17135,USGS,01351500,1986-08-30,A,2.04164463986
17136,USGS,01351500,1986-08-31,A,1.82926829036
17137,USGS,01351500,1986-09-01,A,1.6565355261
17138,USGS,01351500,1986-09-02,A,1.50362455446
17139,USGS,01351500,1986-09-03,A,1.40451559136
17140,USGS,01351500,1986-09-04,A,1.3025749436
17141,USGS,01351500,1986-09-05,A,1.3393868441799999
17142,USGS,01351500,1986-09-06,A,1.41301064534
17143,USGS,01351500,1986-09-07,A,1.44982254592
17144,USGS,01351500,1986-09-08,A,1.38186211408
17145,USGS,01351500,1986-09-09,A,1.27142641234
17146,USGS,01351500,1986-09-10,A,1.18364418788
17147,USGS,01351500,1986-09-11,A,1.12701049468
17148,USGS,01351500,1986-09-12,A,1.0618817475
17149,USGS,01351500,1986-09-13,A,0.9939213156600001
17150,USGS,01351500,1986-09-14,A,0.9344559378
17151,USGS,01351500,1986-09-15,A,0.8863172985800001
17152,USGS,01351500,1986-09-16,A,0.95144604576
17153,USGS,01351500,1986-09-17,A,0.9344559378
17154,USGS,01351500,1986-09-18,A,0.9627727844
17155,USGS,01351500,1986-09-19,A,0.9627727844
17156,USGS,01351500,1986-09-20,A,1.08736690944
17157,USGS,01351500,1986-09-21,A,1.5659216169799999
17158,USGS,01351500,1986-09-22,A,1.70184248066
17159,USGS,01351500,1986-09-23,A,4.3324775298
17160,USGS,01351500,1986-09-24,A,7.7304991218
17161,USGS,01351500,1986-09-25,A,5.4934682404
17162,USGS,01351500,1986-09-26,A,3.7661405978
17163,USGS,01351500,1986-09-27,A,3.2281205124000003
17164,USGS,01351500,1986-09-28,A,2.7042588503
17165,USGS,01351500,1986-09-29,A,2.52303103206
17166,USGS,01351500,1986-09-30,A,2.46922902352
17167,USGS,01351500,1986-10-01,A,2.9166351998
17168,USGS,01351500,1986-10-02,A,3.9077248308000003
17169,USGS,01351500,1986-10-03,A,3.8794079842
17170,USGS,01351500,1986-10-04,A,10.4489163954
17171,USGS,01351500,1986-10-05,A,14.7813939252
17172,USGS,01351500,1986-10-06,A,9.9958468498
17173,USGS,01351500,1986-10-07,A,7.07921165
17174,USGS,01351500,1986-10-08,A,5.6350524734
17175,USGS,01351500,1986-10-09,A,4.955448155
17176,USGS,01351500,1986-10-10,A,4.2758438366
17177,USGS,01351500,1986-10-11,A,3.7378237512
17178,USGS,01351500,1986-10-12,A,3.2847542056
17179,USGS,01351500,1986-10-13,A,3.0865362794
17180,USGS,01351500,1986-10-14,A,3.1714868192
17181,USGS,01351500,1986-10-15,A,3.4829721318
17182,USGS,01351500,1986-10-16,A,3.6811900580000003
17183,USGS,01351500,1986-10-17,A,3.398021592
17184,USGS,01351500,1986-10-18,A,3.0015857396000003
17185,USGS,01351500,1986-10-19,A,2.7184172736
17186,USGS,01351500,1986-10-20,A,2.4918825008
17187,USGS,01351500,1986-10-21,A,2.4352488076
17188,USGS,01351500,1986-10-22,A,2.4352488076
17189,USGS,01351500,1986-10-23,A,2.406931961
17190,USGS,01351500,1986-10-24,A,2.3502982678
17191,USGS,01351500,1986-10-25,A,2.265347728
17192,USGS,01351500,1986-10-26,A,2.6617835804
17193,USGS,01351500,1986-10-27,A,4.8988144618
17194,USGS,01351500,1986-10-28,A,5.380200854
17195,USGS,01351500,1986-10-29,A,4.5873291492
17196,USGS,01351500,1986-10-30,A,4.0493090638
17197,USGS,01351500,1986-10-31,A,3.6811900580000003
17198,USGS,01351500,1986-11-01,A,3.3413878988
17199,USGS,01351500,1986-11-02,A,3.1998036658
17200,USGS,01351500,1986-11-03,A,3.1998036658
17201,USGS,01351500,1986-11-04,A,3.2847542056
17202,USGS,01351500,1986-11-05,A,3.2281205124000003
17203,USGS,01351500,1986-11-06,A,7.503964349
17204,USGS,01351500,1986-11-07,A,11.5249565662
17205,USGS,01351500,1986-11-08,A,10.2790153158
17206,USGS,01351500,1986-11-09,A,27.0709053496
17207,USGS,01351500,1986-11-10,A,27.608925435
17208,USGS,01351500,1986-11-11,A,16.0273351756
17209,USGS,01351500,1986-11-12,A,13.6204032146
17210,USGS,01351500,1986-11-13,A,13.6204032146
17211,USGS,01351500,1986-11-14,A,10.590500628400001
17212,USGS,01351500,1986-11-15,A,8.8348561392
17213,USGS,01351500,1986-11-16,A,9.1180246052
17214,USGS,01351500,1986-11-17,A,8.8348561392
17215,USGS,01351500,1986-11-18,A,8.325152900400001
17216,USGS,01351500,1986-11-19,A,8.8348561392
17217,USGS,01351500,1986-11-20,A,7.5605980422000005
17218,USGS,01351500,1986-11-21,A,21.2093181034
17219,USGS,01351500,1986-11-22,A,32.56437359
17220,USGS,01351500,1986-11-23,A,21.2093181034
17221,USGS,01351500,1986-11-24,A,41.059427570000004
17222,USGS,01351500,1986-11-25,A,68.526768772
17223,USGS,01351500,1986-11-26,A,84.66737133400001
17224,USGS,01351500,1986-11-27,A,224.26942507200002
17225,USGS,01351500,1986-11-28,A,94.86143611
17226,USGS,01351500,1986-11-29,A,62.297062520000004
17227,USGS,01351500,1986-11-30,A,47.855470754
17228,USGS,01351500,1986-12-01,A,32.56437359
17229,USGS,01351500,1986-12-02,A,26.051498872
17230,USGS,01351500,1986-12-03,A,54.368345472
17231,USGS,01351500,1986-12-04,A,99.1089631
17232,USGS,01351500,1986-12-05,A:e,55.784187802
17233,USGS,01351500,1986-12-06,A:e,37.661405978
17234,USGS,01351500,1986-12-07,A:e,26.617835804000002
17235,USGS,01351500,1986-12-08,A:e,32.56437359
17236,USGS,01351500,1986-12-09,A,36.528732114
17237,USGS,01351500,1986-12-10,A,56.067356268000005
17238,USGS,01351500,1986-12-11,A,56.350524734000004
17239,USGS,01351500,1986-12-12,A,40.776259104000005
17240,USGS,01351500,1986-12-13,A,33.98021592
17241,USGS,01351500,1986-12-14,A,20.4730800918
17242,USGS,01351500,1986-12-15,A,20.3031790122
17243,USGS,01351500,1986-12-16,A,23.1631805188
17244,USGS,01351500,1986-12-17,A,23.644566911000002
17245,USGS,01351500,1986-12-18,A,15.857434096
17246,USGS,01351500,1986-12-19,A,21.4075360296
17247,USGS,01351500,1986-12-20,A,22.1720908878
17248,USGS,01351500,1986-12-21,A,15.149512931
17249,USGS,01351500,1986-12-22,A,13.3655515952
17250,USGS,01351500,1986-12-23,A,11.6948576458
17251,USGS,01351500,1986-12-24,A,12.8275315098
17252,USGS,01351500,1986-12-25,A,14.7813939252
17253,USGS,01351500,1986-12-26,A,58.04953553
17254,USGS,01351500,1986-12-27,A,54.368345472
17255,USGS,01351500,1986-12-28,A,34.263384386
17256,USGS,01351500,1986-12-29,A,29.166351998
17257,USGS,01351500,1986-12-30,A,26.5895189574
17258,USGS,01351500,1986-12-31,A,23.078229979
17259,USGS,01351500,1987-01-01,A,16.848523727
17260,USGS,01351500,1987-01-02,A:e,18.122781824
17261,USGS,01351500,1987-01-03,A:e,20.954466484
17262,USGS,01351500,1987-01-04,A:e,16.423771028
17263,USGS,01351500,1987-01-05,A:e,12.459412504
17264,USGS,01351500,1987-01-06,A:e,13.025749436
17265,USGS,01351500,1987-01-07,A:e,13.592086368
17266,USGS,01351500,1987-01-08,A:e,12.459412504
17267,USGS,01351500,1987-01-09,A:e,11.609907106
17268,USGS,01351500,1987-01-10,A:e,11.043570174000001
17269,USGS,01351500,1987-01-11,A:e,10.477233242
17270,USGS,01351500,1987-01-12,A:e,10.194064776000001
17271,USGS,01351500,1987-01-13,A:e,9.91089631
17272,USGS,01351500,1987-01-14,A:e,9.627727844
17273,USGS,01351500,1987-01-15,A:e,12.5726798904
17274,USGS,01351500,1987-01-16,A:e,19.82179262
17275,USGS,01351500,1987-01-17,A:e,18.122781824
17276,USGS,01351500,1987-01-18,A:e,16.423771028
17277,USGS,01351500,1987-01-19,A:e,17.839613358
17278,USGS,01351500,1987-01-20,A:e,16.423771028
17279,USGS,01351500,1987-01-21,A:e,15.574265630000001
17280,USGS,01351500,1987-01-22,A:e,13.875254834
17281,USGS,01351500,1987-01-23,A:e,13.025749436
17282,USGS,01351500,1987-01-24,A:e,12.459412504
17283,USGS,01351500,1987-01-25,A:e,11.609907106
17284,USGS,01351500,1987-01-26,A:e,11.043570174000001
17285,USGS,01351500,1987-01-27,A:e,10.760401708
17286,USGS,01351500,1987-01-28,A:e,10.760401708
17287,USGS,01351500,1987-01-29,A:e,10.477233242
17288,USGS,01351500,1987-01-30,A:e,10.477233242
17289,USGS,01351500,1987-01-31,A:e,10.760401708
17290,USGS,01351500,1987-02-01,A:e,11.043570174000001
17291,USGS,01351500,1987-02-02,A:e,12.176244038
17292,USGS,01351500,1987-02-03,A:e,13.308917902000001
17293,USGS,01351500,1987-02-04,A:e,11.893075572
17294,USGS,01351500,1987-02-05,A:e,11.609907106
17295,USGS,01351500,1987-02-06,A:e,11.893075572
17296,USGS,01351500,1987-02-07,A:e,12.459412504
17297,USGS,01351500,1987-02-08,A:e,11.043570174000001
17298,USGS,01351500,1987-02-09,A:e,10.477233242
17299,USGS,01351500,1987-02-10,A:e,9.627727844
17300,USGS,01351500,1987-02-11,A:e,9.061390912
17301,USGS,01351500,1987-02-12,A:e,8.49505398
17302,USGS,01351500,1987-02-13,A:e,8.211885514
17303,USGS,01351500,1987-02-14,A:e,7.928717048
17304,USGS,01351500,1987-02-15,A:e,7.645548582
17305,USGS,01351500,1987-02-16,A:e,7.362380116000001
17306,USGS,01351500,1987-02-17,A:e,7.07921165
17307,USGS,01351500,1987-02-18,A:e,7.07921165
17308,USGS,01351500,1987-02-19,A:e,6.796043184
17309,USGS,01351500,1987-02-20,A:e,6.796043184
17310,USGS,01351500,1987-02-21,A:e,6.796043184
17311,USGS,01351500,1987-02-22,A:e,6.796043184
17312,USGS,01351500,1987-02-23,A:e,6.796043184
17313,USGS,01351500,1987-02-24,A:e,6.512874718
17314,USGS,01351500,1987-02-25,A:e,6.512874718
17315,USGS,01351500,1987-02-26,A:e,6.512874718
17316,USGS,01351500,1987-02-27,A:e,6.796043184
17317,USGS,01351500,1987-02-28,A:e,16.99010796
17318,USGS,01351500,1987-03-01,A:e,56.6336932
17319,USGS,01351500,1987-03-02,A:e,121.76244038
17320,USGS,01351500,1987-03-03,A:e,104.77233242
17321,USGS,01351500,1987-03-04,A:e,62.297062520000004
17322,USGS,01351500,1987-03-05,A:e,45.30695456
17323,USGS,01351500,1987-03-06,A:e,46.72279689
17324,USGS,01351500,1987-03-07,A:e,50.97032388
17325,USGS,01351500,1987-03-08,A,163.671373348
17326,USGS,01351500,1987-03-09,A,199.63376853
17327,USGS,01351500,1987-03-10,A,97.976289236
17328,USGS,01351500,1987-03-11,A,78.437665082
17329,USGS,01351500,1987-03-12,A,77.304991218
17330,USGS,01351500,1987-03-13,A,60.88122019
17331,USGS,01351500,1987-03-14,A,49.55448155
17332,USGS,01351500,1987-03-15,A,42.758438366
17333,USGS,01351500,1987-03-16,A,37.095069046
17334,USGS,01351500,1987-03-17,A,32.847542056
17335,USGS,01351500,1987-03-18,A,30.015857396
17336,USGS,01351500,1987-03-19,A,33.697047454
17337,USGS,01351500,1987-03-20,A,43.324775298
17338,USGS,01351500,1987-03-21,A,35.679226716
17339,USGS,01351500,1987-03-22,A,65.12874718
17340,USGS,01351500,1987-03-23,A,90.89707758600001
17341,USGS,01351500,1987-03-24,A,118.36441878800001
17342,USGS,01351500,1987-03-25,A,141.301064534
17343,USGS,01351500,1987-03-26,A,196.518915404
17344,USGS,01351500,1987-03-27,A,181.22781824
17345,USGS,01351500,1987-03-28,A,154.893150902
17346,USGS,01351500,1987-03-29,A,143.00007533000002
17347,USGS,01351500,1987-03-30,A,128.275315098
17348,USGS,01351500,1987-03-31,A,177.546628182
17349,USGS,01351500,1987-04-01,A,365.28732114
17350,USGS,01351500,1987-04-02,A,154.043645504
17351,USGS,01351500,1987-04-03,A,105.055500886
17352,USGS,01351500,1987-04-04,A,302.99025862
17353,USGS,01351500,1987-04-05,A,1279.92146632
17354,USGS,01351500,1987-04-06,A,501.20818482
17355,USGS,01351500,1987-04-07,A,614.47557122
17356,USGS,01351500,1987-04-08,A,430.41606832
17357,USGS,01351500,1987-04-09,A,265.612021108
17358,USGS,01351500,1987-04-10,A,171.883258862
17359,USGS,01351500,1987-04-11,A,122.611945778
17360,USGS,01351500,1987-04-12,A,99.958468498
17361,USGS,01351500,1987-04-13,A,402.09922172
17362,USGS,01351500,1987-04-14,A,385.10911376
17363,USGS,01351500,1987-04-15,A,220.305066548
17364,USGS,01351500,1987-04-16,A,130.25749436
17365,USGS,01351500,1987-04-17,A,111.002038672
17366,USGS,01351500,1987-04-18,A,120.063429584
17367,USGS,01351500,1987-04-19,A,118.93075572000001
17368,USGS,01351500,1987-04-20,A,95.994109974
17369,USGS,01351500,1987-04-21,A,82.968360538
17370,USGS,01351500,1987-04-22,A,67.96043184
17371,USGS,01351500,1987-04-23,A,56.6336932
17372,USGS,01351500,1987-04-24,A,51.819829278
17373,USGS,01351500,1987-04-25,A,54.368345472
17374,USGS,01351500,1987-04-26,A,42.758438366
17375,USGS,01351500,1987-04-27,A,36.81190058
17376,USGS,01351500,1987-04-28,A,33.413878988
17377,USGS,01351500,1987-04-29,A,26.8160537302
17378,USGS,01351500,1987-04-30,A,31.148531260000002
17379,USGS,01351500,1987-05-01,A,29.449520464000003
17380,USGS,01351500,1987-05-02,A,26.759420037
17381,USGS,01351500,1987-05-03,A,23.1348636722
17382,USGS,01351500,1987-05-04,A,20.6146643248
17383,USGS,01351500,1987-05-05,A,23.361398445
17384,USGS,01351500,1987-05-06,A,23.4180321382
17385,USGS,01351500,1987-05-07,A,22.2853582742
17386,USGS,01351500,1987-05-08,A,18.8023861424
17387,USGS,01351500,1987-05-09,A,15.999018329
17388,USGS,01351500,1987-05-10,A,12.912482049600001
17389,USGS,01351500,1987-05-11,A,9.5427773042
17390,USGS,01351500,1987-05-12,A,10.2506984692
17391,USGS,01351500,1987-05-13,A,9.5144604576
17392,USGS,01351500,1987-05-14,A,8.5516876732
17393,USGS,01351500,1987-05-15,A,7.220795883
17394,USGS,01351500,1987-05-16,A,6.371290485
17395,USGS,01351500,1987-05-17,A,5.7766367064
17396,USGS,01351500,1987-05-18,A,5.3235671608
17397,USGS,01351500,1987-05-19,A,5.1819829278
17398,USGS,01351500,1987-05-20,A,5.6350524734
17399,USGS,01351500,1987-05-21,A,5.380200854
17400,USGS,01351500,1987-05-22,A,4.8421807686000005
17401,USGS,01351500,1987-05-23,A,4.9837650016
17402,USGS,01351500,1987-05-24,A,8.8065392926
17403,USGS,01351500,1987-05-25,A,6.6544589510000005
17404,USGS,01351500,1987-05-26,A,5.5784187802
17405,USGS,01351500,1987-05-27,A,6.0314883258
17406,USGS,01351500,1987-05-28,A,7.9853507412
17407,USGS,01351500,1987-05-29,A,7.6738654286
17408,USGS,01351500,1987-05-30,A,6.1164388656
17409,USGS,01351500,1987-05-31,A,4.955448155
17410,USGS,01351500,1987-06-01,A,4.3324775298
17411,USGS,01351500,1987-06-02,A,3.964358524
17412,USGS,01351500,1987-06-03,A,4.1625764502000004
17413,USGS,01351500,1987-06-04,A,4.5023786094
17414,USGS,01351500,1987-06-05,A,6.8526768772
17415,USGS,01351500,1987-06-06,A,6.6827757976
17416,USGS,01351500,1987-06-07,A,4.9837650016
17417,USGS,01351500,1987-06-08,A,4.6156459958000005
17418,USGS,01351500,1987-06-09,A,4.5590123026
17419,USGS,01351500,1987-06-10,A,4.0493090638
17420,USGS,01351500,1987-06-11,A,3.4263384386
17421,USGS,01351500,1987-06-12,A,3.0865362794
17422,USGS,01351500,1987-06-13,A,2.8600015066
17423,USGS,01351500,1987-06-14,A,2.690100427
17424,USGS,01351500,1987-06-15,A,2.5485161940000003
17425,USGS,01351500,1987-06-16,A,2.2370308814
17426,USGS,01351500,1987-06-17,A,1.8972287222
17427,USGS,01351500,1987-06-18,A,1.699010796
17428,USGS,01351500,1987-06-19,A,1.557426563
17429,USGS,01351500,1987-06-20,A,1.41584233
17430,USGS,01351500,1987-06-21,A,1.3308917902
17431,USGS,01351500,1987-06-22,A,1.5857434096
17432,USGS,01351500,1987-06-23,A,3.0299025862
17433,USGS,01351500,1987-06-24,A,3.7661405978
17434,USGS,01351500,1987-06-25,A,3.4546552852000003
17435,USGS,01351500,1987-06-26,A,2.7184172736
17436,USGS,01351500,1987-06-27,A,6.937627417
17437,USGS,01351500,1987-06-28,A,5.5217850870000005
17438,USGS,01351500,1987-06-29,A,3.964358524
17439,USGS,01351500,1987-06-30,A,3.1714868192
17440,USGS,01351500,1987-07-01,A,2.7184172736
17441,USGS,01351500,1987-07-02,A,3.114853126
17442,USGS,01351500,1987-07-03,A,9.4295099178
17443,USGS,01351500,1987-07-04,A,8.0136675878
17444,USGS,01351500,1987-07-05,A,5.3518840074
17445,USGS,01351500,1987-07-06,A,3.9360416774
17446,USGS,01351500,1987-07-07,A,3.2281205124000003
17447,USGS,01351500,1987-07-08,A,2.9166351998
17448,USGS,01351500,1987-07-09,A,2.6051498872
17449,USGS,01351500,1987-07-10,A,3.0015857396000003
17450,USGS,01351500,1987-07-11,A,3.1431699726
17451,USGS,01351500,1987-07-12,A,2.4352488076
17452,USGS,01351500,1987-07-13,A,2.0388129552
17453,USGS,01351500,1987-07-14,A,2.406931961
17454,USGS,01351500,1987-07-15,A,2.9449520464
17455,USGS,01351500,1987-07-16,A,3.4263384386
17456,USGS,01351500,1987-07-17,A,3.0582194328
17457,USGS,01351500,1987-07-18,A,2.3786151144
17458,USGS,01351500,1987-07-19,A,1.9538624154000002
17459,USGS,01351500,1987-07-20,A,1.8972287222
17460,USGS,01351500,1987-07-21,A,1.6706939494
17461,USGS,01351500,1987-07-22,A,1.4724760232
17462,USGS,01351500,1987-07-23,A,1.3308917902
17463,USGS,01351500,1987-07-24,A,1.2176244038
17464,USGS,01351500,1987-07-25,A,1.0760401708
17465,USGS,01351500,1987-07-26,A,1.0760401708
17466,USGS,01351500,1987-07-27,A,1.2459412504
17467,USGS,01351500,1987-07-28,A,1.1893075572
17468,USGS,01351500,1987-07-29,A,0.991089631
17469,USGS,01351500,1987-07-30,A,1.1609907106000001
17470,USGS,01351500,1987-07-31,A,1.0194064776
17471,USGS,01351500,1987-08-01,A,0.8778222446
17472,USGS,01351500,1987-08-02,A,0.991089631
17473,USGS,01351500,1987-08-03,A,1.2742580970000001
17474,USGS,01351500,1987-08-04,A,1.1609907106000001
17475,USGS,01351500,1987-08-05,A,1.0477233242000001
17476,USGS,01351500,1987-08-06,A,1.0194064776
17477,USGS,01351500,1987-08-07,A,0.9627727844
17478,USGS,01351500,1987-08-08,A,0.9061390912
17479,USGS,01351500,1987-08-09,A,0.9061390912
17480,USGS,01351500,1987-08-10,A,1.2176244038
17481,USGS,01351500,1987-08-11,A,3.0299025862
17482,USGS,01351500,1987-08-12,A,2.83168466
17483,USGS,01351500,1987-08-13,A,2.0388129552
17484,USGS,01351500,1987-08-14,A,1.6423771028
17485,USGS,01351500,1987-08-15,A,1.3025749436
17486,USGS,01351500,1987-08-16,A,1.0760401708
17487,USGS,01351500,1987-08-17,A,0.991089631
17488,USGS,01351500,1987-08-18,A,0.8778222446
17489,USGS,01351500,1987-08-19,A,0.7928717048
17490,USGS,01351500,1987-08-20,A,0.7645548582
17491,USGS,01351500,1987-08-21,A,0.7362380116
17492,USGS,01351500,1987-08-22,A,0.7362380116
17493,USGS,01351500,1987-08-23,A,0.707921165
17494,USGS,01351500,1987-08-24,A,0.6796043184
17495,USGS,01351500,1987-08-25,A,0.6796043184
17496,USGS,01351500,1987-08-26,A,0.6229706252
17497,USGS,01351500,1987-08-27,A,0.707921165
17498,USGS,01351500,1987-08-28,A,0.8778222446
17499,USGS,01351500,1987-08-29,A,1.5291097164
17500,USGS,01351500,1987-08-30,A,2.0671298018
17501,USGS,01351500,1987-08-31,A,2.1520803416
17502,USGS,01351500,1987-09-01,A,1.8122781824
17503,USGS,01351500,1987-09-02,A,1.4724760232
17504,USGS,01351500,1987-09-03,A,1.3025749436
17505,USGS,01351500,1987-09-04,A,1.1609907106000001
17506,USGS,01351500,1987-09-05,A,1.0477233242000001
17507,USGS,01351500,1987-09-06,A,0.9627727844
17508,USGS,01351500,1987-09-07,A,1.0477233242000001
17509,USGS,01351500,1987-09-08,A,1.2176244038
17510,USGS,01351500,1987-09-09,A,5.3235671608
17511,USGS,01351500,1987-09-10,A,9.2596088382
17512,USGS,01351500,1987-09-11,A,5.5784187802
17513,USGS,01351500,1987-09-12,A,3.822774291
17514,USGS,01351500,1987-09-13,A,10.8170354012
17515,USGS,01351500,1987-09-14,A,23.1914973654
17516,USGS,01351500,1987-09-15,A,12.9407988962
17517,USGS,01351500,1987-09-16,A,7.5605980422000005
17518,USGS,01351500,1987-09-17,A,5.804953553
17519,USGS,01351500,1987-09-18,A,15.8857509426
17520,USGS,01351500,1987-09-19,A,60.88122019
17521,USGS,01351500,1987-09-20,A,32.847542056
17522,USGS,01351500,1987-09-21,A,24.0976364566
17523,USGS,01351500,1987-09-22,A,44.457449162
17524,USGS,01351500,1987-09-23,A,30.299025862
17525,USGS,01351500,1987-09-24,A,22.0021898082
17526,USGS,01351500,1987-09-25,A,14.6964433854
17527,USGS,01351500,1987-09-26,A,9.627727844
17528,USGS,01351500,1987-09-27,A,6.5695084112
17529,USGS,01351500,1987-09-28,A,5.6916861666
17530,USGS,01351500,1987-09-29,A,5.1253492346
17531,USGS,01351500,1987-09-30,A,5.1536660812
17532,USGS,01351500,1987-10-01,A,6.2580230986
17533,USGS,01351500,1987-10-02,A,6.3996073316
17534,USGS,01351500,1987-10-03,A,5.9182209394
17535,USGS,01351500,1987-10-04,A,25.5984293264
17536,USGS,01351500,1987-10-05,A,58.04953553
17537,USGS,01351500,1987-10-06,A,81.55251820800001
17538,USGS,01351500,1987-10-07,A,131.106999758
17539,USGS,01351500,1987-10-08,A,194.536736142
17540,USGS,01351500,1987-10-09,A,104.77233242
17541,USGS,01351500,1987-10-10,A,71.358453432
17542,USGS,01351500,1987-10-11,A,62.013894054000005
17543,USGS,01351500,1987-10-12,A,76.738654286
17544,USGS,01351500,1987-10-13,A,60.314883258
17545,USGS,01351500,1987-10-14,A,45.023786094
17546,USGS,01351500,1987-10-15,A,37.378237512
17547,USGS,01351500,1987-10-16,A,32.56437359
17548,USGS,01351500,1987-10-17,A,28.3168466
17549,USGS,01351500,1987-10-18,A,25.626746173
17550,USGS,01351500,1987-10-19,A,21.6057539558
17551,USGS,01351500,1987-10-20,A,21.1243675636
17552,USGS,01351500,1987-10-21,A,19.5103073074
17553,USGS,01351500,1987-10-22,A,26.7877368836
17554,USGS,01351500,1987-10-23,A,25.626746173
17555,USGS,01351500,1987-10-24,A,19.5103073074
17556,USGS,01351500,1987-10-25,A,16.650305800800002
17557,USGS,01351500,1987-10-26,A,19.397039921
17558,USGS,01351500,1987-10-27,A,16.3388204882
17559,USGS,01351500,1987-10-28,A,274.107075088
17560,USGS,01351500,1987-10-29,A,224.835762004
17561,USGS,01351500,1987-10-30,A,120.91293498200001
17562,USGS,01351500,1987-10-31,A,89.19806679
17563,USGS,01351500,1987-11-01,A,69.942611102
17564,USGS,01351500,1987-11-02,A,59.748546326
17565,USGS,01351500,1987-11-03,A,50.120818482000004
17566,USGS,01351500,1987-11-04,A,45.023786094
17567,USGS,01351500,1987-11-05,A,39.360416774
17568,USGS,01351500,1987-11-06,A,35.679226716
17569,USGS,01351500,1987-11-07,A,31.714868192
17570,USGS,01351500,1987-11-08,A,29.166351998
17571,USGS,01351500,1987-11-09,A,27.184172736
17572,USGS,01351500,1987-11-10,A,27.778826514600002
17573,USGS,01351500,1987-11-11,A,26.4479347244
17574,USGS,01351500,1987-11-12,A,25.909914639
17575,USGS,01351500,1987-11-13,A,28.600015066
17576,USGS,01351500,1987-11-14,A,35.962395182
17577,USGS,01351500,1987-11-15,A,37.378237512
17578,USGS,01351500,1987-11-16,A,34.263384386
17579,USGS,01351500,1987-11-17,A,31.148531260000002
17580,USGS,01351500,1987-11-18,A,37.095069046
17581,USGS,01351500,1987-11-19,A,52.102997744
17582,USGS,01351500,1987-11-20,A,43.041606832
17583,USGS,01351500,1987-11-21,A,36.528732114
17584,USGS,01351500,1987-11-22,A,25.7966472526
17585,USGS,01351500,1987-11-23,A,21.8889224218
17586,USGS,01351500,1987-11-24,A,26.759420037
17587,USGS,01351500,1987-11-25,A,26.0231820254
17588,USGS,01351500,1987-11-26,A,26.4479347244
17589,USGS,01351500,1987-11-27,A,24.9754587012
17590,USGS,01351500,1987-11-28,A,22.370308814
17591,USGS,01351500,1987-11-29,A,19.2837725346
17592,USGS,01351500,1987-11-30,A,31.148531260000002
17593,USGS,01351500,1987-12-01,A,91.180246052
17594,USGS,01351500,1987-12-02,A,58.332703996
17595,USGS,01351500,1987-12-03,A,42.758438366
17596,USGS,01351500,1987-12-04,A,37.378237512
17597,USGS,01351500,1987-12-05,A,34.829721318000004
17598,USGS,01351500,1987-12-06,A,29.732688930000002
17599,USGS,01351500,1987-12-07,A,24.494072309
17600,USGS,01351500,1987-12-08,A,24.7206070818
17601,USGS,01351500,1987-12-09,A,21.1526844102
17602,USGS,01351500,1987-12-10,A,30.582194328
17603,USGS,01351500,1987-12-11,A,30.582194328
17604,USGS,01351500,1987-12-12,A,23.6162500644
17605,USGS,01351500,1987-12-13,A,26.2497167982
17606,USGS,01351500,1987-12-14,A,23.899418530400002
17607,USGS,01351500,1987-12-15,A,21.4641697228
17608,USGS,01351500,1987-12-16,A,22.993279439200002
17609,USGS,01351500,1987-12-17,A,25.1170429342
17610,USGS,01351500,1987-12-18,A,19.7085252336
17611,USGS,01351500,1987-12-19,A,15.630899323200001
17612,USGS,01351500,1987-12-20,A,15.574265630000001
17613,USGS,01351500,1987-12-21,A,27.184172736
17614,USGS,01351500,1987-12-22,A,26.6744694972
17615,USGS,01351500,1987-12-23,A,21.8889224218
17616,USGS,01351500,1987-12-24,A,19.0572377618
17617,USGS,01351500,1987-12-25,A,25.315260860400002
17618,USGS,01351500,1987-12-26,A,35.962395182
17619,USGS,01351500,1987-12-27,A,31.998036658
17620,USGS,01351500,1987-12-28,A,25.768330406
17621,USGS,01351500,1987-12-29,A,21.1243675636
17622,USGS,01351500,1987-12-30,A:e,19.82179262
17623,USGS,01351500,1987-12-31,A:e,15.857434096
17624,USGS,01351500,1988-01-01,A:e,14.724760232000001
17625,USGS,01351500,1988-01-02,A:e,15.857434096
17626,USGS,01351500,1988-01-03,A:e,15.007928698
17627,USGS,01351500,1988-01-04,A:e,14.1584233
17628,USGS,01351500,1988-01-05,A:e,12.74258097
17629,USGS,01351500,1988-01-06,A:e,11.893075572
17630,USGS,01351500,1988-01-07,A:e,11.043570174000001
17631,USGS,01351500,1988-01-08,A:e,10.194064776000001
17632,USGS,01351500,1988-01-09,A:e,9.344559378
17633,USGS,01351500,1988-01-10,A:e,8.778222446000001
17634,USGS,01351500,1988-01-11,A:e,8.211885514
17635,USGS,01351500,1988-01-12,A:e,7.928717048
17636,USGS,01351500,1988-01-13,A:e,7.645548582
17637,USGS,01351500,1988-01-14,A:e,7.362380116000001
17638,USGS,01351500,1988-01-15,A:e,7.07921165
17639,USGS,01351500,1988-01-16,A:e,7.07921165
17640,USGS,01351500,1988-01-17,A:e,8.49505398
17641,USGS,01351500,1988-01-18,A:e,11.32673864
17642,USGS,01351500,1988-01-19,A:e,39.64358524
17643,USGS,01351500,1988-01-20,A:e,67.96043184
17644,USGS,01351500,1988-01-21,A:e,62.297062520000004
17645,USGS,01351500,1988-01-22,A:e,53.80200854
17646,USGS,01351500,1988-01-23,A,43.324775298
17647,USGS,01351500,1988-01-24,A,39.360416774
17648,USGS,01351500,1988-01-25,A,36.81190058
17649,USGS,01351500,1988-01-26,A:e,33.98021592
17650,USGS,01351500,1988-01-27,A:e,33.98021592
17651,USGS,01351500,1988-01-28,A:e,31.148531260000002
17652,USGS,01351500,1988-01-29,A:e,31.148531260000002
17653,USGS,01351500,1988-01-30,A:e,31.148531260000002
17654,USGS,01351500,1988-01-31,A:e,33.98021592
17655,USGS,01351500,1988-02-01,A:e,56.6336932
17656,USGS,01351500,1988-02-02,A:e,135.92086368
17657,USGS,01351500,1988-02-03,A,101.374310828
17658,USGS,01351500,1988-02-04,A,52.952503142000005
17659,USGS,01351500,1988-02-05,A:e,41.059427570000004
17660,USGS,01351500,1988-02-06,A:e,33.98021592
17661,USGS,01351500,1988-02-07,A:e,28.3168466
17662,USGS,01351500,1988-02-08,A:e,25.48516194
17663,USGS,01351500,1988-02-09,A:e,24.06931961
17664,USGS,01351500,1988-02-10,A:e,22.65347728
17665,USGS,01351500,1988-02-11,A:e,20.671298018
17666,USGS,01351500,1988-02-12,A:e,19.255455688
17667,USGS,01351500,1988-02-13,A:e,18.122781824
17668,USGS,01351500,1988-02-14,A:e,17.556444892000002
17669,USGS,01351500,1988-02-15,A:e,16.706939494
17670,USGS,01351500,1988-02-16,A:e,18.689118756
17671,USGS,01351500,1988-02-17,A:e,20.388129552000002
17672,USGS,01351500,1988-02-18,A:e,19.82179262
17673,USGS,01351500,1988-02-19,A:e,19.255455688
17674,USGS,01351500,1988-02-20,A:e,18.689118756
17675,USGS,01351500,1988-02-21,A:e,31.148531260000002
17676,USGS,01351500,1988-02-22,A:e,22.087140348000002
17677,USGS,01351500,1988-02-23,A:e,19.82179262
17678,USGS,01351500,1988-02-24,A:e,18.122781824
17679,USGS,01351500,1988-02-25,A:e,16.423771028
17680,USGS,01351500,1988-02-26,A:e,15.007928698
17681,USGS,01351500,1988-02-27,A:e,13.875254834
17682,USGS,01351500,1988-02-28,A:e,13.308917902000001
17683,USGS,01351500,1988-02-29,A:e,12.74258097
17684,USGS,01351500,1988-03-01,A:e,12.176244038
17685,USGS,01351500,1988-03-02,A:e,11.043570174000001
17686,USGS,01351500,1988-03-03,A:e,10.477233242
17687,USGS,01351500,1988-03-04,A:e,10.477233242
17688,USGS,01351500,1988-03-05,A:e,11.32673864
17689,USGS,01351500,1988-03-06,A:e,12.459412504
17690,USGS,01351500,1988-03-07,A:e,14.1584233
17691,USGS,01351500,1988-03-08,A:e,17.556444892000002
17692,USGS,01351500,1988-03-09,A:e,24.352488076
17693,USGS,01351500,1988-03-10,A:e,82.11885514000001
17694,USGS,01351500,1988-03-11,A,71.075284966
17695,USGS,01351500,1988-03-12,A,53.235671608000004
17696,USGS,01351500,1988-03-13,A,50.120818482000004
17697,USGS,01351500,1988-03-14,A,63.429736384
17698,USGS,01351500,1988-03-15,A,54.085177006
17699,USGS,01351500,1988-03-16,A,40.776259104000005
17700,USGS,01351500,1988-03-17,A,35.962395182
17701,USGS,01351500,1988-03-18,A,32.56437359
17702,USGS,01351500,1988-03-19,A,30.865362794
17703,USGS,01351500,1988-03-20,A,26.1647662584
17704,USGS,01351500,1988-03-21,A:e,19.82179262
17705,USGS,01351500,1988-03-22,A:e,13.025749436
17706,USGS,01351500,1988-03-23,A,15.6025824766
17707,USGS,01351500,1988-03-24,A,25.5134787866
17708,USGS,01351500,1988-03-25,A,68.809937238
17709,USGS,01351500,1988-03-26,A,265.612021108
17710,USGS,01351500,1988-03-27,A,286.00015066000003
17711,USGS,01351500,1988-03-28,A,152.627803174
17712,USGS,01351500,1988-03-29,A,100.52480543
17713,USGS,01351500,1988-03-30,A,81.55251820800001
17714,USGS,01351500,1988-03-31,A,68.526768772
17715,USGS,01351500,1988-04-01,A,64.845578714
17716,USGS,01351500,1988-04-02,A,71.358453432
17717,USGS,01351500,1988-04-03,A,63.429736384
17718,USGS,01351500,1988-04-04,A,68.809937238
17719,USGS,01351500,1988-04-05,A,63.71290485
17720,USGS,01351500,1988-04-06,A,54.085177006
17721,USGS,01351500,1988-04-07,A,46.72279689
17722,USGS,01351500,1988-04-08,A,41.908932968
17723,USGS,01351500,1988-04-09,A,36.528732114
17724,USGS,01351500,1988-04-10,A,31.714868192
17725,USGS,01351500,1988-04-11,A,27.523974895200002
17726,USGS,01351500,1988-04-12,A,26.476251571000002
17727,USGS,01351500,1988-04-13,A,24.06931961
17728,USGS,01351500,1988-04-14,A,21.0111001772
17729,USGS,01351500,1988-04-15,A,15.829117249400001
17730,USGS,01351500,1988-04-16,A,16.565355261
17731,USGS,01351500,1988-04-17,A,14.9512950048
17732,USGS,01351500,1988-04-18,A,13.2239673622
17733,USGS,01351500,1988-04-19,A,13.2239673622
17734,USGS,01351500,1988-04-20,A,11.893075572
17735,USGS,01351500,1988-04-21,A,10.7320848614
17736,USGS,01351500,1988-04-22,A,10.0241636964
17737,USGS,01351500,1988-04-23,A,9.033074065400001
17738,USGS,01351500,1988-04-24,A,10.335649009
17739,USGS,01351500,1988-04-25,A,11.5532734128
17740,USGS,01351500,1988-04-26,A,10.335649009
17741,USGS,01351500,1988-04-27,A,9.287925684800001
17742,USGS,01351500,1988-04-28,A,65.411915646
17743,USGS,01351500,1988-04-29,A,61.730725588
17744,USGS,01351500,1988-04-30,A,38.22774291
17745,USGS,01351500,1988-05-01,A,30.015857396
17746,USGS,01351500,1988-05-02,A,25.8532809458
17747,USGS,01351500,1988-05-03,A,24.1825869964
17748,USGS,01351500,1988-05-04,A,21.5491202626
17749,USGS,01351500,1988-05-05,A,19.0855546084
17750,USGS,01351500,1988-05-06,A,17.4714943522
17751,USGS,01351500,1988-05-07,A,19.82179262
17752,USGS,01351500,1988-05-08,A,17.1883258862
17753,USGS,01351500,1988-05-09,A,13.9885222204
17754,USGS,01351500,1988-05-10,A,12.2611945778
17755,USGS,01351500,1988-05-11,A,11.609907106
17756,USGS,01351500,1988-05-12,A,11.2134712536
17757,USGS,01351500,1988-05-13,A,10.335649009
17758,USGS,01351500,1988-05-14,A,10.477233242
17759,USGS,01351500,1988-05-15,A,10.1091142362
17760,USGS,01351500,1988-05-16,A,8.8065392926
17761,USGS,01351500,1988-05-17,A,9.3728762246
17762,USGS,01351500,1988-05-18,A,10.1657479294
17763,USGS,01351500,1988-05-19,A,14.2716906864
17764,USGS,01351500,1988-05-20,A,72.20795883
17765,USGS,01351500,1988-05-21,A,150.928792378
17766,USGS,01351500,1988-05-22,A,152.344634708
17767,USGS,01351500,1988-05-23,A,100.80797389600001
17768,USGS,01351500,1988-05-24,A,92.02975145
17769,USGS,01351500,1988-05-25,A,141.584233
17770,USGS,01351500,1988-05-26,A,224.835762004
17771,USGS,01351500,1988-05-27,A,126.293135836
17772,USGS,01351500,1988-05-28,A,95.994109974
17773,USGS,01351500,1988-05-29,A,72.77429576200001
17774,USGS,01351500,1988-05-30,A,58.615872462
17775,USGS,01351500,1988-05-31,A,46.439628424
17776,USGS,01351500,1988-06-01,A,39.64358524
17777,USGS,01351500,1988-06-02,A,37.661405978
17778,USGS,01351500,1988-06-03,A,30.582194328
17779,USGS,01351500,1988-06-04,A,24.8621913148
17780,USGS,01351500,1988-06-05,A,17.9528807444
17781,USGS,01351500,1988-06-06,A,11.7231744924
17782,USGS,01351500,1988-06-07,A,9.7126783838
17783,USGS,01351500,1988-06-08,A,8.7499055994
17784,USGS,01351500,1988-06-09,A,7.815449661600001
17785,USGS,01351500,1988-06-10,A,6.8243600306
17786,USGS,01351500,1988-06-11,A,6.0314883258
17787,USGS,01351500,1988-06-12,A,5.6067356268
17788,USGS,01351500,1988-06-13,A,5.0687155414000005
17789,USGS,01351500,1988-06-14,A,4.5590123026
17790,USGS,01351500,1988-06-15,A,4.0493090638
17791,USGS,01351500,1988-06-16,A,3.6245563648
17792,USGS,01351500,1988-06-17,A,3.3697047454
17793,USGS,01351500,1988-06-18,A,3.256437359
17794,USGS,01351500,1988-06-19,A,3.0865362794
17795,USGS,01351500,1988-06-20,A,2.7750509668000003
17796,USGS,01351500,1988-06-21,A,2.4918825008
17797,USGS,01351500,1988-06-22,A,2.3219814212000003
17798,USGS,01351500,1988-06-23,A,2.6334667338
17799,USGS,01351500,1988-06-24,A,2.5485161940000003
17800,USGS,01351500,1988-06-25,A,2.3502982678
17801,USGS,01351500,1988-06-26,A,2.1520803416
17802,USGS,01351500,1988-06-27,A,1.9538624154000002
17803,USGS,01351500,1988-06-28,A,1.8122781824
17804,USGS,01351500,1988-06-29,A,1.6423771028
17805,USGS,01351500,1988-06-30,A,1.5007928698000002
17806,USGS,01351500,1988-07-01,A,1.4724760232
17807,USGS,01351500,1988-07-02,A,1.6140602562000002
17808,USGS,01351500,1988-07-03,A,1.6423771028
17809,USGS,01351500,1988-07-04,A,1.557426563
17810,USGS,01351500,1988-07-05,A,1.41584233
17811,USGS,01351500,1988-07-06,A,1.3025749436
17812,USGS,01351500,1988-07-07,A,1.1893075572
17813,USGS,01351500,1988-07-08,A,1.0760401708
17814,USGS,01351500,1988-07-09,A,0.991089631
17815,USGS,01351500,1988-07-10,A,0.9344559378
17816,USGS,01351500,1988-07-11,A,0.8778222446
17817,USGS,01351500,1988-07-12,A,0.849505398
17818,USGS,01351500,1988-07-13,A,0.7928717048
17819,USGS,01351500,1988-07-14,A,0.9061390912
17820,USGS,01351500,1988-07-15,A,1.0477233242000001
17821,USGS,01351500,1988-07-16,A,1.2742580970000001
17822,USGS,01351500,1988-07-17,A,1.2742580970000001
17823,USGS,01351500,1988-07-18,A,1.3308917902
17824,USGS,01351500,1988-07-19,A,1.2742580970000001
17825,USGS,01351500,1988-07-20,A,1.1609907106000001
17826,USGS,01351500,1988-07-21,A,1.5857434096
17827,USGS,01351500,1988-07-22,A,4.8988144618
17828,USGS,01351500,1988-07-23,A,4.8704976152
17829,USGS,01351500,1988-07-24,A,3.7095069046
17830,USGS,01351500,1988-07-25,A,3.3413878988
17831,USGS,01351500,1988-07-26,A,2.9166351998
17832,USGS,01351500,1988-07-27,A,2.406931961
17833,USGS,01351500,1988-07-28,A,2.0388129552
17834,USGS,01351500,1988-07-29,A,1.8122781824
17835,USGS,01351500,1988-07-30,A,1.6140602562000002
17836,USGS,01351500,1988-07-31,A,1.4441591766
17837,USGS,01351500,1988-08-01,A,1.2459412504
17838,USGS,01351500,1988-08-02,A,1.1609907106000001
17839,USGS,01351500,1988-08-03,A,1.1893075572
17840,USGS,01351500,1988-08-04,A,1.0760401708
17841,USGS,01351500,1988-08-05,A,0.9627727844
17842,USGS,01351500,1988-08-06,A,0.9061390912
17843,USGS,01351500,1988-08-07,A,0.8211885514
17844,USGS,01351500,1988-08-08,A,0.7645548582
17845,USGS,01351500,1988-08-09,A,0.7645548582
17846,USGS,01351500,1988-08-10,A,0.8211885514
17847,USGS,01351500,1988-08-11,A,0.7928717048
17848,USGS,01351500,1988-08-12,A,0.7362380116
17849,USGS,01351500,1988-08-13,A,0.707921165
17850,USGS,01351500,1988-08-14,A,0.6796043184
17851,USGS,01351500,1988-08-15,A,0.707921165
17852,USGS,01351500,1988-08-16,A,0.7645548582
17853,USGS,01351500,1988-08-17,A,0.6796043184
17854,USGS,01351500,1988-08-18,A,0.6229706252
17855,USGS,01351500,1988-08-19,A,0.566336932
17856,USGS,01351500,1988-08-20,A,0.5380200854
17857,USGS,01351500,1988-08-21,A,0.5097032388
17858,USGS,01351500,1988-08-22,A,0.4813863922
17859,USGS,01351500,1988-08-23,A,0.4530695456
17860,USGS,01351500,1988-08-24,A,0.6796043184
17861,USGS,01351500,1988-08-25,A,0.6796043184
17862,USGS,01351500,1988-08-26,A,0.6512874718
17863,USGS,01351500,1988-08-27,A,0.6796043184
17864,USGS,01351500,1988-08-28,A,0.991089631
17865,USGS,01351500,1988-08-29,A,18.5192176764
17866,USGS,01351500,1988-08-30,A,39.077248308
17867,USGS,01351500,1988-08-31,A,13.167333669
17868,USGS,01351500,1988-09-01,A,6.6827757976
17869,USGS,01351500,1988-09-02,A,4.4174280696
17870,USGS,01351500,1988-09-03,A,3.256437359
17871,USGS,01351500,1988-09-04,A,3.0865362794
17872,USGS,01351500,1988-09-05,A,4.7005965356
17873,USGS,01351500,1988-09-06,A,4.3324775298
17874,USGS,01351500,1988-09-07,A,3.398021592
17875,USGS,01351500,1988-09-08,A,2.6617835804
17876,USGS,01351500,1988-09-09,A,2.2087140348
17877,USGS,01351500,1988-09-10,A,1.8972287222
17878,USGS,01351500,1988-09-11,A,1.557426563
17879,USGS,01351500,1988-09-12,A,1.3308917902
17880,USGS,01351500,1988-09-13,A,1.3592086368
17881,USGS,01351500,1988-09-14,A,1.3592086368
17882,USGS,01351500,1988-09-15,A,1.2459412504
17883,USGS,01351500,1988-09-16,A,1.0477233242000001
17884,USGS,01351500,1988-09-17,A,1.0477233242000001
17885,USGS,01351500,1988-09-18,A,1.3308917902
17886,USGS,01351500,1988-09-19,A,1.8122781824
17887,USGS,01351500,1988-09-20,A,2.2370308814
17888,USGS,01351500,1988-09-21,A,2.0104961086
17889,USGS,01351500,1988-09-22,A,1.9255455688
17890,USGS,01351500,1988-09-23,A,1.9538624154000002
17891,USGS,01351500,1988-09-24,A,1.9255455688
17892,USGS,01351500,1988-09-25,A,1.8405950290000002
17893,USGS,01351500,1988-09-26,A,1.7839613358
17894,USGS,01351500,1988-09-27,A,1.5857434096
17895,USGS,01351500,1988-09-28,A,1.6706939494
17896,USGS,01351500,1988-09-29,A,1.3308917902
17897,USGS,01351500,1988-09-30,A,1.2742580970000001
17898,USGS,01351500,1988-10-01,A,1.2176244038
17899,USGS,01351500,1988-10-02,A,1.132673864
17900,USGS,01351500,1988-10-03,A,1.0194064776
17901,USGS,01351500,1988-10-04,A,0.9627727844
17902,USGS,01351500,1988-10-05,A,0.9627727844
17903,USGS,01351500,1988-10-06,A,0.9344559378
17904,USGS,01351500,1988-10-07,A,0.849505398
17905,USGS,01351500,1988-10-08,A,0.8211885514
17906,USGS,01351500,1988-10-09,A,0.8211885514
17907,USGS,01351500,1988-10-10,A,0.8211885514
17908,USGS,01351500,1988-10-11,A,0.849505398
17909,USGS,01351500,1988-10-12,A,0.8211885514
17910,USGS,01351500,1988-10-13,A,0.8211885514
17911,USGS,01351500,1988-10-14,A,0.7928717048
17912,USGS,01351500,1988-10-15,A,0.7928717048
17913,USGS,01351500,1988-10-16,A,0.7928717048
17914,USGS,01351500,1988-10-17,A,0.7928717048
17915,USGS,01351500,1988-10-18,A,0.7645548582
17916,USGS,01351500,1988-10-19,A,0.7645548582
17917,USGS,01351500,1988-10-20,A,0.7362380116
17918,USGS,01351500,1988-10-21,A,0.7362380116
17919,USGS,01351500,1988-10-22,A,1.0477233242000001
17920,USGS,01351500,1988-10-23,A,7.503964349
17921,USGS,01351500,1988-10-24,A,7.6738654286
17922,USGS,01351500,1988-10-25,A,6.4279241782000005
17923,USGS,01351500,1988-10-26,A,5.5784187802
17924,USGS,01351500,1988-10-27,A,4.6156459958000005
17925,USGS,01351500,1988-10-28,A,3.9926753706
17926,USGS,01351500,1988-10-29,A,3.822774291
17927,USGS,01351500,1988-10-30,A,3.7095069046
17928,USGS,01351500,1988-10-31,A,3.3413878988
17929,USGS,01351500,1988-11-01,A,3.4263384386
17930,USGS,01351500,1988-11-02,A,18.1794155172
17931,USGS,01351500,1988-11-03,A,38.510911376
17932,USGS,01351500,1988-11-04,A,25.060409241000002
17933,USGS,01351500,1988-11-05,A,21.6057539558
17934,USGS,01351500,1988-11-06,A,78.154496616
17935,USGS,01351500,1988-11-07,A,56.067356268000005
17936,USGS,01351500,1988-11-08,A,36.245563648
17937,USGS,01351500,1988-11-09,A,27.608925435
17938,USGS,01351500,1988-11-10,A,23.0499131324
17939,USGS,01351500,1988-11-11,A,19.4536736142
17940,USGS,01351500,1988-11-12,A,16.650305800800002
17941,USGS,01351500,1988-11-13,A,15.319414010600001
17942,USGS,01351500,1988-11-14,A,26.5895189574
17943,USGS,01351500,1988-11-15,A,21.803971882
17944,USGS,01351500,1988-11-16,A,17.839613358
17945,USGS,01351500,1988-11-17,A,19.7368420802
17946,USGS,01351500,1988-11-18,A,25.48516194
17947,USGS,01351500,1988-11-19,A,20.133277932600002
17948,USGS,01351500,1988-11-20,A,25.711696712800002
17949,USGS,01351500,1988-11-21,A,101.091142362
17950,USGS,01351500,1988-11-22,A,57.483198598
17951,USGS,01351500,1988-11-23,A,38.794079842
17952,USGS,01351500,1988-11-24,A,30.865362794
17953,USGS,01351500,1988-11-25,A,26.5328852642
17954,USGS,01351500,1988-11-26,A,23.6728837576
17955,USGS,01351500,1988-11-27,A,22.1154571946
17956,USGS,01351500,1988-11-28,A,24.0976364566
17957,USGS,01351500,1988-11-29,A,25.315260860400002
17958,USGS,01351500,1988-11-30,A,20.784565404400002
17959,USGS,01351500,1988-12-01,A,17.4714943522
17960,USGS,01351500,1988-12-02,A,15.574265630000001
17961,USGS,01351500,1988-12-03,A,14.2433738398
17962,USGS,01351500,1988-12-04,A,13.3655515952
17963,USGS,01351500,1988-12-05,A,11.5532734128
17964,USGS,01351500,1988-12-06,A,11.1568375604
17965,USGS,01351500,1988-12-07,A,11.1285207138
17966,USGS,01351500,1988-12-08,A,10.901985941
17967,USGS,01351500,1988-12-09,A,10.1657479294
17968,USGS,01351500,1988-12-10,A:e,8.49505398
17969,USGS,01351500,1988-12-11,A:e,6.796043184
17970,USGS,01351500,1988-12-12,A:e,5.946537786
17971,USGS,01351500,1988-12-13,A:e,5.097032388000001
17972,USGS,01351500,1988-12-14,A:e,4.813863922
17973,USGS,01351500,1988-12-15,A:e,4.813863922
17974,USGS,01351500,1988-12-16,A:e,4.813863922
17975,USGS,01351500,1988-12-17,A:e,4.813863922
17976,USGS,01351500,1988-12-18,A:e,4.530695456
17977,USGS,01351500,1988-12-19,A:e,4.530695456
17978,USGS,01351500,1988-12-20,A:e,4.530695456
17979,USGS,01351500,1988-12-21,A:e,4.813863922
17980,USGS,01351500,1988-12-22,A:e,5.66336932
17981,USGS,01351500,1988-12-23,A:e,5.097032388000001
17982,USGS,01351500,1988-12-24,A:e,5.097032388000001
17983,USGS,01351500,1988-12-25,A:e,9.344559378
17984,USGS,01351500,1988-12-26,A:e,7.928717048
17985,USGS,01351500,1988-12-27,A:e,6.512874718
17986,USGS,01351500,1988-12-28,A:e,7.07921165
17987,USGS,01351500,1988-12-29,A:e,12.74258097
17988,USGS,01351500,1988-12-30,A:e,9.91089631
17989,USGS,01351500,1988-12-31,A:e,8.778222446000001
17990,USGS,01351500,1989-01-01,A:e,7.928717048
17991,USGS,01351500,1989-01-02,A:e,7.07921165
17992,USGS,01351500,1989-01-03,A:e,6.796043184
17993,USGS,01351500,1989-01-04,A:e,6.229706252
17994,USGS,01351500,1989-01-05,A:e,5.946537786
17995,USGS,01351500,1989-01-06,A:e,5.66336932
17996,USGS,01351500,1989-01-07,A:e,5.66336932
17997,USGS,01351500,1989-01-08,A:e,5.66336932
17998,USGS,01351500,1989-01-09,A:e,6.796043184
17999,USGS,01351500,1989-01-10,A:e,5.66336932
18000,USGS,01351500,1989-01-11,A:e,5.380200854
18001,USGS,01351500,1989-01-12,A:e,5.380200854
18002,USGS,01351500,1989-01-13,A:e,5.66336932
18003,USGS,01351500,1989-01-14,A:e,6.229706252
18004,USGS,01351500,1989-01-15,A:e,7.07921165
18005,USGS,01351500,1989-01-16,A:e,7.645548582
18006,USGS,01351500,1989-01-17,A:e,7.07921165
18007,USGS,01351500,1989-01-18,A:e,6.229706252
18008,USGS,01351500,1989-01-19,A:e,5.66336932
18009,USGS,01351500,1989-01-20,A:e,5.380200854
18010,USGS,01351500,1989-01-21,A:e,5.380200854
18011,USGS,01351500,1989-01-22,A:e,5.380200854
18012,USGS,01351500,1989-01-23,A:e,5.097032388000001
18013,USGS,01351500,1989-01-24,A:e,5.097032388000001
18014,USGS,01351500,1989-01-25,A:e,5.097032388000001
18015,USGS,01351500,1989-01-26,A:e,5.66336932
18016,USGS,01351500,1989-01-27,A:e,8.49505398
18017,USGS,01351500,1989-01-28,A:e,6.512874718
18018,USGS,01351500,1989-01-29,A:e,6.229706252
18019,USGS,01351500,1989-01-30,A:e,6.229706252
18020,USGS,01351500,1989-01-31,A:e,7.362380116000001
18021,USGS,01351500,1989-02-01,A:e,8.49505398
18022,USGS,01351500,1989-02-02,A:e,11.32673864
18023,USGS,01351500,1989-02-03,A:e,9.344559378
18024,USGS,01351500,1989-02-04,A:e,7.928717048
18025,USGS,01351500,1989-02-05,A:e,7.07921165
18026,USGS,01351500,1989-02-06,A:e,6.512874718
18027,USGS,01351500,1989-02-07,A:e,5.946537786
18028,USGS,01351500,1989-02-08,A:e,5.380200854
18029,USGS,01351500,1989-02-09,A:e,5.097032388000001
18030,USGS,01351500,1989-02-10,A:e,4.813863922
18031,USGS,01351500,1989-02-11,A:e,4.530695456
18032,USGS,01351500,1989-02-12,A:e,4.530695456
18033,USGS,01351500,1989-02-13,A:e,4.530695456
18034,USGS,01351500,1989-02-14,A:e,4.530695456
18035,USGS,01351500,1989-02-15,A:e,7.07921165
18036,USGS,01351500,1989-02-16,A:e,9.91089631
18037,USGS,01351500,1989-02-17,A:e,6.512874718
18038,USGS,01351500,1989-02-18,A:e,5.380200854
18039,USGS,01351500,1989-02-19,A:e,5.097032388000001
18040,USGS,01351500,1989-02-20,A:e,5.097032388000001
18041,USGS,01351500,1989-02-21,A:e,33.98021592
18042,USGS,01351500,1989-02-22,A:e,62.297062520000004
18043,USGS,01351500,1989-02-23,A:e,20.954466484
18044,USGS,01351500,1989-02-24,A:e,11.32673864
18045,USGS,01351500,1989-02-25,A:e,8.49505398
18046,USGS,01351500,1989-02-26,A:e,7.07921165
18047,USGS,01351500,1989-02-27,A:e,5.946537786
18048,USGS,01351500,1989-02-28,A:e,5.380200854
18049,USGS,01351500,1989-03-01,A:e,4.813863922
18050,USGS,01351500,1989-03-02,A:e,4.530695456
18051,USGS,01351500,1989-03-03,A:e,4.24752699
18052,USGS,01351500,1989-03-04,A:e,4.24752699
18053,USGS,01351500,1989-03-05,A:e,4.530695456
18054,USGS,01351500,1989-03-06,A:e,6.512874718
18055,USGS,01351500,1989-03-07,A:e,5.380200854
18056,USGS,01351500,1989-03-08,A:e,4.813863922
18057,USGS,01351500,1989-03-09,A:e,3.964358524
18058,USGS,01351500,1989-03-10,A:e,3.6811900580000003
18059,USGS,01351500,1989-03-11,A:e,3.398021592
18060,USGS,01351500,1989-03-12,A:e,3.398021592
18061,USGS,01351500,1989-03-13,A:e,3.114853126
18062,USGS,01351500,1989-03-14,A:e,5.097032388000001
18063,USGS,01351500,1989-03-15,A:e,19.82179262
18064,USGS,01351500,1989-03-16,A,25.626746173
18065,USGS,01351500,1989-03-17,A,12.0629766516
18066,USGS,01351500,1989-03-18,A,9.5427773042
18067,USGS,01351500,1989-03-19,A,10.5621837818
18068,USGS,01351500,1989-03-20,A,8.2402023606
18069,USGS,01351500,1989-03-21,A,7.362380116000001
18070,USGS,01351500,1989-03-22,A,6.4279241782000005
18071,USGS,01351500,1989-03-23,A,5.7483198598000005
18072,USGS,01351500,1989-03-24,A,6.0598051724
18073,USGS,01351500,1989-03-25,A,11.3833723332
18074,USGS,01351500,1989-03-26,A,41.908932968
18075,USGS,01351500,1989-03-27,A,52.669334676
18076,USGS,01351500,1989-03-28,A,53.235671608000004
18077,USGS,01351500,1989-03-29,A,57.200030132
18078,USGS,01351500,1989-03-30,A,87.215887528
18079,USGS,01351500,1989-03-31,A,142.716906864
18080,USGS,01351500,1989-04-01,A,107.887185546
18081,USGS,01351500,1989-04-02,A,65.411915646
18082,USGS,01351500,1989-04-03,A,50.403986948000004
18083,USGS,01351500,1989-04-04,A,58.332703996
18084,USGS,01351500,1989-04-05,A,78.720833548
18085,USGS,01351500,1989-04-06,A,80.419844344
18086,USGS,01351500,1989-04-07,A,100.24163696400001
18087,USGS,01351500,1989-04-08,A,67.11092644200001
18088,USGS,01351500,1989-04-09,A,51.536660812
18089,USGS,01351500,1989-04-10,A,47.289133822000004
18090,USGS,01351500,1989-04-11,A,40.776259104000005
18091,USGS,01351500,1989-04-12,A,35.112889784000004
18092,USGS,01351500,1989-04-13,A,31.431699726
18093,USGS,01351500,1989-04-14,A,30.582194328
18094,USGS,01351500,1989-04-15,A,28.600015066
18095,USGS,01351500,1989-04-16,A,45.590123026
18096,USGS,01351500,1989-04-17,A,54.934682404
18097,USGS,01351500,1989-04-18,A,43.891112230000005
18098,USGS,01351500,1989-04-19,A,36.528732114
18099,USGS,01351500,1989-04-20,A,30.299025862
18100,USGS,01351500,1989-04-21,A,26.9293211166
18101,USGS,01351500,1989-04-22,A,24.4374386158
18102,USGS,01351500,1989-04-23,A,21.520803416
18103,USGS,01351500,1989-04-24,A,19.1988219948
18104,USGS,01351500,1989-04-25,A,17.2166427328
18105,USGS,01351500,1989-04-26,A,16.0556520222
18106,USGS,01351500,1989-04-27,A,14.6114928456
18107,USGS,01351500,1989-04-28,A,13.1956505156
18108,USGS,01351500,1989-04-29,A,12.176244038
18109,USGS,01351500,1989-04-30,A,12.9691157428
18110,USGS,01351500,1989-05-01,A,13.7903042942
18111,USGS,01351500,1989-05-02,A,89.764403722
18112,USGS,01351500,1989-05-03,A,95.427773042
18113,USGS,01351500,1989-05-04,A,55.501019336
18114,USGS,01351500,1989-05-05,A,42.192101434
18115,USGS,01351500,1989-05-06,A,152.91097164
18116,USGS,01351500,1989-05-07,A,260.51498872
18117,USGS,01351500,1989-05-08,A,136.487200612
18118,USGS,01351500,1989-05-09,A,86.932719062
18119,USGS,01351500,1989-05-10,A,69.093105704
18120,USGS,01351500,1989-05-11,A,311.4853126
18121,USGS,01351500,1989-05-12,A,268.44370576800003
18122,USGS,01351500,1989-05-13,A,150.362455446
18123,USGS,01351500,1989-05-14,A,100.24163696400001
18124,USGS,01351500,1989-05-15,A,75.03964349
18125,USGS,01351500,1989-05-16,A,67.677263374
18126,USGS,01351500,1989-05-17,A,205.863474782
18127,USGS,01351500,1989-05-18,A,166.78622647400002
18128,USGS,01351500,1989-05-19,A,87.215887528
18129,USGS,01351500,1989-05-20,A,52.102997744
18130,USGS,01351500,1989-05-21,A,34.263384386
18131,USGS,01351500,1989-05-22,A,30.299025862
18132,USGS,01351500,1989-05-23,A,23.6728837576
18133,USGS,01351500,1989-05-24,A,19.878426313200002
18134,USGS,01351500,1989-05-25,A,24.7489239284
18135,USGS,01351500,1989-05-26,A,20.6996148646
18136,USGS,01351500,1989-05-27,A,25.343577707
18137,USGS,01351500,1989-05-28,A,19.9916936996
18138,USGS,01351500,1989-05-29,A,14.583175999
18139,USGS,01351500,1989-05-30,A,11.6382239526
18140,USGS,01351500,1989-05-31,A,11.4400060264
18141,USGS,01351500,1989-06-01,A,14.469908612600001
18142,USGS,01351500,1989-06-02,A,18.0378312842
18143,USGS,01351500,1989-06-03,A,21.096050717
18144,USGS,01351500,1989-06-04,A,16.1972362552
18145,USGS,01351500,1989-06-05,A,12.9691157428
18146,USGS,01351500,1989-06-06,A,18.320999750200002
18147,USGS,01351500,1989-06-07,A,28.600015066
18148,USGS,01351500,1989-06-08,A,21.8606055752
18149,USGS,01351500,1989-06-09,A,19.82179262
18150,USGS,01351500,1989-06-10,A,90.330740654
18151,USGS,01351500,1989-06-11,A,48.988144618
18152,USGS,01351500,1989-06-12,A,29.732688930000002
18153,USGS,01351500,1989-06-13,A,46.72279689
18154,USGS,01351500,1989-06-14,A,98.259457702
18155,USGS,01351500,1989-06-15,A,107.037680148
18156,USGS,01351500,1989-06-16,A,153.477308572
18157,USGS,01351500,1989-06-17,A,124.877293506
18158,USGS,01351500,1989-06-18,A,96.27727844
18159,USGS,01351500,1989-06-19,A,69.37627417
18160,USGS,01351500,1989-06-20,A,54.085177006
18161,USGS,01351500,1989-06-21,A,44.740617628
18162,USGS,01351500,1989-06-22,A,41.908932968
18163,USGS,01351500,1989-06-23,A,48.988144618
18164,USGS,01351500,1989-06-24,A,42.192101434
18165,USGS,01351500,1989-06-25,A,50.403986948000004
18166,USGS,01351500,1989-06-26,A,33.130710522
18167,USGS,01351500,1989-06-27,A,33.98021592
18168,USGS,01351500,1989-06-28,A,37.661405978
18169,USGS,01351500,1989-06-29,A,25.9382314856
18170,USGS,01351500,1989-06-30,A,20.4447632452
18171,USGS,01351500,1989-07-01,A,13.2806010554
18172,USGS,01351500,1989-07-02,A,11.4400060264
18173,USGS,01351500,1989-07-03,A,9.91089631
18174,USGS,01351500,1989-07-04,A,7.362380116000001
18175,USGS,01351500,1989-07-05,A,30.582194328
18176,USGS,01351500,1989-07-06,A,47.572302288
18177,USGS,01351500,1989-07-07,A,33.413878988
18178,USGS,01351500,1989-07-08,A,23.899418530400002
18179,USGS,01351500,1989-07-09,A,15.2061466242
18180,USGS,01351500,1989-07-10,A,15.9707014824
18181,USGS,01351500,1989-07-11,A,37.661405978
18182,USGS,01351500,1989-07-12,A,17.7546628182
18183,USGS,01351500,1989-07-13,A,12.9407988962
18184,USGS,01351500,1989-07-14,A,9.033074065400001
18185,USGS,01351500,1989-07-15,A,6.9659442636
18186,USGS,01351500,1989-07-16,A,5.6350524734
18187,USGS,01351500,1989-07-17,A,4.9271313084
18188,USGS,01351500,1989-07-18,A,4.4457449162
18189,USGS,01351500,1989-07-19,A,3.9926753706
18190,USGS,01351500,1989-07-20,A,3.8510911376
18191,USGS,01351500,1989-07-21,A,18.462583983200002
18192,USGS,01351500,1989-07-22,A,14.8097107718
18193,USGS,01351500,1989-07-23,A,9.0047572188
18194,USGS,01351500,1989-07-24,A,7.0508948034
18195,USGS,01351500,1989-07-25,A,5.7766367064
18196,USGS,01351500,1989-07-26,A,4.7005965356
18197,USGS,01351500,1989-07-27,A,4.0209922172
18198,USGS,01351500,1989-07-28,A,4.5873291492
18199,USGS,01351500,1989-07-29,A,6.1730725588
18200,USGS,01351500,1989-07-30,A,5.4934682404
18201,USGS,01351500,1989-07-31,A,4.3607943764
18202,USGS,01351500,1989-08-01,A,3.822774291
18203,USGS,01351500,1989-08-02,A,3.1431699726
18204,USGS,01351500,1989-08-03,A,2.7184172736
18205,USGS,01351500,1989-08-04,A,2.5768330406
18206,USGS,01351500,1989-08-05,A,2.6334667338
18207,USGS,01351500,1989-08-06,A,2.6617835804
18208,USGS,01351500,1989-08-07,A,2.5201993474
18209,USGS,01351500,1989-08-08,A,2.4635656542
18210,USGS,01351500,1989-08-09,A,2.4352488076
18211,USGS,01351500,1989-08-10,A,2.1803971882
18212,USGS,01351500,1989-08-11,A,1.8122781824
18213,USGS,01351500,1989-08-12,A,2.0104961086
18214,USGS,01351500,1989-08-13,A,2.7750509668000003
18215,USGS,01351500,1989-08-14,A,4.1625764502000004
18216,USGS,01351500,1989-08-15,A,4.0493090638
18217,USGS,01351500,1989-08-16,A,3.114853126
18218,USGS,01351500,1989-08-17,A,2.4635656542
18219,USGS,01351500,1989-08-18,A,2.0388129552
18220,USGS,01351500,1989-08-19,A,1.7839613358
18221,USGS,01351500,1989-08-20,A,1.6140602562000002
18222,USGS,01351500,1989-08-21,A,1.7839613358
18223,USGS,01351500,1989-08-22,A,2.6617835804
18224,USGS,01351500,1989-08-23,A,2.123763495
18225,USGS,01351500,1989-08-24,A,1.7273276426000002
18226,USGS,01351500,1989-08-25,A,1.41584233
18227,USGS,01351500,1989-08-26,A,1.2459412504
18228,USGS,01351500,1989-08-27,A,1.132673864
18229,USGS,01351500,1989-08-28,A,1.0760401708
18230,USGS,01351500,1989-08-29,A,1.0477233242000001
18231,USGS,01351500,1989-08-30,A,1.0477233242000001
18232,USGS,01351500,1989-08-31,A,0.991089631
18233,USGS,01351500,1989-09-01,A,0.9627727844
18234,USGS,01351500,1989-09-02,A,0.9627727844
18235,USGS,01351500,1989-09-03,A,0.9061390912
18236,USGS,01351500,1989-09-04,A,0.8778222446
18237,USGS,01351500,1989-09-05,A,0.849505398
18238,USGS,01351500,1989-09-06,A,0.7928717048
18239,USGS,01351500,1989-09-07,A,0.7362380116
18240,USGS,01351500,1989-09-08,A,0.7362380116
18241,USGS,01351500,1989-09-09,A,0.707921165
18242,USGS,01351500,1989-09-10,A,0.6796043184
18243,USGS,01351500,1989-09-11,A,0.6796043184
18244,USGS,01351500,1989-09-12,A,0.707921165
18245,USGS,01351500,1989-09-13,A,0.8211885514
18246,USGS,01351500,1989-09-14,A,0.8778222446
18247,USGS,01351500,1989-09-15,A,0.991089631
18248,USGS,01351500,1989-09-16,A,1.2459412504
18249,USGS,01351500,1989-09-17,A,2.4352488076
18250,USGS,01351500,1989-09-18,A,4.105942757
18251,USGS,01351500,1989-09-19,A,3.2281205124000003
18252,USGS,01351500,1989-09-20,A,8.2685192072
18253,USGS,01351500,1989-09-21,A,14.1301064534
18254,USGS,01351500,1989-09-22,A,7.7021822752
18255,USGS,01351500,1989-09-23,A,5.9748546326000005
18256,USGS,01351500,1989-09-24,A,5.8332703996
18257,USGS,01351500,1989-09-25,A,5.3235671608
18258,USGS,01351500,1989-09-26,A,4.4174280696
18259,USGS,01351500,1989-09-27,A,3.7378237512
18260,USGS,01351500,1989-09-28,A,3.1998036658
18261,USGS,01351500,1989-09-29,A,2.8600015066
18262,USGS,01351500,1989-09-30,A,2.4352488076
18263,USGS,01351500,1989-10-01,A,2.2370308814
18264,USGS,01351500,1989-10-02,A,2.1520803416
18265,USGS,01351500,1989-10-03,A,2.1803971882
18266,USGS,01351500,1989-10-04,A,2.3219814212000003
18267,USGS,01351500,1989-10-05,A,2.1520803416
18268,USGS,01351500,1989-10-06,A,2.0388129552
18269,USGS,01351500,1989-10-07,A,1.9538624154000002
18270,USGS,01351500,1989-10-08,A,1.7839613358
18271,USGS,01351500,1989-10-09,A,1.7273276426000002
18272,USGS,01351500,1989-10-10,A,1.5857434096
18273,USGS,01351500,1989-10-11,A,1.5857434096
18274,USGS,01351500,1989-10-12,A,1.5857434096
18275,USGS,01351500,1989-10-13,A,1.557426563
18276,USGS,01351500,1989-10-14,A,1.5007928698000002
18277,USGS,01351500,1989-10-15,A,3.1998036658
18278,USGS,01351500,1989-10-16,A,8.8348561392
18279,USGS,01351500,1989-10-17,A,7.4190138092
18280,USGS,01351500,1989-10-18,A,31.998036658
18281,USGS,01351500,1989-10-19,A,24.7206070818
18282,USGS,01351500,1989-10-20,A,80.70301281
18283,USGS,01351500,1989-10-21,A,216.057539558
18284,USGS,01351500,1989-10-22,A,121.47927191400001
18285,USGS,01351500,1989-10-23,A,102.223816226
18286,USGS,01351500,1989-10-24,A,74.756475024
18287,USGS,01351500,1989-10-25,A,56.350524734000004
18288,USGS,01351500,1989-10-26,A,47.289133822000004
18289,USGS,01351500,1989-10-27,A,37.661405978
18290,USGS,01351500,1989-10-28,A,31.998036658
18291,USGS,01351500,1989-10-29,A,25.909914639
18292,USGS,01351500,1989-10-30,A,23.927735377
18293,USGS,01351500,1989-10-31,A,23.0215962858
18294,USGS,01351500,1989-11-01,A,30.582194328
18295,USGS,01351500,1989-11-02,A,53.235671608000004
18296,USGS,01351500,1989-11-03,A,35.962395182
18297,USGS,01351500,1989-11-04,A,33.98021592
18298,USGS,01351500,1989-11-05,A,27.7221928214
18299,USGS,01351500,1989-11-06,A,24.7206070818
18300,USGS,01351500,1989-11-07,A,25.7966472526
18301,USGS,01351500,1989-11-08,A,22.7101109732
18302,USGS,01351500,1989-11-09,A,29.166351998
18303,USGS,01351500,1989-11-10,A,56.067356268000005
18304,USGS,01351500,1989-11-11,A,46.72279689
18305,USGS,01351500,1989-11-12,A,35.679226716
18306,USGS,01351500,1989-11-13,A,30.582194328
18307,USGS,01351500,1989-11-14,A,28.600015066
18308,USGS,01351500,1989-11-15,A,25.768330406
18309,USGS,01351500,1989-11-16,A,28.288529753400002
18310,USGS,01351500,1989-11-17,A,73.62380116
18311,USGS,01351500,1989-11-18,A,55.21785087
18312,USGS,01351500,1989-11-19,A,38.794079842
18313,USGS,01351500,1989-11-20,A,32.56437359
18314,USGS,01351500,1989-11-21,A,51.253492346
18315,USGS,01351500,1989-11-22,A,38.794079842
18316,USGS,01351500,1989-11-23,A,30.582194328
18317,USGS,01351500,1989-11-24,A,25.315260860400002
18318,USGS,01351500,1989-11-25,A,23.0215962858
18319,USGS,01351500,1989-11-26,A,22.1720908878
18320,USGS,01351500,1989-11-27,A,26.4479347244
18321,USGS,01351500,1989-11-28,A,25.570112479800002
18322,USGS,01351500,1989-11-29,A,24.777240775
18323,USGS,01351500,1989-11-30,A,19.2837725346
18324,USGS,01351500,1989-12-01,A:e,12.459412504
18325,USGS,01351500,1989-12-02,A:e,8.778222446000001
18326,USGS,01351500,1989-12-03,A:e,8.778222446000001
18327,USGS,01351500,1989-12-04,A:e,6.796043184
18328,USGS,01351500,1989-12-05,A:e,7.362380116000001
18329,USGS,01351500,1989-12-06,A:e,8.49505398
18330,USGS,01351500,1989-12-07,A:e,9.344559378
18331,USGS,01351500,1989-12-08,A:e,7.928717048
18332,USGS,01351500,1989-12-09,A:e,7.362380116000001
18333,USGS,01351500,1989-12-10,A:e,6.796043184
18334,USGS,01351500,1989-12-11,A:e,5.380200854
18335,USGS,01351500,1989-12-12,A:e,5.097032388000001
18336,USGS,01351500,1989-12-13,A:e,4.813863922
18337,USGS,01351500,1989-12-14,A:e,3.6811900580000003
18338,USGS,01351500,1989-12-15,A:e,3.964358524
18339,USGS,01351500,1989-12-16,A:e,3.398021592
18340,USGS,01351500,1989-12-17,A:e,3.114853126
18341,USGS,01351500,1989-12-18,A:e,3.398021592
18342,USGS,01351500,1989-12-19,A:e,3.398021592
18343,USGS,01351500,1989-12-20,A:e,3.114853126
18344,USGS,01351500,1989-12-21,A:e,2.83168466
18345,USGS,01351500,1989-12-22,A:e,2.83168466
18346,USGS,01351500,1989-12-23,A:e,2.7750509668000003
18347,USGS,01351500,1989-12-24,A:e,2.6051498872
18348,USGS,01351500,1989-12-25,A:e,2.6617835804
18349,USGS,01351500,1989-12-26,A:e,2.6051498872
18350,USGS,01351500,1989-12-27,A:e,2.5485161940000003
18351,USGS,01351500,1989-12-28,A:e,2.4635656542
18352,USGS,01351500,1989-12-29,A:e,2.4635656542
18353,USGS,01351500,1989-12-30,A:e,2.3502982678
18354,USGS,01351500,1989-12-31,A:e,2.6051498872
18355,USGS,01351500,1990-01-01,A:e,10.477233242
18356,USGS,01351500,1990-01-02,A:e,19.82179262
18357,USGS,01351500,1990-01-03,A:e,8.49505398
18358,USGS,01351500,1990-01-04,A:e,9.91089631
18359,USGS,01351500,1990-01-05,A:e,15.857434096
18360,USGS,01351500,1990-01-06,A:e,8.211885514
18361,USGS,01351500,1990-01-07,A:e,9.061390912
18362,USGS,01351500,1990-01-08,A:e,7.928717048
18363,USGS,01351500,1990-01-09,A:e,4.24752699
18364,USGS,01351500,1990-01-10,A:e,4.24752699
18365,USGS,01351500,1990-01-11,A:e,4.530695456
18366,USGS,01351500,1990-01-12,A:e,4.24752699
18367,USGS,01351500,1990-01-13,A:e,3.964358524
18368,USGS,01351500,1990-01-14,A:e,3.6811900580000003
18369,USGS,01351500,1990-01-15,A:e,3.6811900580000003
18370,USGS,01351500,1990-01-16,A:e,3.964358524
18371,USGS,01351500,1990-01-17,A:e,4.530695456
18372,USGS,01351500,1990-01-18,A:e,22.370308814
18373,USGS,01351500,1990-01-19,A:e,14.724760232000001
18374,USGS,01351500,1990-01-20,A:e,8.778222446000001
18375,USGS,01351500,1990-01-21,A:e,7.7871328150000005
18376,USGS,01351500,1990-01-22,A:e,6.229706252
18377,USGS,01351500,1990-01-23,A:e,4.530695456
18378,USGS,01351500,1990-01-24,A:e,6.796043184
18379,USGS,01351500,1990-01-25,A:e,8.49505398
18380,USGS,01351500,1990-01-26,A:e,101.94064776
18381,USGS,01351500,1990-01-27,A:e,65.12874718
18382,USGS,01351500,1990-01-28,A:e,46.72279689
18383,USGS,01351500,1990-01-29,A,38.794079842
18384,USGS,01351500,1990-01-30,A,54.651513938
18385,USGS,01351500,1990-01-31,A,47.572302288
18386,USGS,01351500,1990-02-01,A,37.378237512
18387,USGS,01351500,1990-02-02,A,74.756475024
18388,USGS,01351500,1990-02-03,A:e,59.465377860000004
18389,USGS,01351500,1990-02-04,A:e,41.059427570000004
18390,USGS,01351500,1990-02-05,A:e,33.98021592
18391,USGS,01351500,1990-02-06,A:e,30.015857396
18392,USGS,01351500,1990-02-07,A:e,28.3168466
18393,USGS,01351500,1990-02-08,A:e,27.184172736
18394,USGS,01351500,1990-02-09,A,56.067356268000005
18395,USGS,01351500,1990-02-10,A,210.677338704
18396,USGS,01351500,1990-02-11,A,168.202068804
18397,USGS,01351500,1990-02-12,A,99.675300032
18398,USGS,01351500,1990-02-13,A,72.491127296
18399,USGS,01351500,1990-02-14,A,79.570338946
18400,USGS,01351500,1990-02-15,A,73.340632694
18401,USGS,01351500,1990-02-16,A,149.22978158200002
18402,USGS,01351500,1990-02-17,A,311.4853126
18403,USGS,01351500,1990-02-18,A,137.33670601
18404,USGS,01351500,1990-02-19,A,107.037680148
18405,USGS,01351500,1990-02-20,A,87.215887528
18406,USGS,01351500,1990-02-21,A,60.314883258
18407,USGS,01351500,1990-02-22,A,64.845578714
18408,USGS,01351500,1990-02-23,A,165.087215678
18409,USGS,01351500,1990-02-24,A,145.265423058
18410,USGS,01351500,1990-02-25,A,93.162425314
18411,USGS,01351500,1990-02-26,A,56.067356268000005
18412,USGS,01351500,1990-02-27,A,48.704976152
18413,USGS,01351500,1990-02-28,A,51.819829278
18414,USGS,01351500,1990-03-01,A,43.891112230000005
18415,USGS,01351500,1990-03-02,A,39.077248308
18416,USGS,01351500,1990-03-03,A,43.891112230000005
18417,USGS,01351500,1990-03-04,A:e,31.148531260000002
18418,USGS,01351500,1990-03-05,A:e,24.06931961
18419,USGS,01351500,1990-03-06,A:e,20.388129552000002
18420,USGS,01351500,1990-03-07,A:e,16.706939494
18421,USGS,01351500,1990-03-08,A,14.8946613116
18422,USGS,01351500,1990-03-09,A,14.3283243796
18423,USGS,01351500,1990-03-10,A,16.3105036416
18424,USGS,01351500,1990-03-11,A,30.865362794
18425,USGS,01351500,1990-03-12,A,159.99018329
18426,USGS,01351500,1990-03-13,A,180.944649774
18427,USGS,01351500,1990-03-14,A,151.211960844
18428,USGS,01351500,1990-03-15,A,116.09907106
18429,USGS,01351500,1990-03-16,A,92.02975145
18430,USGS,01351500,1990-03-17,A,87.78222446000001
18431,USGS,01351500,1990-03-18,A,122.611945778
18432,USGS,01351500,1990-03-19,A,91.746582984
18433,USGS,01351500,1990-03-20,A,120.063429584
18434,USGS,01351500,1990-03-21,A,120.629766516
18435,USGS,01351500,1990-03-22,A,112.417881002
18436,USGS,01351500,1990-03-23,A,197.085252336
18437,USGS,01351500,1990-03-24,A,154.043645504
18438,USGS,01351500,1990-03-25,A,104.77233242
18439,USGS,01351500,1990-03-26,A,88.914898324
18440,USGS,01351500,1990-03-27,A,71.358453432
18441,USGS,01351500,1990-03-28,A,58.332703996
18442,USGS,01351500,1990-03-29,A,50.120818482000004
18443,USGS,01351500,1990-03-30,A,47.572302288
18444,USGS,01351500,1990-03-31,A,46.156459958
18445,USGS,01351500,1990-04-01,A,49.55448155
18446,USGS,01351500,1990-04-02,A,50.97032388
18447,USGS,01351500,1990-04-03,A,118.93075572000001
18448,USGS,01351500,1990-04-04,A,264.76251571
18449,USGS,01351500,1990-04-05,A,169.9010796
18450,USGS,01351500,1990-04-06,A,113.2673864
18451,USGS,01351500,1990-04-07,A,87.78222446000001
18452,USGS,01351500,1990-04-08,A,72.77429576200001
18453,USGS,01351500,1990-04-09,A,61.730725588
18454,USGS,01351500,1990-04-10,A,56.916861666
18455,USGS,01351500,1990-04-11,A,156.025824766
18456,USGS,01351500,1990-04-12,A,122.611945778
18457,USGS,01351500,1990-04-13,A,88.914898324
18458,USGS,01351500,1990-04-14,A,73.340632694
18459,USGS,01351500,1990-04-15,A,66.261421044
18460,USGS,01351500,1990-04-16,A,63.429736384
18461,USGS,01351500,1990-04-17,A,53.518840074
18462,USGS,01351500,1990-04-18,A,50.403986948000004
18463,USGS,01351500,1990-04-19,A,43.324775298
18464,USGS,01351500,1990-04-20,A,35.39605825
18465,USGS,01351500,1990-04-21,A,42.192101434
18466,USGS,01351500,1990-04-22,A,46.439628424
18467,USGS,01351500,1990-04-23,A,37.095069046
18468,USGS,01351500,1990-04-24,A,31.714868192
18469,USGS,01351500,1990-04-25,A,30.865362794
18470,USGS,01351500,1990-04-26,A,32.56437359
18471,USGS,01351500,1990-04-27,A,28.600015066
18472,USGS,01351500,1990-04-28,A,23.1065468256
18473,USGS,01351500,1990-04-29,A,19.7085252336
18474,USGS,01351500,1990-04-30,A,16.905157420200002
18475,USGS,01351500,1990-05-01,A,19.1988219948
18476,USGS,01351500,1990-05-02,A,15.630899323200001
18477,USGS,01351500,1990-05-03,A,12.5443630438
18478,USGS,01351500,1990-05-04,A,9.684361537200001
18479,USGS,01351500,1990-05-05,A,17.160009039600002
18480,USGS,01351500,1990-05-06,A,32.56437359
18481,USGS,01351500,1990-05-07,A,25.060409241000002
18482,USGS,01351500,1990-05-08,A,33.413878988
18483,USGS,01351500,1990-05-09,A,31.998036658
18484,USGS,01351500,1990-05-10,A,27.0992221962
18485,USGS,01351500,1990-05-11,A,117.231744924
18486,USGS,01351500,1990-05-12,A,103.35649009000001
18487,USGS,01351500,1990-05-13,A,88.34856139200001
18488,USGS,01351500,1990-05-14,A,146.114928456
18489,USGS,01351500,1990-05-15,A,108.453522478
18490,USGS,01351500,1990-05-16,A,84.384202868
18491,USGS,01351500,1990-05-17,A,140.734727602
18492,USGS,01351500,1990-05-18,A,157.724835562
18493,USGS,01351500,1990-05-19,A,119.497092652
18494,USGS,01351500,1990-05-20,A,93.162425314
18495,USGS,01351500,1990-05-21,A,187.174356026
18496,USGS,01351500,1990-05-22,A,178.962470512
18497,USGS,01351500,1990-05-23,A,117.51491339
18498,USGS,01351500,1990-05-24,A,91.46341451800001
18499,USGS,01351500,1990-05-25,A,77.021822752
18500,USGS,01351500,1990-05-26,A,60.314883258
18501,USGS,01351500,1990-05-27,A,48.988144618
18502,USGS,01351500,1990-05-28,A,42.758438366
18503,USGS,01351500,1990-05-29,A,36.81190058
18504,USGS,01351500,1990-05-30,A,64.562410248
18505,USGS,01351500,1990-05-31,A,60.88122019
18506,USGS,01351500,1990-06-01,A,41.059427570000004
18507,USGS,01351500,1990-06-02,A,26.051498872
18508,USGS,01351500,1990-06-03,A,18.7457524492
18509,USGS,01351500,1990-06-04,A,14.413274919400001
18510,USGS,01351500,1990-06-05,A,12.884165203
18511,USGS,01351500,1990-06-06,A,11.5249565662
18512,USGS,01351500,1990-06-07,A,9.9675300032
18513,USGS,01351500,1990-06-08,A,8.325152900400001
18514,USGS,01351500,1990-06-09,A,7.815449661600001
18515,USGS,01351500,1990-06-10,A,9.4011930712
18516,USGS,01351500,1990-06-11,A,11.2134712536
18517,USGS,01351500,1990-06-12,A,10.2790153158
18518,USGS,01351500,1990-06-13,A,8.0419844344
18519,USGS,01351500,1990-06-14,A,6.6544589510000005
18520,USGS,01351500,1990-06-15,A,6.229706252
18521,USGS,01351500,1990-06-16,A,5.6350524734
18522,USGS,01351500,1990-06-17,A,5.0687155414000005
18523,USGS,01351500,1990-06-18,A,4.5590123026
18524,USGS,01351500,1990-06-19,A:e,5.0687155414000005
18525,USGS,01351500,1990-06-20,A:e,23.5879332178
18526,USGS,01351500,1990-06-21,A:e,20.954466484
18527,USGS,01351500,1990-06-22,A:e,9.684361537200001
18528,USGS,01351500,1990-06-23,A:e,7.5605980422000005
18529,USGS,01351500,1990-06-24,A:e,11.8647587254
18530,USGS,01351500,1990-06-25,A:e,9.684361537200001
18531,USGS,01351500,1990-06-26,A:e,8.0419844344
18532,USGS,01351500,1990-06-27,A:e,6.229706252
18533,USGS,01351500,1990-06-28,A:e,5.4368345472
18534,USGS,01351500,1990-06-29,A:e,4.7289133822
18535,USGS,01351500,1990-06-30,A:e,22.1720908878
18536,USGS,01351500,1990-07-01,A:e,14.724760232000001
18537,USGS,01351500,1990-07-02,A:e,9.9958468498
18538,USGS,01351500,1990-07-03,A:e,8.325152900400001
18539,USGS,01351500,1990-07-04,A:e,6.6544589510000005
18540,USGS,01351500,1990-07-05,A:e,5.8332703996
18541,USGS,01351500,1990-07-06,A:e,5.0687155414000005
18542,USGS,01351500,1990-07-07,A:e,4.7289133822
18543,USGS,01351500,1990-07-08,A:e,4.5590123026
18544,USGS,01351500,1990-07-09,A:e,3.9077248308000003
18545,USGS,01351500,1990-07-10,A:e,3.7661405978
18546,USGS,01351500,1990-07-11,A,3.539605825
18547,USGS,01351500,1990-07-12,A,3.1431699726
18548,USGS,01351500,1990-07-13,A,3.964358524
18549,USGS,01351500,1990-07-14,A,4.955448155
18550,USGS,01351500,1990-07-15,A,4.0493090638
18551,USGS,01351500,1990-07-16,A,3.5679226716
18552,USGS,01351500,1990-07-17,A,3.1714868192
18553,USGS,01351500,1990-07-18,A,2.8033678134
18554,USGS,01351500,1990-07-19,A,2.4635656542
18555,USGS,01351500,1990-07-20,A,2.2370308814
18556,USGS,01351500,1990-07-21,A,2.2370308814
18557,USGS,01351500,1990-07-22,A,2.265347728
18558,USGS,01351500,1990-07-23,A,2.1803971882
18559,USGS,01351500,1990-07-24,A,2.5201993474
18560,USGS,01351500,1990-07-25,A,2.2936645746
18561,USGS,01351500,1990-07-26,A,1.982179262
18562,USGS,01351500,1990-07-27,A,1.8405950290000002
18563,USGS,01351500,1990-07-28,A,1.557426563
18564,USGS,01351500,1990-07-29,A,1.3592086368
18565,USGS,01351500,1990-07-30,A,1.2742580970000001
18566,USGS,01351500,1990-07-31,A,1.1893075572
18567,USGS,01351500,1990-08-01,A,1.2459412504
18568,USGS,01351500,1990-08-02,A,1.2742580970000001
18569,USGS,01351500,1990-08-03,A,1.2176244038
18570,USGS,01351500,1990-08-04,A,1.1043570174
18571,USGS,01351500,1990-08-05,A,1.1043570174
18572,USGS,01351500,1990-08-06,A,1.8689118756
18573,USGS,01351500,1990-08-07,A,3.4263384386
18574,USGS,01351500,1990-08-08,A,5.5217850870000005
18575,USGS,01351500,1990-08-09,A,4.0776259104
18576,USGS,01351500,1990-08-10,A,3.0582194328
18577,USGS,01351500,1990-08-11,A,2.8883183532
18578,USGS,01351500,1990-08-12,A,4.5590123026
18579,USGS,01351500,1990-08-13,A,4.1908932968000006
18580,USGS,01351500,1990-08-14,A,3.539605825
18581,USGS,01351500,1990-08-15,A,3.6245563648
18582,USGS,01351500,1990-08-16,A,2.83168466
18583,USGS,01351500,1990-08-17,A,2.2936645746
18584,USGS,01351500,1990-08-18,A,1.9255455688
18585,USGS,01351500,1990-08-19,A,3.822774291
18586,USGS,01351500,1990-08-20,A,6.5411915646
18587,USGS,01351500,1990-08-21,A,4.3891112230000005
18588,USGS,01351500,1990-08-22,A,3.3130710522
18589,USGS,01351500,1990-08-23,A,2.83168466
18590,USGS,01351500,1990-08-24,A,2.9166351998
18591,USGS,01351500,1990-08-25,A,13.6487200612
18592,USGS,01351500,1990-08-26,A,11.3833723332
18593,USGS,01351500,1990-08-27,A,7.4473306558
18594,USGS,01351500,1990-08-28,A,5.6350524734
18595,USGS,01351500,1990-08-29,A,5.2669334676
18596,USGS,01351500,1990-08-30,A,6.371290485
18597,USGS,01351500,1990-08-31,A,9.7976289236
18598,USGS,01351500,1990-09-01,A,4.8988144618
18599,USGS,01351500,1990-09-02,A,3.539605825
18600,USGS,01351500,1990-09-03,A,2.8883183532
18601,USGS,01351500,1990-09-04,A,2.5201993474
18602,USGS,01351500,1990-09-05,A,2.2370308814
18603,USGS,01351500,1990-09-06,A,2.0388129552
18604,USGS,01351500,1990-09-07,A,1.982179262
18605,USGS,01351500,1990-09-08,A,1.8405950290000002
18606,USGS,01351500,1990-09-09,A,1.7556444892
18607,USGS,01351500,1990-09-10,A,2.0388129552
18608,USGS,01351500,1990-09-11,A,2.2087140348
18609,USGS,01351500,1990-09-12,A,2.1520803416
18610,USGS,01351500,1990-09-13,A,1.982179262
18611,USGS,01351500,1990-09-14,A,1.7556444892
18612,USGS,01351500,1990-09-15,A,1.8405950290000002
18613,USGS,01351500,1990-09-16,A,1.7556444892
18614,USGS,01351500,1990-09-17,A,1.982179262
18615,USGS,01351500,1990-09-18,A,1.8689118756
18616,USGS,01351500,1990-09-19,A,1.6140602562000002
18617,USGS,01351500,1990-09-20,A,1.557426563
18618,USGS,01351500,1990-09-21,A,1.4441591766
18619,USGS,01351500,1990-09-22,A,1.3592086368
18620,USGS,01351500,1990-09-23,A,1.3875254834000001
18621,USGS,01351500,1990-09-24,A,1.3592086368
18622,USGS,01351500,1990-09-25,A,1.2459412504
18623,USGS,01351500,1990-09-26,A,1.1893075572
18624,USGS,01351500,1990-09-27,A,1.1609907106000001
18625,USGS,01351500,1990-09-28,A,1.132673864
18626,USGS,01351500,1990-09-29,A,1.1043570174
18627,USGS,01351500,1990-09-30,A,1.1043570174
18628,USGS,01351500,1990-10-01,A,1.0760401708
18629,USGS,01351500,1990-10-02,A,1.0194064776
18630,USGS,01351500,1990-10-03,A,1.0194064776
18631,USGS,01351500,1990-10-04,A,1.2742580970000001
18632,USGS,01351500,1990-10-05,A,1.6140602562000002
18633,USGS,01351500,1990-10-06,A,1.6706939494
18634,USGS,01351500,1990-10-07,A,1.6423771028
18635,USGS,01351500,1990-10-08,A,1.557426563
18636,USGS,01351500,1990-10-09,A,1.5291097164
18637,USGS,01351500,1990-10-10,A,1.7556444892
18638,USGS,01351500,1990-10-11,A,1.8122781824
18639,USGS,01351500,1990-10-12,A,2.0388129552
18640,USGS,01351500,1990-10-13,A,2.5768330406
18641,USGS,01351500,1990-10-14,A,4.6156459958000005
18642,USGS,01351500,1990-10-15,A,4.813863922
18643,USGS,01351500,1990-10-16,A,3.6528732114
18644,USGS,01351500,1990-10-17,A,2.8033678134
18645,USGS,01351500,1990-10-18,A,2.6617835804
18646,USGS,01351500,1990-10-19,A,9.684361537200001
18647,USGS,01351500,1990-10-20,A,11.5249565662
18648,USGS,01351500,1990-10-21,A,7.1075284966000005
18649,USGS,01351500,1990-10-22,A,5.4651513938
18650,USGS,01351500,1990-10-23,A,5.550101933600001
18651,USGS,01351500,1990-10-24,A,112.417881002
18652,USGS,01351500,1990-10-25,A,71.075284966
18653,USGS,01351500,1990-10-26,A,65.695084112
18654,USGS,01351500,1990-10-27,A,49.55448155
18655,USGS,01351500,1990-10-28,A,36.81190058
18656,USGS,01351500,1990-10-29,A,29.449520464000003
18657,USGS,01351500,1990-10-30,A,28.1186286738
18658,USGS,01351500,1990-10-31,A,22.1154571946
18659,USGS,01351500,1990-11-01,A,12.1196103448
18660,USGS,01351500,1990-11-02,A,11.2417881002
18661,USGS,01351500,1990-11-03,A,10.1657479294
18662,USGS,01351500,1990-11-04,A,8.6083213664
18663,USGS,01351500,1990-11-05,A,8.070301281
18664,USGS,01351500,1990-11-06,A,9.202975145
18665,USGS,01351500,1990-11-07,A,16.848523727
18666,USGS,01351500,1990-11-08,A,14.583175999
18667,USGS,01351500,1990-11-09,A,11.3833723332
18668,USGS,01351500,1990-11-10,A,92.879256848
18669,USGS,01351500,1990-11-11,A,552.1785087000001
18670,USGS,01351500,1990-11-12,A,194.536736142
18671,USGS,01351500,1990-11-13,A,115.81590259400001
18672,USGS,01351500,1990-11-14,A,82.402023606
18673,USGS,01351500,1990-11-15,A,66.827757976
18674,USGS,01351500,1990-11-16,A,69.093105704
18675,USGS,01351500,1990-11-17,A,62.013894054000005
18676,USGS,01351500,1990-11-18,A,64.279241782
18677,USGS,01351500,1990-11-19,A,52.669334676
18678,USGS,01351500,1990-11-20,A,46.156459958
18679,USGS,01351500,1990-11-21,A,41.342596036
18680,USGS,01351500,1990-11-22,A,35.679226716
18681,USGS,01351500,1990-11-23,A,45.590123026
18682,USGS,01351500,1990-11-24,A,46.72279689
18683,USGS,01351500,1990-11-25,A,38.794079842
18684,USGS,01351500,1990-11-26,A,32.847542056
18685,USGS,01351500,1990-11-27,A,30.299025862
18686,USGS,01351500,1990-11-28,A,28.0619949806
18687,USGS,01351500,1990-11-29,A,26.872687423400002
18688,USGS,01351500,1990-11-30,A,22.2570414276
18689,USGS,01351500,1990-12-01,A,21.3225854898
18690,USGS,01351500,1990-12-02,A,17.698029125
18691,USGS,01351500,1990-12-03,A,17.0467416532
18692,USGS,01351500,1990-12-04,A,73.906969626
18693,USGS,01351500,1990-12-05,A,152.061466242
18694,USGS,01351500,1990-12-06,A,79.853507412
18695,USGS,01351500,1990-12-07,A,63.146567918
18696,USGS,01351500,1990-12-08,A,53.518840074
18697,USGS,01351500,1990-12-09,A,47.289133822000004
18698,USGS,01351500,1990-12-10,A,42.4752699
18699,USGS,01351500,1990-12-11,A,38.510911376
18700,USGS,01351500,1990-12-12,A,33.130710522
18701,USGS,01351500,1990-12-13,A,31.431699726
18702,USGS,01351500,1990-12-14,A,29.166351998
18703,USGS,01351500,1990-12-15,A,23.9843690702
18704,USGS,01351500,1990-12-16,A,25.8532809458
18705,USGS,01351500,1990-12-17,A,30.865362794
18706,USGS,01351500,1990-12-18,A,34.263384386
18707,USGS,01351500,1990-12-19,A,82.968360538
18708,USGS,01351500,1990-12-20,A,60.314883258
18709,USGS,01351500,1990-12-21,A,44.174280696000004
18710,USGS,01351500,1990-12-22,A,55.21785087
18711,USGS,01351500,1990-12-23,A,59.182209394000004
18712,USGS,01351500,1990-12-24,A,89.481235256
18713,USGS,01351500,1990-12-25,A:e,96.27727844
18714,USGS,01351500,1990-12-26,A:e,56.6336932
18715,USGS,01351500,1990-12-27,A:e,39.64358524
18716,USGS,01351500,1990-12-28,A:e,33.98021592
18717,USGS,01351500,1990-12-29,A:e,36.81190058
18718,USGS,01351500,1990-12-30,A:e,84.9505398
18719,USGS,01351500,1990-12-31,A,137.619874476
18720,USGS,01351500,1991-01-01,A,88.34856139200001
18721,USGS,01351500,1991-01-02,A,68.809937238
18722,USGS,01351500,1991-01-03,A,58.899040928000005
18723,USGS,01351500,1991-01-04,A,50.687155414
18724,USGS,01351500,1991-01-05,A,40.209922172
18725,USGS,01351500,1991-01-06,A,38.794079842
18726,USGS,01351500,1991-01-07,A:e,33.98021592
18727,USGS,01351500,1991-01-08,A:e,22.65347728
18728,USGS,01351500,1991-01-09,A:e,18.122781824
18729,USGS,01351500,1991-01-10,A:e,19.82179262
18730,USGS,01351500,1991-01-11,A:e,18.122781824
18731,USGS,01351500,1991-01-12,A:e,15.857434096
18732,USGS,01351500,1991-01-13,A:e,14.724760232000001
18733,USGS,01351500,1991-01-14,A:e,13.592086368
18734,USGS,01351500,1991-01-15,A:e,14.724760232000001
18735,USGS,01351500,1991-01-16,A:e,18.689118756
18736,USGS,01351500,1991-01-17,A:e,48.13863922
18737,USGS,01351500,1991-01-18,A:e,50.97032388
18738,USGS,01351500,1991-01-19,A:e,36.81190058
18739,USGS,01351500,1991-01-20,A:e,28.3168466
18740,USGS,01351500,1991-01-21,A:e,22.65347728
18741,USGS,01351500,1991-01-22,A:e,15.857434096
18742,USGS,01351500,1991-01-23,A:e,7.362380116000001
18743,USGS,01351500,1991-01-24,A:e,12.176244038
18744,USGS,01351500,1991-01-25,A:e,11.043570174000001
18745,USGS,01351500,1991-01-26,A:e,8.211885514
18746,USGS,01351500,1991-01-27,A:e,10.194064776000001
18747,USGS,01351500,1991-01-28,A:e,12.74258097
18748,USGS,01351500,1991-01-29,A:e,14.724760232000001
18749,USGS,01351500,1991-01-30,A:e,14.1584233
18750,USGS,01351500,1991-01-31,A:e,24.918825008
18751,USGS,01351500,1991-02-01,A,47.005965356000004
18752,USGS,01351500,1991-02-02,A,33.98021592
18753,USGS,01351500,1991-02-03,A:e,31.148531260000002
18754,USGS,01351500,1991-02-04,A:e,39.64358524
18755,USGS,01351500,1991-02-05,A:e,59.465377860000004
18756,USGS,01351500,1991-02-06,A:e,76.45548582
18757,USGS,01351500,1991-02-07,A:e,107.60401708
18758,USGS,01351500,1991-02-08,A,117.51491339
18759,USGS,01351500,1991-02-09,A,75.03964349
18760,USGS,01351500,1991-02-10,A:e,50.97032388
18761,USGS,01351500,1991-02-11,A:e,36.81190058
18762,USGS,01351500,1991-02-12,A:e,19.82179262
18763,USGS,01351500,1991-02-13,A:e,14.1584233
18764,USGS,01351500,1991-02-14,A:e,19.82179262
18765,USGS,01351500,1991-02-15,A:e,27.750509668
18766,USGS,01351500,1991-02-16,A:e,14.1584233
18767,USGS,01351500,1991-02-17,A:e,10.194064776000001
18768,USGS,01351500,1991-02-18,A:e,11.32673864
18769,USGS,01351500,1991-02-19,A:e,16.99010796
18770,USGS,01351500,1991-02-20,A,84.384202868
18771,USGS,01351500,1991-02-21,A,80.136675878
18772,USGS,01351500,1991-02-22,A,52.102997744
18773,USGS,01351500,1991-02-23,A,41.625764502
18774,USGS,01351500,1991-02-24,A:e,25.48516194
18775,USGS,01351500,1991-02-25,A:e,16.99010796
18776,USGS,01351500,1991-02-26,A:e,19.82179262
18777,USGS,01351500,1991-02-27,A:e,14.1584233
18778,USGS,01351500,1991-02-28,A:e,13.308917902000001
18779,USGS,01351500,1991-03-01,A:e,13.592086368
18780,USGS,01351500,1991-03-02,A:e,19.82179262
18781,USGS,01351500,1991-03-03,A,39.360416774
18782,USGS,01351500,1991-03-04,A,168.202068804
18783,USGS,01351500,1991-03-05,A,197.085252336
18784,USGS,01351500,1991-03-06,A,107.037680148
18785,USGS,01351500,1991-03-07,A,97.69312077000001
18786,USGS,01351500,1991-03-08,A,90.89707758600001
18787,USGS,01351500,1991-03-09,A,58.899040928000005
18788,USGS,01351500,1991-03-10,A,49.837650016
18789,USGS,01351500,1991-03-11,A,41.059427570000004
18790,USGS,01351500,1991-03-12,A,36.245563648
18791,USGS,01351500,1991-03-13,A,34.546552852
18792,USGS,01351500,1991-03-14,A,32.847542056
18793,USGS,01351500,1991-03-15,A,34.546552852
18794,USGS,01351500,1991-03-16,A,30.015857396
18795,USGS,01351500,1991-03-17,A,31.714868192
18796,USGS,01351500,1991-03-18,A,39.360416774
18797,USGS,01351500,1991-03-19,A,52.952503142000005
18798,USGS,01351500,1991-03-20,A,64.845578714
18799,USGS,01351500,1991-03-21,A,49.271313084
18800,USGS,01351500,1991-03-22,A,44.740617628
18801,USGS,01351500,1991-03-23,A,54.934682404
18802,USGS,01351500,1991-03-24,A,70.7921165
18803,USGS,01351500,1991-03-25,A,115.24956566200001
18804,USGS,01351500,1991-03-26,A,89.481235256
18805,USGS,01351500,1991-03-27,A,82.11885514000001
18806,USGS,01351500,1991-03-28,A,102.223816226
18807,USGS,01351500,1991-03-29,A,98.259457702
18808,USGS,01351500,1991-03-30,A,80.419844344
18809,USGS,01351500,1991-03-31,A,66.261421044
18810,USGS,01351500,1991-04-01,A,58.04953553
18811,USGS,01351500,1991-04-02,A,54.651513938
18812,USGS,01351500,1991-04-03,A,50.687155414
18813,USGS,01351500,1991-04-04,A,44.457449162
18814,USGS,01351500,1991-04-05,A,41.059427570000004
18815,USGS,01351500,1991-04-06,A,37.378237512
18816,USGS,01351500,1991-04-07,A,42.4752699
18817,USGS,01351500,1991-04-08,A,37.661405978
18818,USGS,01351500,1991-04-09,A,58.899040928000005
18819,USGS,01351500,1991-04-10,A,75.88914888800001
18820,USGS,01351500,1991-04-11,A,56.350524734000004
18821,USGS,01351500,1991-04-12,A,43.607943764
18822,USGS,01351500,1991-04-13,A,36.245563648
18823,USGS,01351500,1991-04-14,A,31.431699726
18824,USGS,01351500,1991-04-15,A,30.582194328
18825,USGS,01351500,1991-04-16,A,33.697047454
18826,USGS,01351500,1991-04-17,A,28.0619949806
18827,USGS,01351500,1991-04-18,A,26.108132565200002
18828,USGS,01351500,1991-04-19,A,23.8427848372
18829,USGS,01351500,1991-04-20,A,21.7756550354
18830,USGS,01351500,1991-04-21,A,56.067356268000005
18831,USGS,01351500,1991-04-22,A,387.94079842
18832,USGS,01351500,1991-04-23,A,208.411990976
18833,USGS,01351500,1991-04-24,A,121.47927191400001
18834,USGS,01351500,1991-04-25,A,108.453522478
18835,USGS,01351500,1991-04-26,A,84.384202868
18836,USGS,01351500,1991-04-27,A,67.96043184
18837,USGS,01351500,1991-04-28,A,56.6336932
18838,USGS,01351500,1991-04-29,A,47.005965356000004
18839,USGS,01351500,1991-04-30,A,58.899040928000005
18840,USGS,01351500,1991-05-01,A,103.073321624
18841,USGS,01351500,1991-05-02,A,92.312919916
18842,USGS,01351500,1991-05-03,A,79.00400201400001
18843,USGS,01351500,1991-05-04,A,61.164388656
18844,USGS,01351500,1991-05-05,A,47.855470754
18845,USGS,01351500,1991-05-06,A,43.607943764
18846,USGS,01351500,1991-05-07,A,62.863399452
18847,USGS,01351500,1991-05-08,A,50.97032388
18848,USGS,01351500,1991-05-09,A,39.64358524
18849,USGS,01351500,1991-05-10,A,40.209922172
18850,USGS,01351500,1991-05-11,A,47.005965356000004
18851,USGS,01351500,1991-05-12,A,34.829721318000004
18852,USGS,01351500,1991-05-13,A,29.166351998
18853,USGS,01351500,1991-05-14,A,28.2602129068
18854,USGS,01351500,1991-05-15,A,23.8711016838
18855,USGS,01351500,1991-05-16,A,21.6340708024
18856,USGS,01351500,1991-05-17,A,17.1883258862
18857,USGS,01351500,1991-05-18,A,22.1437740412
18858,USGS,01351500,1991-05-19,A,19.7368420802
18859,USGS,01351500,1991-05-20,A,14.5265423058
18860,USGS,01351500,1991-05-21,A,10.618817475
18861,USGS,01351500,1991-05-22,A,9.344559378
18862,USGS,01351500,1991-05-23,A,8.211885514
18863,USGS,01351500,1991-05-24,A,7.0225779568
18864,USGS,01351500,1991-05-25,A,6.229706252
18865,USGS,01351500,1991-05-26,A,5.4651513938
18866,USGS,01351500,1991-05-27,A,4.8988144618
18867,USGS,01351500,1991-05-28,A,4.5590123026
18868,USGS,01351500,1991-05-29,A,4.1625764502000004
18869,USGS,01351500,1991-05-30,A,4.5023786094
18870,USGS,01351500,1991-05-31,A,25.5417956332
18871,USGS,01351500,1991-06-01,A,12.9691157428
18872,USGS,01351500,1991-06-02,A,8.325152900400001
18873,USGS,01351500,1991-06-03,A,6.1164388656
18874,USGS,01351500,1991-06-04,A,5.0403986948
18875,USGS,01351500,1991-06-05,A,4.672279689
18876,USGS,01351500,1991-06-06,A,5.0120818482
18877,USGS,01351500,1991-06-07,A,4.6156459958000005
18878,USGS,01351500,1991-06-08,A,3.7095069046
18879,USGS,01351500,1991-06-09,A,3.1998036658
18880,USGS,01351500,1991-06-10,A,2.8033678134
18881,USGS,01351500,1991-06-11,A,2.5768330406
18882,USGS,01351500,1991-06-12,A,2.6617835804
18883,USGS,01351500,1991-06-13,A,3.7378237512
18884,USGS,01351500,1991-06-14,A,3.6811900580000003
18885,USGS,01351500,1991-06-15,A,2.973268893
18886,USGS,01351500,1991-06-16,A,2.5485161940000003
18887,USGS,01351500,1991-06-17,A,2.4352488076
18888,USGS,01351500,1991-06-18,A,2.3219814212000003
18889,USGS,01351500,1991-06-19,A,2.123763495
18890,USGS,01351500,1991-06-20,A,1.9255455688
18891,USGS,01351500,1991-06-21,A,1.699010796
18892,USGS,01351500,1991-06-22,A,1.4724760232
18893,USGS,01351500,1991-06-23,A,1.3025749436
18894,USGS,01351500,1991-06-24,A,1.2459412504
18895,USGS,01351500,1991-06-25,A,1.1893075572
18896,USGS,01351500,1991-06-26,A,1.1043570174
18897,USGS,01351500,1991-06-27,A,1.0194064776
18898,USGS,01351500,1991-06-28,A,0.9344559378
18899,USGS,01351500,1991-06-29,A,0.8778222446
18900,USGS,01351500,1991-06-30,A,1.0194064776
18901,USGS,01351500,1991-07-01,A,1.1043570174
18902,USGS,01351500,1991-07-02,A,1.0194064776
18903,USGS,01351500,1991-07-03,A,1.0194064776
18904,USGS,01351500,1991-07-04,A,0.991089631
18905,USGS,01351500,1991-07-05,A,1.0760401708
18906,USGS,01351500,1991-07-06,A,1.2176244038
18907,USGS,01351500,1991-07-07,A,1.3308917902
18908,USGS,01351500,1991-07-08,A,1.2742580970000001
18909,USGS,01351500,1991-07-09,A,1.132673864
18910,USGS,01351500,1991-07-10,A,1.0194064776
18911,USGS,01351500,1991-07-11,A,0.9344559378
18912,USGS,01351500,1991-07-12,A,0.849505398
18913,USGS,01351500,1991-07-13,A,0.9627727844
18914,USGS,01351500,1991-07-14,A,1.9538624154000002
18915,USGS,01351500,1991-07-15,A,2.6051498872
18916,USGS,01351500,1991-07-16,A,1.8972287222
18917,USGS,01351500,1991-07-17,A,1.3308917902
18918,USGS,01351500,1991-07-18,A,1.0760401708
18919,USGS,01351500,1991-07-19,A,0.9344559378
18920,USGS,01351500,1991-07-20,A,0.849505398
18921,USGS,01351500,1991-07-21,A,0.7928717048
18922,USGS,01351500,1991-07-22,A,0.7362380116
18923,USGS,01351500,1991-07-23,A,0.7645548582
18924,USGS,01351500,1991-07-24,A,0.7362380116
18925,USGS,01351500,1991-07-25,A,0.6229706252
18926,USGS,01351500,1991-07-26,A,0.8211885514
18927,USGS,01351500,1991-07-27,A,1.1043570174
18928,USGS,01351500,1991-07-28,A,1.0194064776
18929,USGS,01351500,1991-07-29,A,0.8778222446
18930,USGS,01351500,1991-07-30,A,0.7928717048
18931,USGS,01351500,1991-07-31,A,0.7362380116
18932,USGS,01351500,1991-08-01,A,0.6796043184
18933,USGS,01351500,1991-08-02,A,0.6229706252
18934,USGS,01351500,1991-08-03,A,0.6512874718
18935,USGS,01351500,1991-08-04,A,0.707921165
18936,USGS,01351500,1991-08-05,A,0.8211885514
18937,USGS,01351500,1991-08-06,A,0.8211885514
18938,USGS,01351500,1991-08-07,A,0.7645548582
18939,USGS,01351500,1991-08-08,A,0.6796043184
18940,USGS,01351500,1991-08-09,A,0.7645548582
18941,USGS,01351500,1991-08-10,A,0.9061390912
18942,USGS,01351500,1991-08-11,A,0.991089631
18943,USGS,01351500,1991-08-12,A,1.1609907106000001
18944,USGS,01351500,1991-08-13,A,1.0477233242000001
18945,USGS,01351500,1991-08-14,A,0.9061390912
18946,USGS,01351500,1991-08-15,A,0.849505398
18947,USGS,01351500,1991-08-16,A,0.849505398
18948,USGS,01351500,1991-08-17,A,0.7362380116
18949,USGS,01351500,1991-08-18,A,0.7645548582
18950,USGS,01351500,1991-08-19,A,1.2459412504
18951,USGS,01351500,1991-08-20,A,4.7572302288
18952,USGS,01351500,1991-08-21,A,4.672279689
18953,USGS,01351500,1991-08-22,A,3.7378237512
18954,USGS,01351500,1991-08-23,A,2.9449520464
18955,USGS,01351500,1991-08-24,A,2.1520803416
18956,USGS,01351500,1991-08-25,A,1.557426563
18957,USGS,01351500,1991-08-26,A,1.2742580970000001
18958,USGS,01351500,1991-08-27,A,1.0760401708
18959,USGS,01351500,1991-08-28,A,0.9627727844
18960,USGS,01351500,1991-08-29,A,0.849505398
18961,USGS,01351500,1991-08-30,A,0.7928717048
18962,USGS,01351500,1991-08-31,A,0.849505398
18963,USGS,01351500,1991-09-01,A,0.7362380116
18964,USGS,01351500,1991-09-02,A,0.707921165
18965,USGS,01351500,1991-09-03,A,0.6796043184
18966,USGS,01351500,1991-09-04,A,0.6512874718
18967,USGS,01351500,1991-09-05,A,0.6229706252
18968,USGS,01351500,1991-09-06,A,0.5946537786
18969,USGS,01351500,1991-09-07,A,0.5946537786
18970,USGS,01351500,1991-09-08,A,0.566336932
18971,USGS,01351500,1991-09-09,A,0.5380200854
18972,USGS,01351500,1991-09-10,A,0.5380200854
18973,USGS,01351500,1991-09-11,A,0.566336932
18974,USGS,01351500,1991-09-12,A,0.5380200854
18975,USGS,01351500,1991-09-13,A,0.566336932
18976,USGS,01351500,1991-09-14,A,0.566336932
18977,USGS,01351500,1991-09-15,A,0.6512874718
18978,USGS,01351500,1991-09-16,A,0.8211885514
18979,USGS,01351500,1991-09-17,A,1.0194064776
18980,USGS,01351500,1991-09-18,A,0.849505398
18981,USGS,01351500,1991-09-19,A,0.9344559378
18982,USGS,01351500,1991-09-20,A,1.0194064776
18983,USGS,01351500,1991-09-21,A,1.2742580970000001
18984,USGS,01351500,1991-09-22,A,1.3025749436
18985,USGS,01351500,1991-09-23,A,1.132673864
18986,USGS,01351500,1991-09-24,A,0.9627727844
18987,USGS,01351500,1991-09-25,A,1.1043570174
18988,USGS,01351500,1991-09-26,A,1.3308917902
18989,USGS,01351500,1991-09-27,A,1.41584233
18990,USGS,01351500,1991-09-28,A,1.3025749436
18991,USGS,01351500,1991-09-29,A,1.1893075572
18992,USGS,01351500,1991-09-30,A,0.991089631
18993,USGS,01351500,1991-10-01,A,1.4441591766
18994,USGS,01351500,1991-10-02,A,2.9449520464
18995,USGS,01351500,1991-10-03,A,3.9077248308000003
18996,USGS,01351500,1991-10-04,A,2.5768330406
18997,USGS,01351500,1991-10-05,A,1.7556444892
18998,USGS,01351500,1991-10-06,A,2.0388129552
18999,USGS,01351500,1991-10-07,A,4.3891112230000005
19000,USGS,01351500,1991-10-08,A,3.1998036658
19001,USGS,01351500,1991-10-09,A,2.5768330406
19002,USGS,01351500,1991-10-10,A,2.0388129552
19003,USGS,01351500,1991-10-11,A,1.6706939494
19004,USGS,01351500,1991-10-12,A,1.5857434096
19005,USGS,01351500,1991-10-13,A,1.5007928698000002
19006,USGS,01351500,1991-10-14,A,1.5007928698000002
19007,USGS,01351500,1991-10-15,A,1.5857434096
19008,USGS,01351500,1991-10-16,A,1.6706939494
19009,USGS,01351500,1991-10-17,A,2.83168466
19010,USGS,01351500,1991-10-18,A,4.7289133822
19011,USGS,01351500,1991-10-19,A,5.8332703996
19012,USGS,01351500,1991-10-20,A,5.0687155414000005
19013,USGS,01351500,1991-10-21,A,4.2192101434
19014,USGS,01351500,1991-10-22,A,3.4829721318
19015,USGS,01351500,1991-10-23,A,2.9449520464
19016,USGS,01351500,1991-10-24,A,2.5768330406
19017,USGS,01351500,1991-10-25,A,2.4635656542
19018,USGS,01351500,1991-10-26,A,2.1520803416
19019,USGS,01351500,1991-10-27,A,1.9538624154000002
19020,USGS,01351500,1991-10-28,A,1.6706939494
19021,USGS,01351500,1991-10-29,A,1.6706939494
19022,USGS,01351500,1991-10-30,A,1.6706939494
19023,USGS,01351500,1991-10-31,A,1.6706939494
19024,USGS,01351500,1991-11-01,A,1.6706939494
19025,USGS,01351500,1991-11-02,A,1.5857434096
19026,USGS,01351500,1991-11-03,A,1.5857434096
19027,USGS,01351500,1991-11-04,A,1.5007928698000002
19028,USGS,01351500,1991-11-05,A,1.4441591766
19029,USGS,01351500,1991-11-06,A,1.3592086368
19030,USGS,01351500,1991-11-07,A,1.2742580970000001
19031,USGS,01351500,1991-11-08,A,1.2459412504
19032,USGS,01351500,1991-11-09,A,1.1893075572
19033,USGS,01351500,1991-11-10,A,1.1609907106000001
19034,USGS,01351500,1991-11-11,A,1.8972287222
19035,USGS,01351500,1991-11-12,A,4.7572302288
19036,USGS,01351500,1991-11-13,A,6.371290485
19037,USGS,01351500,1991-11-14,A,6.2863399452
19038,USGS,01351500,1991-11-15,A,6.5695084112
19039,USGS,01351500,1991-11-16,A,6.7677263374
19040,USGS,01351500,1991-11-17,A,6.2580230986
19041,USGS,01351500,1991-11-18,A,5.2952503142000005
19042,USGS,01351500,1991-11-19,A,4.4457449162
19043,USGS,01351500,1991-11-20,A,4.0776259104
19044,USGS,01351500,1991-11-21,A,3.964358524
19045,USGS,01351500,1991-11-22,A,10.477233242
19046,USGS,01351500,1991-11-23,A,220.021898082
19047,USGS,01351500,1991-11-24,A,87.78222446000001
19048,USGS,01351500,1991-11-25,A,50.403986948000004
19049,USGS,01351500,1991-11-26,A,35.112889784000004
19050,USGS,01351500,1991-11-27,A,26.5895189574
19051,USGS,01351500,1991-11-28,A,21.7190213422
19052,USGS,01351500,1991-11-29,A,20.6429811714
19053,USGS,01351500,1991-11-30,A,22.1154571946
19054,USGS,01351500,1991-12-01,A,20.3031790122
19055,USGS,01351500,1991-12-02,A,15.999018329
19056,USGS,01351500,1991-12-03,A,16.7918900338
19057,USGS,01351500,1991-12-04,A,19.255455688
19058,USGS,01351500,1991-12-05,A,16.6786226474
19059,USGS,01351500,1991-12-06,A:e,13.308917902000001
19060,USGS,01351500,1991-12-07,A:e,11.609907106
19061,USGS,01351500,1991-12-08,A:e,15.857434096
19062,USGS,01351500,1991-12-09,A,69.093105704
19063,USGS,01351500,1991-12-10,A,69.37627417
19064,USGS,01351500,1991-12-11,A,44.174280696000004
19065,USGS,01351500,1991-12-12,A,34.263384386
19066,USGS,01351500,1991-12-13,A,31.431699726
19067,USGS,01351500,1991-12-14,A,46.72279689
19068,USGS,01351500,1991-12-15,A,65.978252578
19069,USGS,01351500,1991-12-16,A,40.776259104000005
19070,USGS,01351500,1991-12-17,A,28.883183532
19071,USGS,01351500,1991-12-18,A:e,23.219814212
19072,USGS,01351500,1991-12-19,A:e,20.388129552000002
19073,USGS,01351500,1991-12-20,A:e,19.255455688
19074,USGS,01351500,1991-12-21,A:e,20.954466484
19075,USGS,01351500,1991-12-22,A:e,19.82179262
19076,USGS,01351500,1991-12-23,A:e,17.556444892000002
19077,USGS,01351500,1991-12-24,A:e,15.574265630000001
19078,USGS,01351500,1991-12-25,A:e,14.1584233
19079,USGS,01351500,1991-12-26,A:e,13.025749436
19080,USGS,01351500,1991-12-27,A:e,11.893075572
19081,USGS,01351500,1991-12-28,A:e,11.893075572
19082,USGS,01351500,1991-12-29,A,14.1867401466
19083,USGS,01351500,1991-12-30,A,23.4463489848
19084,USGS,01351500,1991-12-31,A,19.0572377618
19085,USGS,01351500,1992-01-01,A:e,13.308917902000001
19086,USGS,01351500,1992-01-02,A:e,11.893075572
19087,USGS,01351500,1992-01-03,A:e,13.025749436
19088,USGS,01351500,1992-01-04,A,14.866344465000001
19089,USGS,01351500,1992-01-05,A,33.130710522
19090,USGS,01351500,1992-01-06,A:e,28.3168466
19091,USGS,01351500,1992-01-07,A:e,23.786151144
19092,USGS,01351500,1992-01-08,A:e,18.972287222000002
19093,USGS,01351500,1992-01-09,A:e,16.706939494
19094,USGS,01351500,1992-01-10,A,18.0095144376
19095,USGS,01351500,1992-01-11,A,17.7546628182
19096,USGS,01351500,1992-01-12,A,16.508721567800002
19097,USGS,01351500,1992-01-13,A:e,15.007928698
19098,USGS,01351500,1992-01-14,A:e,25.48516194
19099,USGS,01351500,1992-01-15,A,59.748546326
19100,USGS,01351500,1992-01-16,A,26.7877368836
19101,USGS,01351500,1992-01-17,A,20.3314958588
19102,USGS,01351500,1992-01-18,A:e,14.724760232000001
19103,USGS,01351500,1992-01-19,A:e,17.556444892000002
19104,USGS,01351500,1992-01-20,A:e,15.857434096
19105,USGS,01351500,1992-01-21,A:e,14.1584233
19106,USGS,01351500,1992-01-22,A:e,15.291097164
19107,USGS,01351500,1992-01-23,A:e,16.99010796
19108,USGS,01351500,1992-01-24,A:e,33.98021592
19109,USGS,01351500,1992-01-25,A:e,39.64358524
19110,USGS,01351500,1992-01-26,A:e,16.99010796
19111,USGS,01351500,1992-01-27,A:e,11.32673864
19112,USGS,01351500,1992-01-28,A:e,12.176244038
19113,USGS,01351500,1992-01-29,A:e,10.194064776000001
19114,USGS,01351500,1992-01-30,A:e,10.760401708
19115,USGS,01351500,1992-01-31,A,12.2611945778
19116,USGS,01351500,1992-02-01,A,12.5726798904
19117,USGS,01351500,1992-02-02,A:e,10.194064776000001
19118,USGS,01351500,1992-02-03,A:e,8.778222446000001
19119,USGS,01351500,1992-02-04,A:e,5.946537786
19120,USGS,01351500,1992-02-05,A:e,6.796043184
19121,USGS,01351500,1992-02-06,A:e,8.211885514
19122,USGS,01351500,1992-02-07,A:e,7.07921165
19123,USGS,01351500,1992-02-08,A:e,5.946537786
19124,USGS,01351500,1992-02-09,A:e,5.380200854
19125,USGS,01351500,1992-02-10,A:e,5.097032388000001
19126,USGS,01351500,1992-02-11,A:e,4.813863922
19127,USGS,01351500,1992-02-12,A:e,4.813863922
19128,USGS,01351500,1992-02-13,A:e,4.672279689
19129,USGS,01351500,1992-02-14,A:e,4.530695456
19130,USGS,01351500,1992-02-15,A:e,5.66336932
19131,USGS,01351500,1992-02-16,A:e,13.025749436
19132,USGS,01351500,1992-02-17,A,50.120818482000004
19133,USGS,01351500,1992-02-18,A,39.926753706
19134,USGS,01351500,1992-02-19,A,35.39605825
19135,USGS,01351500,1992-02-20,A,50.403986948000004
19136,USGS,01351500,1992-02-21,A,34.829721318000004
19137,USGS,01351500,1992-02-22,A,23.9560522236
19138,USGS,01351500,1992-02-23,A,24.494072309
19139,USGS,01351500,1992-02-24,A,26.4479347244
19140,USGS,01351500,1992-02-25,A,21.7756550354
19141,USGS,01351500,1992-02-26,A,20.4164463986
19142,USGS,01351500,1992-02-27,A,18.575851369600002
19143,USGS,01351500,1992-02-28,A:e,15.291097164
19144,USGS,01351500,1992-02-29,A:e,14.1584233
19145,USGS,01351500,1992-03-01,A:e,15.291097164
19146,USGS,01351500,1992-03-02,A:e,16.99010796
19147,USGS,01351500,1992-03-03,A:e,12.74258097
19148,USGS,01351500,1992-03-04,A:e,10.477233242
19149,USGS,01351500,1992-03-05,A:e,9.91089631
19150,USGS,01351500,1992-03-06,A:e,15.857434096
19151,USGS,01351500,1992-03-07,A,22.2853582742
19152,USGS,01351500,1992-03-08,A,28.600015066
19153,USGS,01351500,1992-03-09,A,30.865362794
19154,USGS,01351500,1992-03-10,A,29.166351998
19155,USGS,01351500,1992-03-11,A,82.402023606
19156,USGS,01351500,1992-03-12,A,61.164388656
19157,USGS,01351500,1992-03-13,A,36.528732114
19158,USGS,01351500,1992-03-14,A:e,25.48516194
19159,USGS,01351500,1992-03-15,A:e,16.99010796
19160,USGS,01351500,1992-03-16,A:e,16.423771028
19161,USGS,01351500,1992-03-17,A:e,14.1584233
19162,USGS,01351500,1992-03-18,A:e,12.459412504
19163,USGS,01351500,1992-03-19,A:e,10.760401708
19164,USGS,01351500,1992-03-20,A:e,11.609907106
19165,USGS,01351500,1992-03-21,A:e,11.32673864
19166,USGS,01351500,1992-03-22,A:e,10.477233242
19167,USGS,01351500,1992-03-23,A:e,10.760401708
19168,USGS,01351500,1992-03-24,A,9.287925684800001
19169,USGS,01351500,1992-03-25,A,9.4295099178
19170,USGS,01351500,1992-03-26,A,12.8275315098
19171,USGS,01351500,1992-03-27,A,140.45155913600001
19172,USGS,01351500,1992-03-28,A,83.817865936
19173,USGS,01351500,1992-03-29,A,40.493090638
19174,USGS,01351500,1992-03-30,A,31.148531260000002
19175,USGS,01351500,1992-03-31,A,28.883183532
19176,USGS,01351500,1992-04-01,A,30.582194328
19177,USGS,01351500,1992-04-02,A,29.166351998
19178,USGS,01351500,1992-04-03,A,25.201993474000002
19179,USGS,01351500,1992-04-04,A,21.181001256800002
19180,USGS,01351500,1992-04-05,A,19.227138841400002
19181,USGS,01351500,1992-04-06,A,17.9528807444
19182,USGS,01351500,1992-04-07,A,18.1510986706
19183,USGS,01351500,1992-04-08,A,20.5863474782
19184,USGS,01351500,1992-04-09,A,22.6251604334
19185,USGS,01351500,1992-04-10,A,21.379219183
19186,USGS,01351500,1992-04-11,A,29.166351998
19187,USGS,01351500,1992-04-12,A,70.7921165
19188,USGS,01351500,1992-04-13,A,50.120818482000004
19189,USGS,01351500,1992-04-14,A,34.263384386
19190,USGS,01351500,1992-04-15,A,29.732688930000002
19191,USGS,01351500,1992-04-16,A,27.8354602078
19192,USGS,01351500,1992-04-17,A,58.899040928000005
19193,USGS,01351500,1992-04-18,A,105.90500628400001
19194,USGS,01351500,1992-04-19,A,111.002038672
19195,USGS,01351500,1992-04-20,A,81.835686674
19196,USGS,01351500,1992-04-21,A,67.677263374
19197,USGS,01351500,1992-04-22,A,61.164388656
19198,USGS,01351500,1992-04-23,A,60.314883258
19199,USGS,01351500,1992-04-24,A,66.261421044
19200,USGS,01351500,1992-04-25,A,92.312919916
19201,USGS,01351500,1992-04-26,A,127.4258097
19202,USGS,01351500,1992-04-27,A,107.037680148
19203,USGS,01351500,1992-04-28,A,81.269349742
19204,USGS,01351500,1992-04-29,A,61.164388656
19205,USGS,01351500,1992-04-30,A,48.421807686
19206,USGS,01351500,1992-05-01,A,39.077248308
19207,USGS,01351500,1992-05-02,A,36.528732114
19208,USGS,01351500,1992-05-03,A,181.79415517200002
19209,USGS,01351500,1992-05-04,A,118.647587254
19210,USGS,01351500,1992-05-05,A,78.437665082
19211,USGS,01351500,1992-05-06,A,69.37627417
19212,USGS,01351500,1992-05-07,A,52.38616621
19213,USGS,01351500,1992-05-08,A,40.776259104000005
19214,USGS,01351500,1992-05-09,A,32.847542056
19215,USGS,01351500,1992-05-10,A,29.732688930000002
19216,USGS,01351500,1992-05-11,A,26.4479347244
19217,USGS,01351500,1992-05-12,A,23.248131058600002
19218,USGS,01351500,1992-05-13,A,20.3598127054
19219,USGS,01351500,1992-05-14,A,19.963376853
19220,USGS,01351500,1992-05-15,A,17.6130785852
19221,USGS,01351500,1992-05-16,A,17.5281280454
19222,USGS,01351500,1992-05-17,A,19.878426313200002
19223,USGS,01351500,1992-05-18,A,17.131692193
19224,USGS,01351500,1992-05-19,A,14.2433738398
19225,USGS,01351500,1992-05-20,A,11.496639719600001
19226,USGS,01351500,1992-05-21,A,9.769312077
19227,USGS,01351500,1992-05-22,A,8.6083213664
19228,USGS,01351500,1992-05-23,A,7.220795883
19229,USGS,01351500,1992-05-24,A,6.796043184
19230,USGS,01351500,1992-05-25,A,8.8914898324
19231,USGS,01351500,1992-05-26,A,9.8825794634
19232,USGS,01351500,1992-05-27,A,9.1180246052
19233,USGS,01351500,1992-05-28,A,8.8348561392
19234,USGS,01351500,1992-05-29,A,7.7588159684
19235,USGS,01351500,1992-05-30,A,6.2013894054000005
19236,USGS,01351500,1992-05-31,A,25.909914639
19237,USGS,01351500,1992-06-01,A,91.180246052
19238,USGS,01351500,1992-06-02,A,61.447557122
19239,USGS,01351500,1992-06-03,A,36.245563648
19240,USGS,01351500,1992-06-04,A,25.909914639
19241,USGS,01351500,1992-06-05,A,19.9350600064
19242,USGS,01351500,1992-06-06,A,44.457449162
19243,USGS,01351500,1992-06-07,A,56.350524734000004
19244,USGS,01351500,1992-06-08,A,74.473306558
19245,USGS,01351500,1992-06-09,A,64.845578714
19246,USGS,01351500,1992-06-10,A,52.38616621
19247,USGS,01351500,1992-06-11,A,37.095069046
19248,USGS,01351500,1992-06-12,A,32.281205124
19249,USGS,01351500,1992-06-13,A,24.1825869964
19250,USGS,01351500,1992-06-14,A,18.1794155172
19251,USGS,01351500,1992-06-15,A,14.3849580728
19252,USGS,01351500,1992-06-16,A,13.4788189816
19253,USGS,01351500,1992-06-17,A,9.061390912
19254,USGS,01351500,1992-06-18,A,7.3906969626
19255,USGS,01351500,1992-06-19,A,5.7766367064
19256,USGS,01351500,1992-06-20,A,6.5411915646
19257,USGS,01351500,1992-06-21,A,6.2863399452
19258,USGS,01351500,1992-06-22,A,5.4651513938
19259,USGS,01351500,1992-06-23,A,4.7855470754
19260,USGS,01351500,1992-06-24,A,4.2192101434
19261,USGS,01351500,1992-06-25,A,4.2192101434
19262,USGS,01351500,1992-06-26,A,4.4457449162
19263,USGS,01351500,1992-06-27,A,4.2192101434
19264,USGS,01351500,1992-06-28,A,3.7944574444
19265,USGS,01351500,1992-06-29,A,3.4263384386
19266,USGS,01351500,1992-06-30,A,3.0299025862
19267,USGS,01351500,1992-07-01,A,2.83168466
19268,USGS,01351500,1992-07-02,A,2.265347728
19269,USGS,01351500,1992-07-03,A,2.0954466484000003
19270,USGS,01351500,1992-07-04,A,2.5768330406
19271,USGS,01351500,1992-07-05,A,3.1431699726
19272,USGS,01351500,1992-07-06,A,3.1431699726
19273,USGS,01351500,1992-07-07,A,3.256437359
19274,USGS,01351500,1992-07-08,A,2.8600015066
19275,USGS,01351500,1992-07-09,A,2.6617835804
19276,USGS,01351500,1992-07-10,A,2.3786151144
19277,USGS,01351500,1992-07-11,A,2.3502982678
19278,USGS,01351500,1992-07-12,A,2.123763495
19279,USGS,01351500,1992-07-13,A,2.2370308814
19280,USGS,01351500,1992-07-14,A,2.690100427
19281,USGS,01351500,1992-07-15,A,3.9926753706
19282,USGS,01351500,1992-07-16,A,11.468322873
19283,USGS,01351500,1992-07-17,A,8.0419844344
19284,USGS,01351500,1992-07-18,A,5.3518840074
19285,USGS,01351500,1992-07-19,A,4.3607943764
19286,USGS,01351500,1992-07-20,A,3.7661405978
19287,USGS,01351500,1992-07-21,A,3.3130710522
19288,USGS,01351500,1992-07-22,A,2.6334667338
19289,USGS,01351500,1992-07-23,A,8.6083213664
19290,USGS,01351500,1992-07-24,A,26.108132565200002
19291,USGS,01351500,1992-07-25,A,11.2701049468
19292,USGS,01351500,1992-07-26,A,6.6827757976
19293,USGS,01351500,1992-07-27,A,5.2669334676
19294,USGS,01351500,1992-07-28,A,4.3891112230000005
19295,USGS,01351500,1992-07-29,A,4.0493090638
19296,USGS,01351500,1992-07-30,A,4.9271313084
19297,USGS,01351500,1992-07-31,A,8.211885514
19298,USGS,01351500,1992-08-01,A,23.3330815984
19299,USGS,01351500,1992-08-02,A,14.922978158200001
19300,USGS,01351500,1992-08-03,A,8.211885514
19301,USGS,01351500,1992-08-04,A,6.003171479200001
19302,USGS,01351500,1992-08-05,A,5.8332703996
19303,USGS,01351500,1992-08-06,A,5.4368345472
19304,USGS,01351500,1992-08-07,A,4.4174280696
19305,USGS,01351500,1992-08-08,A,3.7095069046
19306,USGS,01351500,1992-08-09,A,3.4829721318
19307,USGS,01351500,1992-08-10,A,16.282186795
19308,USGS,01351500,1992-08-11,A,10.7037680148
19309,USGS,01351500,1992-08-12,A,6.4279241782000005
19310,USGS,01351500,1992-08-13,A,4.9271313084
19311,USGS,01351500,1992-08-14,A,4.2758438366
19312,USGS,01351500,1992-08-15,A,5.8899040928
19313,USGS,01351500,1992-08-16,A,5.6067356268
19314,USGS,01351500,1992-08-17,A,4.7855470754
19315,USGS,01351500,1992-08-18,A,4.643962842400001
19316,USGS,01351500,1992-08-19,A,5.7200030132
19317,USGS,01351500,1992-08-20,A,5.0403986948
19318,USGS,01351500,1992-08-21,A,4.0493090638
19319,USGS,01351500,1992-08-22,A,3.398021592
19320,USGS,01351500,1992-08-23,A,2.8883183532
19321,USGS,01351500,1992-08-24,A,2.5768330406
19322,USGS,01351500,1992-08-25,A,2.3219814212000003
19323,USGS,01351500,1992-08-26,A,4.643962842400001
19324,USGS,01351500,1992-08-27,A,6.6544589510000005
19325,USGS,01351500,1992-08-28,A,4.24752699
19326,USGS,01351500,1992-08-29,A,3.7378237512
19327,USGS,01351500,1992-08-30,A,3.8794079842
19328,USGS,01351500,1992-08-31,A,3.4263384386
19329,USGS,01351500,1992-09-01,A,2.7184172736
19330,USGS,01351500,1992-09-02,A,2.2936645746
19331,USGS,01351500,1992-09-03,A,2.0671298018
19332,USGS,01351500,1992-09-04,A,2.0388129552
19333,USGS,01351500,1992-09-05,A,2.0388129552
19334,USGS,01351500,1992-09-06,A,2.0388129552
19335,USGS,01351500,1992-09-07,A,1.8405950290000002
19336,USGS,01351500,1992-09-08,A,1.699010796
19337,USGS,01351500,1992-09-09,A,1.6706939494
19338,USGS,01351500,1992-09-10,A,1.6140602562000002
19339,USGS,01351500,1992-09-11,A,1.8122781824
19340,USGS,01351500,1992-09-12,A,2.4635656542
19341,USGS,01351500,1992-09-13,A,2.3502982678
19342,USGS,01351500,1992-09-14,A,1.9538624154000002
19343,USGS,01351500,1992-09-15,A,1.6423771028
19344,USGS,01351500,1992-09-16,A,1.41584233
19345,USGS,01351500,1992-09-17,A,1.3025749436
19346,USGS,01351500,1992-09-18,A,1.1893075572
19347,USGS,01351500,1992-09-19,A,1.2459412504
19348,USGS,01351500,1992-09-20,A,1.1609907106000001
19349,USGS,01351500,1992-09-21,A,1.1893075572
19350,USGS,01351500,1992-09-22,A,1.3592086368
19351,USGS,01351500,1992-09-23,A,2.973268893
19352,USGS,01351500,1992-09-24,A,4.24752699
19353,USGS,01351500,1992-09-25,A,3.1714868192
19354,USGS,01351500,1992-09-26,A,2.4635656542
19355,USGS,01351500,1992-09-27,A,2.265347728
19356,USGS,01351500,1992-09-28,A,2.2936645746
19357,USGS,01351500,1992-09-29,A,2.2936645746
19358,USGS,01351500,1992-09-30,A,1.982179262
19359,USGS,01351500,1992-10-01,A,1.699010796
19360,USGS,01351500,1992-10-02,A,1.5291097164
19361,USGS,01351500,1992-10-03,A,1.557426563
19362,USGS,01351500,1992-10-04,A,1.4724760232
19363,USGS,01351500,1992-10-05,A,1.3308917902
19364,USGS,01351500,1992-10-06,A,1.2742580970000001
19365,USGS,01351500,1992-10-07,A,1.2176244038
19366,USGS,01351500,1992-10-08,A,1.1609907106000001
19367,USGS,01351500,1992-10-09,A,1.2176244038
19368,USGS,01351500,1992-10-10,A,1.6423771028
19369,USGS,01351500,1992-10-11,A,3.6245563648
19370,USGS,01351500,1992-10-12,A,4.0209922172
19371,USGS,01351500,1992-10-13,A,3.822774291
19372,USGS,01351500,1992-10-14,A,3.114853126
19373,USGS,01351500,1992-10-15,A,2.7750509668000003
19374,USGS,01351500,1992-10-16,A,2.8883183532
19375,USGS,01351500,1992-10-17,A,3.5112889784
19376,USGS,01351500,1992-10-18,A,3.539605825
19377,USGS,01351500,1992-10-19,A,3.4546552852000003
19378,USGS,01351500,1992-10-20,A,3.3697047454
19379,USGS,01351500,1992-10-21,A,3.5962395182
19380,USGS,01351500,1992-10-22,A,3.5112889784
19381,USGS,01351500,1992-10-23,A,3.3413878988
19382,USGS,01351500,1992-10-24,A,3.398021592
19383,USGS,01351500,1992-10-25,A,5.4368345472
19384,USGS,01351500,1992-10-26,A,7.220795883
19385,USGS,01351500,1992-10-27,A,5.7483198598000005
19386,USGS,01351500,1992-10-28,A,4.9271313084
19387,USGS,01351500,1992-10-29,A,4.4457449162
19388,USGS,01351500,1992-10-30,A,4.2192101434
19389,USGS,01351500,1992-10-31,A,4.5023786094
19390,USGS,01351500,1992-11-01,A,4.2758438366
19391,USGS,01351500,1992-11-02,A,4.0209922172
19392,USGS,01351500,1992-11-03,A,12.6859472768
19393,USGS,01351500,1992-11-04,A,25.9948651788
19394,USGS,01351500,1992-11-05,A,15.3477308572
19395,USGS,01351500,1992-11-06,A,17.6697122784
19396,USGS,01351500,1992-11-07,A,17.9245638978
19397,USGS,01351500,1992-11-08,A,13.2522842088
19398,USGS,01351500,1992-11-09,A,10.7037680148
19399,USGS,01351500,1992-11-10,A,9.4578267644
19400,USGS,01351500,1992-11-11,A,10.2790153158
19401,USGS,01351500,1992-11-12,A,13.450502135
19402,USGS,01351500,1992-11-13,A,19.5103073074
19403,USGS,01351500,1992-11-14,A,21.7190213422
19404,USGS,01351500,1992-11-15,A,15.149512931
19405,USGS,01351500,1992-11-16,A,12.600996737000001
19406,USGS,01351500,1992-11-17,A,11.5815902594
19407,USGS,01351500,1992-11-18,A,11.3550554866
19408,USGS,01351500,1992-11-19,A,10.760401708
19409,USGS,01351500,1992-11-20,A,9.939213156600001
19410,USGS,01351500,1992-11-21,A,9.627727844
19411,USGS,01351500,1992-11-22,A,18.3776334434
19412,USGS,01351500,1992-11-23,A,56.6336932
19413,USGS,01351500,1992-11-24,A,52.669334676
19414,USGS,01351500,1992-11-25,A,56.6336932
19415,USGS,01351500,1992-11-26,A,50.687155414
19416,USGS,01351500,1992-11-27,A,49.271313084
19417,USGS,01351500,1992-11-28,A,40.209922172
19418,USGS,01351500,1992-11-29,A,32.847542056
19419,USGS,01351500,1992-11-30,A,27.6938759748
19420,USGS,01351500,1992-12-01,A,24.352488076
19421,USGS,01351500,1992-12-02,A,22.5685267402
19422,USGS,01351500,1992-12-03,A,21.7473381888
19423,USGS,01351500,1992-12-04,A,19.7085252336
19424,USGS,01351500,1992-12-05,A,18.0095144376
19425,USGS,01351500,1992-12-06,A,14.7813939252
19426,USGS,01351500,1992-12-07,A,14.469908612600001
19427,USGS,01351500,1992-12-08,A:e,13.592086368
19428,USGS,01351500,1992-12-09,A:e,11.32673864
19429,USGS,01351500,1992-12-10,A:e,11.893075572
19430,USGS,01351500,1992-12-11,A,19.8501094666
19431,USGS,01351500,1992-12-12,A,19.1988219948
19432,USGS,01351500,1992-12-13,A,26.5045684176
19433,USGS,01351500,1992-12-14,A:e,16.99010796
19434,USGS,01351500,1992-12-15,A:e,11.32673864
19435,USGS,01351500,1992-12-16,A:e,12.74258097
19436,USGS,01351500,1992-12-17,A:e,19.82179262
19437,USGS,01351500,1992-12-18,A:e,33.98021592
19438,USGS,01351500,1992-12-19,A:e,28.3168466
19439,USGS,01351500,1992-12-20,A:e,39.64358524
19440,USGS,01351500,1992-12-21,A:e,39.64358524
19441,USGS,01351500,1992-12-22,A:e,31.148531260000002
19442,USGS,01351500,1992-12-23,A:e,28.3168466
19443,USGS,01351500,1992-12-24,A:e,23.219814212
19444,USGS,01351500,1992-12-25,A:e,18.122781824
19445,USGS,01351500,1992-12-26,A:e,18.122781824
19446,USGS,01351500,1992-12-27,A:e,18.689118756
19447,USGS,01351500,1992-12-28,A:e,20.954466484
19448,USGS,01351500,1992-12-29,A:e,28.3168466
19449,USGS,01351500,1992-12-30,A,48.988144618
19450,USGS,01351500,1992-12-31,A:e,169.9010796
19451,USGS,01351500,1993-01-01,A,224.835762004
19452,USGS,01351500,1993-01-02,A,88.914898324
19453,USGS,01351500,1993-01-03,A,54.651513938
19454,USGS,01351500,1993-01-04,A,60.598051724
19455,USGS,01351500,1993-01-05,A,176.130785852
19456,USGS,01351500,1993-01-06,A,253.152608604
19457,USGS,01351500,1993-01-07,A,118.93075572000001
19458,USGS,01351500,1993-01-08,A,84.384202868
19459,USGS,01351500,1993-01-09,A,55.501019336
19460,USGS,01351500,1993-01-10,A,35.39605825
19461,USGS,01351500,1993-01-11,A,28.033678134000002
19462,USGS,01351500,1993-01-12,A,27.8637770544
19463,USGS,01351500,1993-01-13,A,28.600015066
19464,USGS,01351500,1993-01-14,A,28.600015066
19465,USGS,01351500,1993-01-15,A,26.6744694972
19466,USGS,01351500,1993-01-16,A,23.899418530400002
19467,USGS,01351500,1993-01-17,A,20.0766442394
19468,USGS,01351500,1993-01-18,A,19.1705051482
19469,USGS,01351500,1993-01-19,A:e,18.122781824
19470,USGS,01351500,1993-01-20,A:e,16.99010796
19471,USGS,01351500,1993-01-21,A:e,17.556444892000002
19472,USGS,01351500,1993-01-22,A:e,18.689118756
19473,USGS,01351500,1993-01-23,A:e,20.388129552000002
19474,USGS,01351500,1993-01-24,A:e,19.82179262
19475,USGS,01351500,1993-01-25,A:e,33.98021592
19476,USGS,01351500,1993-01-26,A:e,28.3168466
19477,USGS,01351500,1993-01-27,A:e,21.520803416
19478,USGS,01351500,1993-01-28,A:e,18.122781824
19479,USGS,01351500,1993-01-29,A:e,15.857434096
19480,USGS,01351500,1993-01-30,A:e,15.291097164
19481,USGS,01351500,1993-01-31,A:e,16.423771028
19482,USGS,01351500,1993-02-01,A:e,16.99010796
19483,USGS,01351500,1993-02-02,A:e,14.1584233
19484,USGS,01351500,1993-02-03,A:e,15.291097164
19485,USGS,01351500,1993-02-04,A:e,14.1584233
19486,USGS,01351500,1993-02-05,A:e,13.308917902000001
19487,USGS,01351500,1993-02-06,A:e,11.893075572
19488,USGS,01351500,1993-02-07,A:e,10.760401708
19489,USGS,01351500,1993-02-08,A:e,9.344559378
19490,USGS,01351500,1993-02-09,A:e,8.49505398
19491,USGS,01351500,1993-02-10,A:e,13.308917902000001
19492,USGS,01351500,1993-02-11,A:e,12.176244038
19493,USGS,01351500,1993-02-12,A:e,11.32673864
19494,USGS,01351500,1993-02-13,A:e,10.194064776000001
19495,USGS,01351500,1993-02-14,A:e,10.760401708
19496,USGS,01351500,1993-02-15,A:e,10.477233242
19497,USGS,01351500,1993-02-16,A:e,11.32673864
19498,USGS,01351500,1993-02-17,A:e,11.043570174000001
19499,USGS,01351500,1993-02-18,A:e,10.760401708
19500,USGS,01351500,1993-02-19,A:e,9.91089631
19501,USGS,01351500,1993-02-20,A:e,9.344559378
19502,USGS,01351500,1993-02-21,A:e,9.344559378
19503,USGS,01351500,1993-02-22,A:e,11.32673864
19504,USGS,01351500,1993-02-23,A:e,12.74258097
19505,USGS,01351500,1993-02-24,A:e,13.592086368
19506,USGS,01351500,1993-02-25,A:e,12.74258097
19507,USGS,01351500,1993-02-26,A:e,11.609907106
19508,USGS,01351500,1993-02-27,A:e,10.760401708
19509,USGS,01351500,1993-02-28,A:e,9.91089631
19510,USGS,01351500,1993-03-01,A:e,9.344559378
19511,USGS,01351500,1993-03-02,A:e,9.061390912
19512,USGS,01351500,1993-03-03,A:e,8.49505398
19513,USGS,01351500,1993-03-04,A:e,7.645548582
19514,USGS,01351500,1993-03-05,A:e,6.796043184
19515,USGS,01351500,1993-03-06,A:e,7.362380116000001
19516,USGS,01351500,1993-03-07,A:e,6.512874718
19517,USGS,01351500,1993-03-08,A:e,6.796043184
19518,USGS,01351500,1993-03-09,A:e,7.362380116000001
19519,USGS,01351500,1993-03-10,A:e,7.928717048
19520,USGS,01351500,1993-03-11,A:e,8.49505398
19521,USGS,01351500,1993-03-12,A:e,7.645548582
19522,USGS,01351500,1993-03-13,A:e,5.097032388000001
19523,USGS,01351500,1993-03-14,A:e,6.229706252
19524,USGS,01351500,1993-03-15,A:e,8.49505398
19525,USGS,01351500,1993-03-16,A:e,11.893075572
19526,USGS,01351500,1993-03-17,A:e,14.1584233
19527,USGS,01351500,1993-03-18,A:e,15.291097164
19528,USGS,01351500,1993-03-19,A:e,16.423771028
19529,USGS,01351500,1993-03-20,A:e,15.857434096
19530,USGS,01351500,1993-03-21,A:e,12.74258097
19531,USGS,01351500,1993-03-22,A:e,11.32673864
19532,USGS,01351500,1993-03-23,A:e,9.91089631
19533,USGS,01351500,1993-03-24,A:e,18.689118756
19534,USGS,01351500,1993-03-25,A:e,33.98021592
19535,USGS,01351500,1993-03-26,A:e,36.81190058
19536,USGS,01351500,1993-03-27,A:e,48.13863922
19537,USGS,01351500,1993-03-28,A,134.22185288400001
19538,USGS,01351500,1993-03-29,A,317.14868192
19539,USGS,01351500,1993-03-30,A,781.5449661600001
19540,USGS,01351500,1993-03-31,A,557.84187802
19541,USGS,01351500,1993-04-01,A,538.0200854
19542,USGS,01351500,1993-04-02,A,396.4358524
19543,USGS,01351500,1993-04-03,A,274.107075088
19544,USGS,01351500,1993-04-04,A,178.39613358
19545,USGS,01351500,1993-04-05,A,144.132749194
19546,USGS,01351500,1993-04-06,A,169.9010796
19547,USGS,01351500,1993-04-07,A,189.15653528800001
19548,USGS,01351500,1993-04-08,A,204.447632452
19549,USGS,01351500,1993-04-09,A,235.02982678
19550,USGS,01351500,1993-04-10,A,325.6437359
19551,USGS,01351500,1993-04-11,A,617.3072558800001
19552,USGS,01351500,1993-04-12,A,336.97047454
19553,USGS,01351500,1993-04-13,A,195.38624154000001
19554,USGS,01351500,1993-04-14,A,145.265423058
19555,USGS,01351500,1993-04-15,A,127.4258097
19556,USGS,01351500,1993-04-16,A,143.283243796
19557,USGS,01351500,1993-04-17,A,470.05965356
19558,USGS,01351500,1993-04-18,A,272.124895826
19559,USGS,01351500,1993-04-19,A,158.291172494
19560,USGS,01351500,1993-04-20,A,116.09907106
19561,USGS,01351500,1993-04-21,A,98.259457702
19562,USGS,01351500,1993-04-22,A,198.2179262
19563,USGS,01351500,1993-04-23,A,373.78237512
19564,USGS,01351500,1993-04-24,A,224.835762004
19565,USGS,01351500,1993-04-25,A,156.875330164
19566,USGS,01351500,1993-04-26,A,154.32681397000002
19567,USGS,01351500,1993-04-27,A,305.82194328
19568,USGS,01351500,1993-04-28,A,185.758513696
19569,USGS,01351500,1993-04-29,A,133.08917902000002
19570,USGS,01351500,1993-04-30,A,106.754511682
19571,USGS,01351500,1993-05-01,A,89.19806679
19572,USGS,01351500,1993-05-02,A,71.924790364
19573,USGS,01351500,1993-05-03,A,60.88122019
19574,USGS,01351500,1993-05-04,A,53.235671608000004
19575,USGS,01351500,1993-05-05,A,47.572302288
19576,USGS,01351500,1993-05-06,A,49.55448155
19577,USGS,01351500,1993-05-07,A,43.607943764
19578,USGS,01351500,1993-05-08,A,37.095069046
19579,USGS,01351500,1993-05-09,A,31.998036658
19580,USGS,01351500,1993-05-10,A,28.600015066
19581,USGS,01351500,1993-05-11,A,27.3540738156
19582,USGS,01351500,1993-05-12,A,24.3808049226
19583,USGS,01351500,1993-05-13,A,21.690704495600002
19584,USGS,01351500,1993-05-14,A,18.6608019094
19585,USGS,01351500,1993-05-15,A,19.623574693800002
19586,USGS,01351500,1993-05-16,A,15.149512931
19587,USGS,01351500,1993-05-17,A,12.2328777312
19588,USGS,01351500,1993-05-18,A,11.3550554866
19589,USGS,01351500,1993-05-19,A,9.5710941508
19590,USGS,01351500,1993-05-20,A,9.0047572188
19591,USGS,01351500,1993-05-21,A,10.2223816226
19592,USGS,01351500,1993-05-22,A,10.8170354012
19593,USGS,01351500,1993-05-23,A,8.6649550596
19594,USGS,01351500,1993-05-24,A,7.7871328150000005
19595,USGS,01351500,1993-05-25,A,6.5978252578
19596,USGS,01351500,1993-05-26,A,5.7483198598000005
19597,USGS,01351500,1993-05-27,A,5.3235671608
19598,USGS,01351500,1993-05-28,A,5.0120818482
19599,USGS,01351500,1993-05-29,A,4.813863922
19600,USGS,01351500,1993-05-30,A,4.2758438366
19601,USGS,01351500,1993-05-31,A,3.9926753706
19602,USGS,01351500,1993-06-01,A,4.4740617628
19603,USGS,01351500,1993-06-02,A,4.8704976152
19604,USGS,01351500,1993-06-03,A,4.1342596036
19605,USGS,01351500,1993-06-04,A,3.539605825
19606,USGS,01351500,1993-06-05,A,3.3130710522
19607,USGS,01351500,1993-06-06,A,4.105942757
19608,USGS,01351500,1993-06-07,A,5.4934682404
19609,USGS,01351500,1993-06-08,A,4.813863922
19610,USGS,01351500,1993-06-09,A,3.9926753706
19611,USGS,01351500,1993-06-10,A,3.5962395182
19612,USGS,01351500,1993-06-11,A,3.3130710522
19613,USGS,01351500,1993-06-12,A,2.973268893
19614,USGS,01351500,1993-06-13,A,2.6617835804
19615,USGS,01351500,1993-06-14,A,2.3219814212000003
19616,USGS,01351500,1993-06-15,A,2.1520803416
19617,USGS,01351500,1993-06-16,A,2.3219814212000003
19618,USGS,01351500,1993-06-17,A,2.6617835804
19619,USGS,01351500,1993-06-18,A,2.4918825008
19620,USGS,01351500,1993-06-19,A,2.0671298018
19621,USGS,01351500,1993-06-20,A,2.0954466484000003
19622,USGS,01351500,1993-06-21,A,2.2087140348
19623,USGS,01351500,1993-06-22,A,2.4918825008
19624,USGS,01351500,1993-06-23,A,2.7467341202
19625,USGS,01351500,1993-06-24,A,2.3786151144
19626,USGS,01351500,1993-06-25,A,1.8972287222
19627,USGS,01351500,1993-06-26,A,1.5857434096
19628,USGS,01351500,1993-06-27,A,1.3592086368
19629,USGS,01351500,1993-06-28,A,1.3592086368
19630,USGS,01351500,1993-06-29,A,1.5857434096
19631,USGS,01351500,1993-06-30,A,1.7556444892
19632,USGS,01351500,1993-07-01,A,1.7273276426000002
19633,USGS,01351500,1993-07-02,A,1.5007928698000002
19634,USGS,01351500,1993-07-03,A,1.3025749436
19635,USGS,01351500,1993-07-04,A,1.2176244038
19636,USGS,01351500,1993-07-05,A,1.132673864
19637,USGS,01351500,1993-07-06,A,1.0760401708
19638,USGS,01351500,1993-07-07,A,1.0194064776
19639,USGS,01351500,1993-07-08,A,1.0194064776
19640,USGS,01351500,1993-07-09,A,0.9061390912
19641,USGS,01351500,1993-07-10,A,0.8778222446
19642,USGS,01351500,1993-07-11,A,0.7362380116
19643,USGS,01351500,1993-07-12,A,0.707921165
19644,USGS,01351500,1993-07-13,A,0.707921165
19645,USGS,01351500,1993-07-14,A,0.707921165
19646,USGS,01351500,1993-07-15,A,0.707921165
19647,USGS,01351500,1993-07-16,A,0.6229706252
19648,USGS,01351500,1993-07-17,A,0.566336932
19649,USGS,01351500,1993-07-18,A,0.5380200854
19650,USGS,01351500,1993-07-19,A,0.6512874718
19651,USGS,01351500,1993-07-20,A,0.9061390912
19652,USGS,01351500,1993-07-21,A,1.0194064776
19653,USGS,01351500,1993-07-22,A,0.849505398
19654,USGS,01351500,1993-07-23,A,0.7645548582
19655,USGS,01351500,1993-07-24,A,0.707921165
19656,USGS,01351500,1993-07-25,A,0.6512874718
19657,USGS,01351500,1993-07-26,A,0.5946537786
19658,USGS,01351500,1993-07-27,A,0.6229706252
19659,USGS,01351500,1993-07-28,A,0.6229706252
19660,USGS,01351500,1993-07-29,A,0.6229706252
19661,USGS,01351500,1993-07-30,A,0.6229706252
19662,USGS,01351500,1993-07-31,A,0.6512874718
19663,USGS,01351500,1993-08-01,A,0.6512874718
19664,USGS,01351500,1993-08-02,A,0.707921165
19665,USGS,01351500,1993-08-03,A,0.7928717048
19666,USGS,01351500,1993-08-04,A,0.8211885514
19667,USGS,01351500,1993-08-05,A,0.8211885514
19668,USGS,01351500,1993-08-06,A,0.7928717048
19669,USGS,01351500,1993-08-07,A,0.7645548582
19670,USGS,01351500,1993-08-08,A,0.7362380116
19671,USGS,01351500,1993-08-09,A,0.7362380116
19672,USGS,01351500,1993-08-10,A,0.707921165
19673,USGS,01351500,1993-08-11,A,0.6512874718
19674,USGS,01351500,1993-08-12,A,0.6229706252
19675,USGS,01351500,1993-08-13,A,0.6229706252
19676,USGS,01351500,1993-08-14,A,0.5380200854
19677,USGS,01351500,1993-08-15,A,0.5097032388
19678,USGS,01351500,1993-08-16,A,0.566336932
19679,USGS,01351500,1993-08-17,A,0.566336932
19680,USGS,01351500,1993-08-18,A,0.5946537786
19681,USGS,01351500,1993-08-19,A,0.7928717048
19682,USGS,01351500,1993-08-20,A,0.7362380116
19683,USGS,01351500,1993-08-21,A,0.6796043184
19684,USGS,01351500,1993-08-22,A,0.5946537786
19685,USGS,01351500,1993-08-23,A,0.5380200854
19686,USGS,01351500,1993-08-24,A,0.5097032388
19687,USGS,01351500,1993-08-25,A,0.5380200854
19688,USGS,01351500,1993-08-26,A,0.4530695456
19689,USGS,01351500,1993-08-27,A,0.424752699
19690,USGS,01351500,1993-08-28,A,0.424752699
19691,USGS,01351500,1993-08-29,A,0.3964358524
19692,USGS,01351500,1993-08-30,A,0.3398021592
19693,USGS,01351500,1993-08-31,A,0.3398021592
19694,USGS,01351500,1993-09-01,A,0.424752699
19695,USGS,01351500,1993-09-02,A,0.4530695456
19696,USGS,01351500,1993-09-03,A,0.4813863922
19697,USGS,01351500,1993-09-04,A,0.5097032388
19698,USGS,01351500,1993-09-05,A,0.5097032388
19699,USGS,01351500,1993-09-06,A,0.5380200854
19700,USGS,01351500,1993-09-07,A,0.5097032388
19701,USGS,01351500,1993-09-08,A,0.4813863922
19702,USGS,01351500,1993-09-09,A,0.4813863922
19703,USGS,01351500,1993-09-10,A,0.5380200854
19704,USGS,01351500,1993-09-11,A,0.5946537786
19705,USGS,01351500,1993-09-12,A,0.6229706252
19706,USGS,01351500,1993-09-13,A,0.6796043184
19707,USGS,01351500,1993-09-14,A,0.6796043184
19708,USGS,01351500,1993-09-15,A,0.6796043184
19709,USGS,01351500,1993-09-16,A,0.6512874718
19710,USGS,01351500,1993-09-17,A,0.6796043184
19711,USGS,01351500,1993-09-18,A,0.8211885514
19712,USGS,01351500,1993-09-19,A,0.991089631
19713,USGS,01351500,1993-09-20,A,0.991089631
19714,USGS,01351500,1993-09-21,A,0.9627727844
19715,USGS,01351500,1993-09-22,A,0.9061390912
19716,USGS,01351500,1993-09-23,A,0.8778222446
19717,USGS,01351500,1993-09-24,A,0.849505398
19718,USGS,01351500,1993-09-25,A,0.7928717048
19719,USGS,01351500,1993-09-26,A,0.7645548582
19720,USGS,01351500,1993-09-27,A,0.7928717048
19721,USGS,01351500,1993-09-28,A,0.8778222446
19722,USGS,01351500,1993-09-29,A,0.9627727844
19723,USGS,01351500,1993-09-30,A,0.9627727844
19724,USGS,01351500,1993-10-01,A,0.991089631
19725,USGS,01351500,1993-10-02,A,0.9344559378
19726,USGS,01351500,1993-10-03,A,0.9627727844
19727,USGS,01351500,1993-10-04,A,0.9627727844
19728,USGS,01351500,1993-10-05,A,1.3025749436
19729,USGS,01351500,1993-10-06,A,1.5291097164
19730,USGS,01351500,1993-10-07,A,1.557426563
19731,USGS,01351500,1993-10-08,A,1.41584233
19732,USGS,01351500,1993-10-09,A,1.3308917902
19733,USGS,01351500,1993-10-10,A,1.2176244038
19734,USGS,01351500,1993-10-11,A,1.1043570174
19735,USGS,01351500,1993-10-12,A,1.1609907106000001
19736,USGS,01351500,1993-10-13,A,1.2742580970000001
19737,USGS,01351500,1993-10-14,A,1.3308917902
19738,USGS,01351500,1993-10-15,A,1.3592086368
19739,USGS,01351500,1993-10-16,A,1.2176244038
19740,USGS,01351500,1993-10-17,A,1.1609907106000001
19741,USGS,01351500,1993-10-18,A,1.0194064776
19742,USGS,01351500,1993-10-19,A,0.8778222446
19743,USGS,01351500,1993-10-20,A,0.849505398
19744,USGS,01351500,1993-10-21,A,0.9344559378
19745,USGS,01351500,1993-10-22,A,1.1043570174
19746,USGS,01351500,1993-10-23,A,2.0388129552
19747,USGS,01351500,1993-10-24,A,2.2370308814
19748,USGS,01351500,1993-10-25,A,1.699010796
19749,USGS,01351500,1993-10-26,A,1.3875254834000001
19750,USGS,01351500,1993-10-27,A,1.2742580970000001
19751,USGS,01351500,1993-10-28,A,1.1609907106000001
19752,USGS,01351500,1993-10-29,A,1.0477233242000001
19753,USGS,01351500,1993-10-30,A,1.0477233242000001
19754,USGS,01351500,1993-10-31,A,1.3308917902
19755,USGS,01351500,1993-11-01,A,2.6334667338
19756,USGS,01351500,1993-11-02,A,4.0493090638
19757,USGS,01351500,1993-11-03,A,3.9077248308000003
19758,USGS,01351500,1993-11-04,A,3.5679226716
19759,USGS,01351500,1993-11-05,A,4.0493090638
19760,USGS,01351500,1993-11-06,A,9.5427773042
19761,USGS,01351500,1993-11-07,A,12.1479271914
19762,USGS,01351500,1993-11-08,A,8.9481235256
19763,USGS,01351500,1993-11-09,A,6.7394094908
19764,USGS,01351500,1993-11-10,A,5.7200030132
19765,USGS,01351500,1993-11-11,A,5.097032388000001
19766,USGS,01351500,1993-11-12,A,4.7572302288
19767,USGS,01351500,1993-11-13,A,4.7855470754
19768,USGS,01351500,1993-11-14,A,5.238616621
19769,USGS,01351500,1993-11-15,A,5.4934682404
19770,USGS,01351500,1993-11-16,A,6.2013894054000005
19771,USGS,01351500,1993-11-17,A,6.4279241782000005
19772,USGS,01351500,1993-11-18,A,33.130710522
19773,USGS,01351500,1993-11-19,A,31.714868192
19774,USGS,01351500,1993-11-20,A,22.9083288994
19775,USGS,01351500,1993-11-21,A,18.8873366822
19776,USGS,01351500,1993-11-22,A,13.7053537544
19777,USGS,01351500,1993-11-23,A,11.6948576458
19778,USGS,01351500,1993-11-24,A,10.8736690944
19779,USGS,01351500,1993-11-25,A,10.5621837818
19780,USGS,01351500,1993-11-26,A,8.6083213664
19781,USGS,01351500,1993-11-27,A,8.4101034402
19782,USGS,01351500,1993-11-28,A,18.122781824
19783,USGS,01351500,1993-11-29,A,65.411915646
19784,USGS,01351500,1993-11-30,A,35.112889784000004
19785,USGS,01351500,1993-12-01,A,25.456845093400002
19786,USGS,01351500,1993-12-02,A,20.0483273928
19787,USGS,01351500,1993-12-03,A,20.388129552000002
19788,USGS,01351500,1993-12-04,A,22.7667446664
19789,USGS,01351500,1993-12-05,A,44.740617628
19790,USGS,01351500,1993-12-06,A,50.687155414
19791,USGS,01351500,1993-12-07,A,34.829721318000004
19792,USGS,01351500,1993-12-08,A,31.148531260000002
19793,USGS,01351500,1993-12-09,A,27.5522917418
19794,USGS,01351500,1993-12-10,A,23.3897152916
19795,USGS,01351500,1993-12-11,A,27.127539042800002
19796,USGS,01351500,1993-12-12,A,25.8815977924
19797,USGS,01351500,1993-12-13,A,20.1615947792
19798,USGS,01351500,1993-12-14,A,18.320999750200002
19799,USGS,01351500,1993-12-15,A,23.5879332178
19800,USGS,01351500,1993-12-16,A,32.281205124
19801,USGS,01351500,1993-12-17,A,33.413878988
19802,USGS,01351500,1993-12-18,A,27.467341202
19803,USGS,01351500,1993-12-19,A,24.7489239284
19804,USGS,01351500,1993-12-20,A,25.201993474000002
19805,USGS,01351500,1993-12-21,A,30.299025862
19806,USGS,01351500,1993-12-22,A,65.695084112
19807,USGS,01351500,1993-12-23,A,51.253492346
19808,USGS,01351500,1993-12-24,A,33.98021592
19809,USGS,01351500,1993-12-25,A:e,25.48516194
19810,USGS,01351500,1993-12-26,A:e,19.82179262
19811,USGS,01351500,1993-12-27,A:e,16.423771028
19812,USGS,01351500,1993-12-28,A:e,14.1584233
19813,USGS,01351500,1993-12-29,A:e,18.122781824
19814,USGS,01351500,1993-12-30,A:e,22.65347728
19815,USGS,01351500,1993-12-31,A:e,18.689118756
19816,USGS,01351500,1994-01-01,A:e,15.857434096
19817,USGS,01351500,1994-01-02,A:e,14.724760232000001
19818,USGS,01351500,1994-01-03,A:e,14.1584233
19819,USGS,01351500,1994-01-04,A:e,13.592086368
19820,USGS,01351500,1994-01-05,A:e,9.91089631
19821,USGS,01351500,1994-01-06,A:e,4.813863922
19822,USGS,01351500,1994-01-07,A:e,6.512874718
19823,USGS,01351500,1994-01-08,A:e,5.946537786
19824,USGS,01351500,1994-01-09,A:e,5.380200854
19825,USGS,01351500,1994-01-10,A:e,5.097032388000001
19826,USGS,01351500,1994-01-11,A:e,4.813863922
19827,USGS,01351500,1994-01-12,A:e,4.813863922
19828,USGS,01351500,1994-01-13,A:e,4.813863922
19829,USGS,01351500,1994-01-14,A:e,4.530695456
19830,USGS,01351500,1994-01-15,A:e,3.964358524
19831,USGS,01351500,1994-01-16,A:e,2.83168466
19832,USGS,01351500,1994-01-17,A:e,2.5485161940000003
19833,USGS,01351500,1994-01-18,A:e,2.83168466
19834,USGS,01351500,1994-01-19,A:e,3.114853126
19835,USGS,01351500,1994-01-20,A:e,3.114853126
19836,USGS,01351500,1994-01-21,A:e,3.114853126
19837,USGS,01351500,1994-01-22,A:e,3.114853126
19838,USGS,01351500,1994-01-23,A:e,2.83168466
19839,USGS,01351500,1994-01-24,A:e,3.114853126
19840,USGS,01351500,1994-01-25,A:e,3.6811900580000003
19841,USGS,01351500,1994-01-26,A:e,4.530695456
19842,USGS,01351500,1994-01-27,A:e,6.512874718
19843,USGS,01351500,1994-01-28,A:e,11.32673864
19844,USGS,01351500,1994-01-29,A:e,16.99010796
19845,USGS,01351500,1994-01-30,A:e,56.6336932
19846,USGS,01351500,1994-01-31,A:e,22.65347728
19847,USGS,01351500,1994-02-01,A:e,15.857434096
19848,USGS,01351500,1994-02-02,A:e,9.91089631
19849,USGS,01351500,1994-02-03,A:e,8.778222446000001
19850,USGS,01351500,1994-02-04,A:e,7.928717048
19851,USGS,01351500,1994-02-05,A:e,7.07921165
19852,USGS,01351500,1994-02-06,A:e,6.512874718
19853,USGS,01351500,1994-02-07,A:e,6.229706252
19854,USGS,01351500,1994-02-08,A:e,6.229706252
19855,USGS,01351500,1994-02-09,A:e,6.512874718
19856,USGS,01351500,1994-02-10,A:e,8.49505398
19857,USGS,01351500,1994-02-11,A:e,9.91089631
19858,USGS,01351500,1994-02-12,A:e,5.946537786
19859,USGS,01351500,1994-02-13,A:e,3.6811900580000003
19860,USGS,01351500,1994-02-14,A:e,2.83168466
19861,USGS,01351500,1994-02-15,A:e,3.6811900580000003
19862,USGS,01351500,1994-02-16,A:e,3.964358524
19863,USGS,01351500,1994-02-17,A:e,4.24752699
19864,USGS,01351500,1994-02-18,A:e,5.097032388000001
19865,USGS,01351500,1994-02-19,A:e,7.07921165
19866,USGS,01351500,1994-02-20,A:e,22.65347728
19867,USGS,01351500,1994-02-21,A:e,42.4752699
19868,USGS,01351500,1994-02-22,A:e,96.27727844
19869,USGS,01351500,1994-02-23,A:e,65.12874718
19870,USGS,01351500,1994-02-24,A:e,45.30695456
19871,USGS,01351500,1994-02-25,A:e,36.81190058
19872,USGS,01351500,1994-02-26,A:e,28.3168466
19873,USGS,01351500,1994-02-27,A:e,22.087140348000002
19874,USGS,01351500,1994-02-28,A:e,22.65347728
19875,USGS,01351500,1994-03-01,A:e,25.48516194
19876,USGS,01351500,1994-03-02,A:e,28.3168466
19877,USGS,01351500,1994-03-03,A:e,28.3168466
19878,USGS,01351500,1994-03-04,A:e,28.3168466
19879,USGS,01351500,1994-03-05,A:e,22.65347728
19880,USGS,01351500,1994-03-06,A:e,19.82179262
19881,USGS,01351500,1994-03-07,A:e,16.99010796
19882,USGS,01351500,1994-03-08,A:e,23.786151144
19883,USGS,01351500,1994-03-09,A:e,33.98021592
19884,USGS,01351500,1994-03-10,A:e,67.96043184
19885,USGS,01351500,1994-03-11,A:e,141.584233
19886,USGS,01351500,1994-03-12,A:e,70.7921165
19887,USGS,01351500,1994-03-13,A:e,42.4752699
19888,USGS,01351500,1994-03-14,A:e,50.97032388
19889,USGS,01351500,1994-03-15,A:e,42.4752699
19890,USGS,01351500,1994-03-16,A:e,45.30695456
19891,USGS,01351500,1994-03-17,A:e,36.81190058
19892,USGS,01351500,1994-03-18,A:e,31.148531260000002
19893,USGS,01351500,1994-03-19,A:e,28.3168466
19894,USGS,01351500,1994-03-20,A:e,22.65347728
19895,USGS,01351500,1994-03-21,A:e,20.388129552000002
19896,USGS,01351500,1994-03-22,A:e,39.64358524
19897,USGS,01351500,1994-03-23,A:e,48.13863922
19898,USGS,01351500,1994-03-24,A:e,65.12874718
19899,USGS,01351500,1994-03-25,A:e,93.44559378
19900,USGS,01351500,1994-03-26,A:e,101.94064776
19901,USGS,01351500,1994-03-27,A:e,127.4258097
19902,USGS,01351500,1994-03-28,A,176.69712278400002
19903,USGS,01351500,1994-03-29,A,165.936721076
19904,USGS,01351500,1994-03-30,A,124.877293506
19905,USGS,01351500,1994-03-31,A,107.320848614
19906,USGS,01351500,1994-04-01,A,123.461451176
19907,USGS,01351500,1994-04-02,A,151.77829777600002
19908,USGS,01351500,1994-04-03,A,190.289209152
19909,USGS,01351500,1994-04-04,A,269.0100427
19910,USGS,01351500,1994-04-05,A,192.837725346
19911,USGS,01351500,1994-04-06,A,213.225854898
19912,USGS,01351500,1994-04-07,A,359.62395182
19913,USGS,01351500,1994-04-08,A,288.83183532
19914,USGS,01351500,1994-04-09,A,183.209997502
19915,USGS,01351500,1994-04-10,A,173.582269658
19916,USGS,01351500,1994-04-11,A,204.730800918
19917,USGS,01351500,1994-04-12,A,165.370384144
19918,USGS,01351500,1994-04-13,A,208.411990976
19919,USGS,01351500,1994-04-14,A,410.5942757
19920,USGS,01351500,1994-04-15,A,233.330815984
19921,USGS,01351500,1994-04-16,A,272.124895826
19922,USGS,01351500,1994-04-17,A,300.15857396
19923,USGS,01351500,1994-04-18,A,176.130785852
19924,USGS,01351500,1994-04-19,A,132.522842088
19925,USGS,01351500,1994-04-20,A,109.58619634200001
19926,USGS,01351500,1994-04-21,A,92.02975145
19927,USGS,01351500,1994-04-22,A,77.021822752
19928,USGS,01351500,1994-04-23,A,66.827757976
19929,USGS,01351500,1994-04-24,A,55.501019336
19930,USGS,01351500,1994-04-25,A,51.819829278
19931,USGS,01351500,1994-04-26,A,48.704976152
19932,USGS,01351500,1994-04-27,A,48.704976152
19933,USGS,01351500,1994-04-28,A,47.289133822000004
19934,USGS,01351500,1994-04-29,A,41.059427570000004
19935,USGS,01351500,1994-04-30,A,35.112889784000004
19936,USGS,01351500,1994-05-01,A,55.784187802
19937,USGS,01351500,1994-05-02,A,63.429736384
19938,USGS,01351500,1994-05-03,A,42.192101434
19939,USGS,01351500,1994-05-04,A,35.39605825
19940,USGS,01351500,1994-05-05,A,30.582194328
19941,USGS,01351500,1994-05-06,A,28.600015066
19942,USGS,01351500,1994-05-07,A,30.015857396
19943,USGS,01351500,1994-05-08,A,37.661405978
19944,USGS,01351500,1994-05-09,A,45.30695456
19945,USGS,01351500,1994-05-10,A,35.39605825
19946,USGS,01351500,1994-05-11,A,27.014271656400002
19947,USGS,01351500,1994-05-12,A,25.5134787866
19948,USGS,01351500,1994-05-13,A,27.9770444408
19949,USGS,01351500,1994-05-14,A,24.3808049226
19950,USGS,01351500,1994-05-15,A,17.3299101192
19951,USGS,01351500,1994-05-16,A,28.600015066
19952,USGS,01351500,1994-05-17,A,46.439628424
19953,USGS,01351500,1994-05-18,A,35.679226716
19954,USGS,01351500,1994-05-19,A,26.872687423400002
19955,USGS,01351500,1994-05-20,A,22.4269425072
19956,USGS,01351500,1994-05-21,A,19.963376853
19957,USGS,01351500,1994-05-22,A,16.282186795
19958,USGS,01351500,1994-05-23,A,14.0734727602
19959,USGS,01351500,1994-05-24,A,12.317828271
19960,USGS,01351500,1994-05-25,A,10.845352247800001
19961,USGS,01351500,1994-05-26,A,10.477233242
19962,USGS,01351500,1994-05-27,A,10.477233242
19963,USGS,01351500,1994-05-28,A,10.392282702200001
19964,USGS,01351500,1994-05-29,A,8.8348561392
19965,USGS,01351500,1994-05-30,A,7.5605980422000005
19966,USGS,01351500,1994-05-31,A,6.512874718
19967,USGS,01351500,1994-06-01,A,6.1730725588
19968,USGS,01351500,1994-06-02,A,5.7483198598000005
19969,USGS,01351500,1994-06-03,A,5.097032388000001
19970,USGS,01351500,1994-06-04,A,4.5590123026
19971,USGS,01351500,1994-06-05,A,4.0493090638
19972,USGS,01351500,1994-06-06,A,3.6811900580000003
19973,USGS,01351500,1994-06-07,A,3.4263384386
19974,USGS,01351500,1994-06-08,A,3.5962395182
19975,USGS,01351500,1994-06-09,A,3.5679226716
19976,USGS,01351500,1994-06-10,A,3.256437359
19977,USGS,01351500,1994-06-11,A,2.8033678134
19978,USGS,01351500,1994-06-12,A,2.9449520464
19979,USGS,01351500,1994-06-13,A,3.5679226716
19980,USGS,01351500,1994-06-14,A,5.9748546326000005
19981,USGS,01351500,1994-06-15,A,15.319414010600001
19982,USGS,01351500,1994-06-16,A,7.7021822752
19983,USGS,01351500,1994-06-17,A,5.1819829278
19984,USGS,01351500,1994-06-18,A,3.822774291
19985,USGS,01351500,1994-06-19,A,3.0865362794
19986,USGS,01351500,1994-06-20,A,2.6051498872
19987,USGS,01351500,1994-06-21,A,2.2936645746
19988,USGS,01351500,1994-06-22,A,2.3786151144
19989,USGS,01351500,1994-06-23,A,2.1520803416
19990,USGS,01351500,1994-06-24,A,2.123763495
19991,USGS,01351500,1994-06-25,A,2.5768330406
19992,USGS,01351500,1994-06-26,A,3.5112889784
19993,USGS,01351500,1994-06-27,A,3.5679226716
19994,USGS,01351500,1994-06-28,A,3.398021592
19995,USGS,01351500,1994-06-29,A,3.7378237512
19996,USGS,01351500,1994-06-30,A,4.0493090638
19997,USGS,01351500,1994-07-01,A,5.238616621
19998,USGS,01351500,1994-07-02,A,3.4829721318
19999,USGS,01351500,1994-07-03,A,2.7184172736
20000,USGS,01351500,1994-07-04,A,2.8883183532
20001,USGS,01351500,1994-07-05,A,4.105942757
20002,USGS,01351500,1994-07-06,A,3.114853126
20003,USGS,01351500,1994-07-07,A,2.0954466484000003
20004,USGS,01351500,1994-07-08,A,2.4635656542
20005,USGS,01351500,1994-07-09,A,2.5485161940000003
20006,USGS,01351500,1994-07-10,A,3.4829721318
20007,USGS,01351500,1994-07-11,A,2.5201993474
20008,USGS,01351500,1994-07-12,A,1.982179262
20009,USGS,01351500,1994-07-13,A,1.6140602562000002
20010,USGS,01351500,1994-07-14,A,1.3308917902
20011,USGS,01351500,1994-07-15,A,1.4724760232
20012,USGS,01351500,1994-07-16,A,1.9255455688
20013,USGS,01351500,1994-07-17,A,1.8122781824
20014,USGS,01351500,1994-07-18,A,1.6423771028
20015,USGS,01351500,1994-07-19,A,1.5291097164
20016,USGS,01351500,1994-07-20,A,1.3308917902
20017,USGS,01351500,1994-07-21,A,1.2176244038
20018,USGS,01351500,1994-07-22,A,1.2459412504
20019,USGS,01351500,1994-07-23,A,1.41584233
20020,USGS,01351500,1994-07-24,A,1.4441591766
20021,USGS,01351500,1994-07-25,A,1.699010796
20022,USGS,01351500,1994-07-26,A,1.5857434096
20023,USGS,01351500,1994-07-27,A,1.5291097164
20024,USGS,01351500,1994-07-28,A,1.982179262
20025,USGS,01351500,1994-07-29,A,3.3697047454
20026,USGS,01351500,1994-07-30,A,3.6528732114
20027,USGS,01351500,1994-07-31,A,3.114853126
20028,USGS,01351500,1994-08-01,A,2.3502982678
20029,USGS,01351500,1994-08-02,A,1.9255455688
20030,USGS,01351500,1994-08-03,A,2.5201993474
20031,USGS,01351500,1994-08-04,A,2.690100427
20032,USGS,01351500,1994-08-05,A,2.123763495
20033,USGS,01351500,1994-08-06,A,1.7556444892
20034,USGS,01351500,1994-08-07,A,1.6140602562000002
20035,USGS,01351500,1994-08-08,A,1.3592086368
20036,USGS,01351500,1994-08-09,A,1.2459412504
20037,USGS,01351500,1994-08-10,A,1.132673864
20038,USGS,01351500,1994-08-11,A,1.0194064776
20039,USGS,01351500,1994-08-12,A,0.991089631
20040,USGS,01351500,1994-08-13,A,0.991089631
20041,USGS,01351500,1994-08-14,A,1.0760401708
20042,USGS,01351500,1994-08-15,A,1.982179262
20043,USGS,01351500,1994-08-16,A,2.265347728
20044,USGS,01351500,1994-08-17,A,1.8689118756
20045,USGS,01351500,1994-08-18,A,4.7572302288
20046,USGS,01351500,1994-08-19,A,28.600015066
20047,USGS,01351500,1994-08-20,A,15.2061466242
20048,USGS,01351500,1994-08-21,A,8.6649550596
20049,USGS,01351500,1994-08-22,A,15.3477308572
20050,USGS,01351500,1994-08-23,A,13.054066282600001
20051,USGS,01351500,1994-08-24,A,8.7215887528
20052,USGS,01351500,1994-08-25,A,6.1447557122
20053,USGS,01351500,1994-08-26,A,4.8988144618
20054,USGS,01351500,1994-08-27,A,4.1908932968000006
20055,USGS,01351500,1994-08-28,A,3.5112889784
20056,USGS,01351500,1994-08-29,A,3.114853126
20057,USGS,01351500,1994-08-30,A,2.7750509668000003
20058,USGS,01351500,1994-08-31,A,2.6617835804
20059,USGS,01351500,1994-09-01,A,2.6051498872
20060,USGS,01351500,1994-09-02,A,2.2087140348
20061,USGS,01351500,1994-09-03,A,1.9538624154000002
20062,USGS,01351500,1994-09-04,A,1.7556444892
20063,USGS,01351500,1994-09-05,A,1.6140602562000002
20064,USGS,01351500,1994-09-06,A,1.4441591766
20065,USGS,01351500,1994-09-07,A,1.3025749436
20066,USGS,01351500,1994-09-08,A,1.2176244038
20067,USGS,01351500,1994-09-09,A,1.2459412504
20068,USGS,01351500,1994-09-10,A,1.2176244038
20069,USGS,01351500,1994-09-11,A,1.132673864
20070,USGS,01351500,1994-09-12,A,1.0477233242000001
20071,USGS,01351500,1994-09-13,A,1.0194064776
20072,USGS,01351500,1994-09-14,A,0.991089631
20073,USGS,01351500,1994-09-15,A,0.991089631
20074,USGS,01351500,1994-09-16,A,1.0194064776
20075,USGS,01351500,1994-09-17,A,0.991089631
20076,USGS,01351500,1994-09-18,A,0.9627727844
20077,USGS,01351500,1994-09-19,A,0.9344559378
20078,USGS,01351500,1994-09-20,A,0.9061390912
20079,USGS,01351500,1994-09-21,A,0.849505398
20080,USGS,01351500,1994-09-22,A,0.849505398
20081,USGS,01351500,1994-09-23,A,0.9627727844
20082,USGS,01351500,1994-09-24,A,1.2176244038
20083,USGS,01351500,1994-09-25,A,1.557426563
20084,USGS,01351500,1994-09-26,A,1.5007928698000002
20085,USGS,01351500,1994-09-27,A,1.557426563
20086,USGS,01351500,1994-09-28,A,2.0388129552
20087,USGS,01351500,1994-09-29,A,3.0299025862
20088,USGS,01351500,1994-09-30,A,2.3786151144
20089,USGS,01351500,1994-10-01,A,2.0104961086
20090,USGS,01351500,1994-10-02,A,1.9255455688
20091,USGS,01351500,1994-10-03,A,1.9538624154000002
20092,USGS,01351500,1994-10-04,A,1.9538624154000002
20093,USGS,01351500,1994-10-05,A,1.7839613358
20094,USGS,01351500,1994-10-06,A,1.6140602562000002
20095,USGS,01351500,1994-10-07,A,1.557426563
20096,USGS,01351500,1994-10-08,A,1.41584233
20097,USGS,01351500,1994-10-09,A,1.3592086368
20098,USGS,01351500,1994-10-10,A,1.3308917902
20099,USGS,01351500,1994-10-11,A,1.2459412504
20100,USGS,01351500,1994-10-12,A,1.2459412504
20101,USGS,01351500,1994-10-13,A,1.2176244038
20102,USGS,01351500,1994-10-14,A,1.1893075572
20103,USGS,01351500,1994-10-15,A,1.1893075572
20104,USGS,01351500,1994-10-16,A,1.132673864
20105,USGS,01351500,1994-10-17,A,1.0760401708
20106,USGS,01351500,1994-10-18,A,1.0477233242000001
20107,USGS,01351500,1994-10-19,A,1.0760401708
20108,USGS,01351500,1994-10-20,A,1.0477233242000001
20109,USGS,01351500,1994-10-21,A,1.132673864
20110,USGS,01351500,1994-10-22,A,1.2176244038
20111,USGS,01351500,1994-10-23,A,1.1893075572
20112,USGS,01351500,1994-10-24,A,1.1609907106000001
20113,USGS,01351500,1994-10-25,A,1.1043570174
20114,USGS,01351500,1994-10-26,A,1.0760401708
20115,USGS,01351500,1994-10-27,A,1.0194064776
20116,USGS,01351500,1994-10-28,A,0.991089631
20117,USGS,01351500,1994-10-29,A,0.991089631
20118,USGS,01351500,1994-10-30,A,0.991089631
20119,USGS,01351500,1994-10-31,A,0.9627727844
20120,USGS,01351500,1994-11-01,A,1.1043570174
20121,USGS,01351500,1994-11-02,A,1.5857434096
20122,USGS,01351500,1994-11-03,A,2.3786151144
20123,USGS,01351500,1994-11-04,A,2.5485161940000003
20124,USGS,01351500,1994-11-05,A,2.2087140348
20125,USGS,01351500,1994-11-06,A,1.9255455688
20126,USGS,01351500,1994-11-07,A,1.7273276426000002
20127,USGS,01351500,1994-11-08,A,1.5857434096
20128,USGS,01351500,1994-11-09,A,1.5291097164
20129,USGS,01351500,1994-11-10,A,1.5291097164
20130,USGS,01351500,1994-11-11,A,1.41584233
20131,USGS,01351500,1994-11-12,A,1.3025749436
20132,USGS,01351500,1994-11-13,A,1.3025749436
20133,USGS,01351500,1994-11-14,A,1.2742580970000001
20134,USGS,01351500,1994-11-15,A,1.2742580970000001
20135,USGS,01351500,1994-11-16,A,1.2176244038
20136,USGS,01351500,1994-11-17,A,1.1893075572
20137,USGS,01351500,1994-11-18,A,1.1609907106000001
20138,USGS,01351500,1994-11-19,A,1.1609907106000001
20139,USGS,01351500,1994-11-20,A,1.1043570174
20140,USGS,01351500,1994-11-21,A,1.132673864
20141,USGS,01351500,1994-11-22,A,1.2459412504
20142,USGS,01351500,1994-11-23,A,1.2742580970000001
20143,USGS,01351500,1994-11-24,A,1.3308917902
20144,USGS,01351500,1994-11-25,A,1.3592086368
20145,USGS,01351500,1994-11-26,A:e,1.3025749436
20146,USGS,01351500,1994-11-27,A:e,1.3025749436
20147,USGS,01351500,1994-11-28,A,1.6706939494
20148,USGS,01351500,1994-11-29,A,5.9748546326000005
20149,USGS,01351500,1994-11-30,A,7.4473306558
20150,USGS,01351500,1994-12-01,A,5.3518840074
20151,USGS,01351500,1994-12-02,A,4.3607943764
20152,USGS,01351500,1994-12-03,A,3.7661405978
20153,USGS,01351500,1994-12-04,A,3.4546552852000003
20154,USGS,01351500,1994-12-05,A,4.3607943764
20155,USGS,01351500,1994-12-06,A,18.4909008298
20156,USGS,01351500,1994-12-07,A,15.4609982436
20157,USGS,01351500,1994-12-08,A,14.4982254592
20158,USGS,01351500,1994-12-09,A,11.100203867200001
20159,USGS,01351500,1994-12-10,A,10.1657479294
20160,USGS,01351500,1994-12-11,A:e,11.043570174000001
20161,USGS,01351500,1994-12-12,A:e,13.592086368
20162,USGS,01351500,1994-12-13,A:e,11.609907106
20163,USGS,01351500,1994-12-14,A:e,9.91089631
20164,USGS,01351500,1994-12-15,A:e,9.061390912
20165,USGS,01351500,1994-12-16,A:e,8.49505398
20166,USGS,01351500,1994-12-17,A,7.5605980422000005
20167,USGS,01351500,1994-12-18,A,7.5889148888
20168,USGS,01351500,1994-12-19,A:e,7.645548582
20169,USGS,01351500,1994-12-20,A:e,7.362380116000001
20170,USGS,01351500,1994-12-21,A,7.0508948034
20171,USGS,01351500,1994-12-22,A,6.7394094908
20172,USGS,01351500,1994-12-23,A,6.6827757976
20173,USGS,01351500,1994-12-24,A,20.784565404400002
20174,USGS,01351500,1994-12-25,A,88.065392926
20175,USGS,01351500,1994-12-26,A,50.403986948000004
20176,USGS,01351500,1994-12-27,A:e,28.3168466
20177,USGS,01351500,1994-12-28,A:e,21.520803416
20178,USGS,01351500,1994-12-29,A:e,14.724760232000001
20179,USGS,01351500,1994-12-30,A:e,11.32673864
20180,USGS,01351500,1994-12-31,A:e,9.91089631
20181,USGS,01351500,1995-01-01,A:e,16.99010796
20182,USGS,01351500,1995-01-02,A:e,24.06931961
20183,USGS,01351500,1995-01-03,A:e,16.99010796
20184,USGS,01351500,1995-01-04,A:e,10.760401708
20185,USGS,01351500,1995-01-05,A:e,8.49505398
20186,USGS,01351500,1995-01-06,A:e,8.49505398
20187,USGS,01351500,1995-01-07,A:e,12.74258097
20188,USGS,01351500,1995-01-08,A:e,19.82179262
20189,USGS,01351500,1995-01-09,A:e,11.32673864
20190,USGS,01351500,1995-01-10,A:e,8.49505398
20191,USGS,01351500,1995-01-11,A:e,7.07921165
20192,USGS,01351500,1995-01-12,A:e,8.49505398
20193,USGS,01351500,1995-01-13,A:e,24.06931961
20194,USGS,01351500,1995-01-14,A:e,22.65347728
20195,USGS,01351500,1995-01-15,A:e,25.48516194
20196,USGS,01351500,1995-01-16,A:e,36.81190058
20197,USGS,01351500,1995-01-17,A,39.077248308
20198,USGS,01351500,1995-01-18,A,29.732688930000002
20199,USGS,01351500,1995-01-19,A,25.7400135594
20200,USGS,01351500,1995-01-20,A,50.687155414
20201,USGS,01351500,1995-01-21,A,188.873366822
20202,USGS,01351500,1995-01-22,A,137.619874476
20203,USGS,01351500,1995-01-23,A,97.976289236
20204,USGS,01351500,1995-01-24,A,73.340632694
20205,USGS,01351500,1995-01-25,A,51.819829278
20206,USGS,01351500,1995-01-26,A,36.81190058
20207,USGS,01351500,1995-01-27,A,30.865362794
20208,USGS,01351500,1995-01-28,A:e,19.82179262
20209,USGS,01351500,1995-01-29,A:e,11.32673864
20210,USGS,01351500,1995-01-30,A:e,8.49505398
20211,USGS,01351500,1995-01-31,A:e,7.645548582
20212,USGS,01351500,1995-02-01,A:e,7.07921165
20213,USGS,01351500,1995-02-02,A:e,7.07921165
20214,USGS,01351500,1995-02-03,A:e,8.49505398
20215,USGS,01351500,1995-02-04,A:e,9.91089631
20216,USGS,01351500,1995-02-05,A:e,12.74258097
20217,USGS,01351500,1995-02-06,A:e,8.49505398
20218,USGS,01351500,1995-02-07,A:e,7.362380116000001
20219,USGS,01351500,1995-02-08,A:e,6.796043184
20220,USGS,01351500,1995-02-09,A:e,7.362380116000001
20221,USGS,01351500,1995-02-10,A:e,7.928717048
20222,USGS,01351500,1995-02-11,A:e,8.49505398
20223,USGS,01351500,1995-02-12,A:e,9.91089631
20224,USGS,01351500,1995-02-13,A:e,9.061390912
20225,USGS,01351500,1995-02-14,A:e,8.49505398
20226,USGS,01351500,1995-02-15,A:e,8.49505398
20227,USGS,01351500,1995-02-16,A:e,9.627727844
20228,USGS,01351500,1995-02-17,A:e,11.32673864
20229,USGS,01351500,1995-02-18,A:e,9.627727844
20230,USGS,01351500,1995-02-19,A:e,8.49505398
20231,USGS,01351500,1995-02-20,A:e,11.32673864
20232,USGS,01351500,1995-02-21,A:e,12.74258097
20233,USGS,01351500,1995-02-22,A:e,8.49505398
20234,USGS,01351500,1995-02-23,A:e,7.645548582
20235,USGS,01351500,1995-02-24,A:e,19.82179262
20236,USGS,01351500,1995-02-25,A:e,16.99010796
20237,USGS,01351500,1995-02-26,A:e,11.32673864
20238,USGS,01351500,1995-02-27,A:e,10.760401708
20239,USGS,01351500,1995-02-28,A:e,22.65347728
20240,USGS,01351500,1995-03-01,A:e,36.81190058
20241,USGS,01351500,1995-03-02,A:e,22.65347728
20242,USGS,01351500,1995-03-03,A:e,12.74258097
20243,USGS,01351500,1995-03-04,A:e,11.32673864
20244,USGS,01351500,1995-03-05,A:e,11.32673864
20245,USGS,01351500,1995-03-06,A:e,21.23763495
20246,USGS,01351500,1995-03-07,A:e,45.30695456
20247,USGS,01351500,1995-03-08,A:e,110.43570174
20248,USGS,01351500,1995-03-09,A,105.338669352
20249,USGS,01351500,1995-03-10,A,62.863399452
20250,USGS,01351500,1995-03-11,A,50.403986948000004
20251,USGS,01351500,1995-03-12,A,42.758438366
20252,USGS,01351500,1995-03-13,A,60.88122019
20253,USGS,01351500,1995-03-14,A,104.77233242
20254,USGS,01351500,1995-03-15,A,126.00996737
20255,USGS,01351500,1995-03-16,A,145.83175999
20256,USGS,01351500,1995-03-17,A,120.34659805
20257,USGS,01351500,1995-03-18,A,98.259457702
20258,USGS,01351500,1995-03-19,A,80.419844344
20259,USGS,01351500,1995-03-20,A,68.526768772
20260,USGS,01351500,1995-03-21,A,63.146567918
20261,USGS,01351500,1995-03-22,A,69.093105704
20262,USGS,01351500,1995-03-23,A,58.04953553
20263,USGS,01351500,1995-03-24,A,48.704976152
20264,USGS,01351500,1995-03-25,A,42.758438366
20265,USGS,01351500,1995-03-26,A,33.130710522
20266,USGS,01351500,1995-03-27,A,30.582194328
20267,USGS,01351500,1995-03-28,A,28.600015066
20268,USGS,01351500,1995-03-29,A,24.154270149800002
20269,USGS,01351500,1995-03-30,A,23.5312995246
20270,USGS,01351500,1995-03-31,A,23.0499131324
20271,USGS,01351500,1995-04-01,A,21.435852876200002
20272,USGS,01351500,1995-04-02,A,19.7934757734
20273,USGS,01351500,1995-04-03,A,15.4043645504
20274,USGS,01351500,1995-04-04,A,17.4714943522
20275,USGS,01351500,1995-04-05,A,24.06931961
20276,USGS,01351500,1995-04-06,A,18.6041682162
20277,USGS,01351500,1995-04-07,A,15.8008004028
20278,USGS,01351500,1995-04-08,A,13.960205373800001
20279,USGS,01351500,1995-04-09,A,13.3372347486
20280,USGS,01351500,1995-04-10,A,15.6592161698
20281,USGS,01351500,1995-04-11,A,18.122781824
20282,USGS,01351500,1995-04-12,A,16.0556520222
20283,USGS,01351500,1995-04-13,A,55.21785087
20284,USGS,01351500,1995-04-14,A,53.80200854
20285,USGS,01351500,1995-04-15,A,35.679226716
20286,USGS,01351500,1995-04-16,A,27.9487275942
20287,USGS,01351500,1995-04-17,A,23.9843690702
20288,USGS,01351500,1995-04-18,A,21.6340708024
20289,USGS,01351500,1995-04-19,A,22.7101109732
20290,USGS,01351500,1995-04-20,A,26.221399951600002
20291,USGS,01351500,1995-04-21,A,22.0588235014
20292,USGS,01351500,1995-04-22,A,21.6340708024
20293,USGS,01351500,1995-04-23,A,18.3776334434
20294,USGS,01351500,1995-04-24,A,16.905157420200002
20295,USGS,01351500,1995-04-25,A,15.149512931
20296,USGS,01351500,1995-04-26,A,13.592086368
20297,USGS,01351500,1995-04-27,A,12.3744619642
20298,USGS,01351500,1995-04-28,A,12.912482049600001
20299,USGS,01351500,1995-04-29,A,14.300007533
20300,USGS,01351500,1995-04-30,A,12.006342958400001
20301,USGS,01351500,1995-05-01,A,11.1568375604
20302,USGS,01351500,1995-05-02,A,11.32673864
20303,USGS,01351500,1995-05-03,A,10.5338669352
20304,USGS,01351500,1995-05-04,A,9.486143611000001
20305,USGS,01351500,1995-05-05,A,8.7499055994
20306,USGS,01351500,1995-05-06,A,10.1091142362
20307,USGS,01351500,1995-05-07,A,8.8631729858
20308,USGS,01351500,1995-05-08,A,7.4473306558
20309,USGS,01351500,1995-05-09,A,7.07921165
20310,USGS,01351500,1995-05-10,A,6.6827757976
20311,USGS,01351500,1995-05-11,A,6.909310570400001
20312,USGS,01351500,1995-05-12,A,7.7871328150000005
20313,USGS,01351500,1995-05-13,A,7.7021822752
20314,USGS,01351500,1995-05-14,A,6.9659442636
20315,USGS,01351500,1995-05-15,A,6.4279241782000005
20316,USGS,01351500,1995-05-16,A,6.0598051724
20317,USGS,01351500,1995-05-17,A,5.4368345472
20318,USGS,01351500,1995-05-18,A,5.0687155414000005
20319,USGS,01351500,1995-05-19,A,4.8704976152
20320,USGS,01351500,1995-05-20,A,4.672279689
20321,USGS,01351500,1995-05-21,A,4.4174280696
20322,USGS,01351500,1995-05-22,A,4.2192101434
20323,USGS,01351500,1995-05-23,A,4.1342596036
20324,USGS,01351500,1995-05-24,A,3.7944574444
20325,USGS,01351500,1995-05-25,A,3.5679226716
20326,USGS,01351500,1995-05-26,A,3.822774291
20327,USGS,01351500,1995-05-27,A,4.3891112230000005
20328,USGS,01351500,1995-05-28,A,4.3324775298
20329,USGS,01351500,1995-05-29,A,4.2192101434
20330,USGS,01351500,1995-05-30,A,4.9837650016
20331,USGS,01351500,1995-05-31,A,5.0120818482
20332,USGS,01351500,1995-06-01,A,4.3607943764
20333,USGS,01351500,1995-06-02,A,3.5112889784
20334,USGS,01351500,1995-06-03,A,7.7021822752
20335,USGS,01351500,1995-06-04,A,27.9770444408
20336,USGS,01351500,1995-06-05,A,13.761987447600001
20337,USGS,01351500,1995-06-06,A,8.2685192072
20338,USGS,01351500,1995-06-07,A,6.2863399452
20339,USGS,01351500,1995-06-08,A,4.9271313084
20340,USGS,01351500,1995-06-09,A,4.24752699
20341,USGS,01351500,1995-06-10,A,3.7661405978
20342,USGS,01351500,1995-06-11,A,3.4263384386
20343,USGS,01351500,1995-06-12,A,3.7378237512
20344,USGS,01351500,1995-06-13,A,4.4174280696
20345,USGS,01351500,1995-06-14,A,4.6156459958000005
20346,USGS,01351500,1995-06-15,A,3.6811900580000003
20347,USGS,01351500,1995-06-16,A,3.0865362794
20348,USGS,01351500,1995-06-17,A,2.6617835804
20349,USGS,01351500,1995-06-18,A,2.3219814212000003
20350,USGS,01351500,1995-06-19,A,2.0388129552
20351,USGS,01351500,1995-06-20,A,1.8405950290000002
20352,USGS,01351500,1995-06-21,A,1.6423771028
20353,USGS,01351500,1995-06-22,A,1.41584233
20354,USGS,01351500,1995-06-23,A,1.3025749436
20355,USGS,01351500,1995-06-24,A,1.2459412504
20356,USGS,01351500,1995-06-25,A,1.2176244038
20357,USGS,01351500,1995-06-26,A,1.1893075572
20358,USGS,01351500,1995-06-27,A,1.1893075572
20359,USGS,01351500,1995-06-28,A,1.1609907106000001
20360,USGS,01351500,1995-06-29,A,1.1043570174
20361,USGS,01351500,1995-06-30,A,1.0477233242000001
20362,USGS,01351500,1995-07-01,A,1.3592086368
20363,USGS,01351500,1995-07-02,A,1.8689118756
20364,USGS,01351500,1995-07-03,A,3.1998036658
20365,USGS,01351500,1995-07-04,A,2.2370308814
20366,USGS,01351500,1995-07-05,A,1.6423771028
20367,USGS,01351500,1995-07-06,A,1.3875254834000001
20368,USGS,01351500,1995-07-07,A,1.2742580970000001
20369,USGS,01351500,1995-07-08,A,1.3025749436
20370,USGS,01351500,1995-07-09,A,1.3025749436
20371,USGS,01351500,1995-07-10,A,1.2459412504
20372,USGS,01351500,1995-07-11,A,1.132673864
20373,USGS,01351500,1995-07-12,A,1.2742580970000001
20374,USGS,01351500,1995-07-13,A,1.5291097164
20375,USGS,01351500,1995-07-14,A,1.699010796
20376,USGS,01351500,1995-07-15,A,1.3592086368
20377,USGS,01351500,1995-07-16,A,1.1043570174
20378,USGS,01351500,1995-07-17,A,8.919806679
20379,USGS,01351500,1995-07-18,A,10.137431082800001
20380,USGS,01351500,1995-07-19,A,6.3996073316
20381,USGS,01351500,1995-07-20,A,3.6528732114
20382,USGS,01351500,1995-07-21,A,2.83168466
20383,USGS,01351500,1995-07-22,A,2.123763495
20384,USGS,01351500,1995-07-23,A,1.8972287222
20385,USGS,01351500,1995-07-24,A,1.6423771028
20386,USGS,01351500,1995-07-25,A,1.3875254834000001
20387,USGS,01351500,1995-07-26,A,1.41584233
20388,USGS,01351500,1995-07-27,A,2.7750509668000003
20389,USGS,01351500,1995-07-28,A,2.9449520464
20390,USGS,01351500,1995-07-29,A,2.4635656542
20391,USGS,01351500,1995-07-30,A,1.8122781824
20392,USGS,01351500,1995-07-31,A,1.41584233
20393,USGS,01351500,1995-08-01,A,1.2176244038
20394,USGS,01351500,1995-08-02,A,1.0477233242000001
20395,USGS,01351500,1995-08-03,A,0.9627727844
20396,USGS,01351500,1995-08-04,A,0.9061390912
20397,USGS,01351500,1995-08-05,A,0.9061390912
20398,USGS,01351500,1995-08-06,A,0.9627727844
20399,USGS,01351500,1995-08-07,A,0.9344559378
20400,USGS,01351500,1995-08-08,A,1.4441591766
20401,USGS,01351500,1995-08-09,A,1.6140602562000002
20402,USGS,01351500,1995-08-10,A,1.1893075572
20403,USGS,01351500,1995-08-11,A,0.9627727844
20404,USGS,01351500,1995-08-12,A,0.9061390912
20405,USGS,01351500,1995-08-13,A,0.849505398
20406,USGS,01351500,1995-08-14,A,0.8211885514
20407,USGS,01351500,1995-08-15,A,0.7928717048
20408,USGS,01351500,1995-08-16,A,0.991089631
20409,USGS,01351500,1995-08-17,A,0.991089631
20410,USGS,01351500,1995-08-18,A,0.8211885514
20411,USGS,01351500,1995-08-19,A,0.7362380116
20412,USGS,01351500,1995-08-20,A,0.6796043184
20413,USGS,01351500,1995-08-21,A,0.6229706252
20414,USGS,01351500,1995-08-22,A,0.5380200854
20415,USGS,01351500,1995-08-23,A,0.4813863922
20416,USGS,01351500,1995-08-24,A,0.4530695456
20417,USGS,01351500,1995-08-25,A,0.3964358524
20418,USGS,01351500,1995-08-26,A,0.3398021592
20419,USGS,01351500,1995-08-27,A,0.3398021592
20420,USGS,01351500,1995-08-28,A,0.3398021592
20421,USGS,01351500,1995-08-29,A,0.3114853126
20422,USGS,01351500,1995-08-30,A,0.3114853126
20423,USGS,01351500,1995-08-31,A,0.3398021592
20424,USGS,01351500,1995-09-01,A,0.424752699
20425,USGS,01351500,1995-09-02,A,0.3681190058
20426,USGS,01351500,1995-09-03,A,0.3398021592
20427,USGS,01351500,1995-09-04,A,0.3398021592
20428,USGS,01351500,1995-09-05,A,0.3398021592
20429,USGS,01351500,1995-09-06,A,0.3398021592
20430,USGS,01351500,1995-09-07,A,0.3114853126
20431,USGS,01351500,1995-09-08,A,0.283168466
20432,USGS,01351500,1995-09-09,A,0.3114853126
20433,USGS,01351500,1995-09-10,A,0.3398021592
20434,USGS,01351500,1995-09-11,A,0.3964358524
20435,USGS,01351500,1995-09-12,A,0.4530695456
20436,USGS,01351500,1995-09-13,A,0.5380200854
20437,USGS,01351500,1995-09-14,A,0.5097032388
20438,USGS,01351500,1995-09-15,A,0.424752699
20439,USGS,01351500,1995-09-16,A,0.3964358524
20440,USGS,01351500,1995-09-17,A,0.3681190058
20441,USGS,01351500,1995-09-18,A,0.3681190058
20442,USGS,01351500,1995-09-19,A,0.3114853126
20443,USGS,01351500,1995-09-20,A,0.3114853126
20444,USGS,01351500,1995-09-21,A,0.3114853126
20445,USGS,01351500,1995-09-22,A,0.3964358524
20446,USGS,01351500,1995-09-23,A,0.4813863922
20447,USGS,01351500,1995-09-24,A,0.5097032388
20448,USGS,01351500,1995-09-25,A,0.5097032388
20449,USGS,01351500,1995-09-26,A,0.566336932
20450,USGS,01351500,1995-09-27,A,0.5097032388
20451,USGS,01351500,1995-09-28,A,0.424752699
20452,USGS,01351500,1995-09-29,A,0.3681190058
20453,USGS,01351500,1995-09-30,A,0.3398021592
20454,USGS,01351500,1995-10-01,A,0.283168466
20455,USGS,01351500,1995-10-02,A,0.26051498872
20456,USGS,01351500,1995-10-03,A,0.23502982678000003
20457,USGS,01351500,1995-10-04,A,0.27467341202
20458,USGS,01351500,1995-10-05,A,0.3114853126
20459,USGS,01351500,1995-10-06,A,0.8778222446
20460,USGS,01351500,1995-10-07,A,3.964358524
20461,USGS,01351500,1995-10-08,A,3.6528732114
20462,USGS,01351500,1995-10-09,A,2.3219814212000003
20463,USGS,01351500,1995-10-10,A,1.6423771028
20464,USGS,01351500,1995-10-11,A,1.2176244038
20465,USGS,01351500,1995-10-12,A,1.0194064776
20466,USGS,01351500,1995-10-13,A,0.8778222446
20467,USGS,01351500,1995-10-14,A,0.849505398
20468,USGS,01351500,1995-10-15,A,1.699010796
20469,USGS,01351500,1995-10-16,A,3.9077248308000003
20470,USGS,01351500,1995-10-17,A,3.6811900580000003
20471,USGS,01351500,1995-10-18,A,2.690100427
20472,USGS,01351500,1995-10-19,A,2.123763495
20473,USGS,01351500,1995-10-20,A,1.6140602562000002
20474,USGS,01351500,1995-10-21,A,18.066148130800002
20475,USGS,01351500,1995-10-22,A,143.00007533000002
20476,USGS,01351500,1995-10-23,A,50.120818482000004
20477,USGS,01351500,1995-10-24,A,27.7221928214
20478,USGS,01351500,1995-10-25,A,19.7651589268
20479,USGS,01351500,1995-10-26,A,14.866344465000001
20480,USGS,01351500,1995-10-27,A,11.6948576458
20481,USGS,01351500,1995-10-28,A,50.687155414
20482,USGS,01351500,1995-10-29,A,105.055500886
20483,USGS,01351500,1995-10-30,A,67.394094908
20484,USGS,01351500,1995-10-31,A,50.97032388
20485,USGS,01351500,1995-11-01,A,39.64358524
20486,USGS,01351500,1995-11-02,A,35.962395182
20487,USGS,01351500,1995-11-03,A,37.378237512
20488,USGS,01351500,1995-11-04,A,42.192101434
20489,USGS,01351500,1995-11-05,A,35.39605825
20490,USGS,01351500,1995-11-06,A,29.166351998
20491,USGS,01351500,1995-11-07,A,28.0619949806
20492,USGS,01351500,1995-11-08,A,19.9916936996
20493,USGS,01351500,1995-11-09,A,21.5774371092
20494,USGS,01351500,1995-11-10,A,19.82179262
20495,USGS,01351500,1995-11-11,A,20.784565404400002
20496,USGS,01351500,1995-11-12,A,362.45563648
20497,USGS,01351500,1995-11-13,A,250.887260876
20498,USGS,01351500,1995-11-14,A,132.522842088
20499,USGS,01351500,1995-11-15,A,131.67333669
20500,USGS,01351500,1995-11-16,A,144.41591766
20501,USGS,01351500,1995-11-17,A,104.77233242
20502,USGS,01351500,1995-11-18,A,81.269349742
20503,USGS,01351500,1995-11-19,A,69.093105704
20504,USGS,01351500,1995-11-20,A,72.20795883
20505,USGS,01351500,1995-11-21,A,75.605980422
20506,USGS,01351500,1995-11-22,A,72.77429576200001
20507,USGS,01351500,1995-11-23,A,59.748546326
20508,USGS,01351500,1995-11-24,A,48.421807686
20509,USGS,01351500,1995-11-25,A,39.077248308
20510,USGS,01351500,1995-11-26,A,33.697047454
20511,USGS,01351500,1995-11-27,A,34.263384386
20512,USGS,01351500,1995-11-28,A,38.22774291
20513,USGS,01351500,1995-11-29,A,60.598051724
20514,USGS,01351500,1995-11-30,A,52.669334676
20515,USGS,01351500,1995-12-01,A,43.891112230000005
20516,USGS,01351500,1995-12-02,A,53.518840074
20517,USGS,01351500,1995-12-03,A,44.174280696000004
20518,USGS,01351500,1995-12-04,A,44.740617628
20519,USGS,01351500,1995-12-05,A,48.13863922
20520,USGS,01351500,1995-12-06,A,44.174280696000004
20521,USGS,01351500,1995-12-07,A:e,33.98021592
20522,USGS,01351500,1995-12-08,A:e,26.617835804000002
20523,USGS,01351500,1995-12-09,A:e,23.786151144
20524,USGS,01351500,1995-12-10,A:e,22.087140348000002
20525,USGS,01351500,1995-12-11,A:e,19.255455688
20526,USGS,01351500,1995-12-12,A:e,18.122781824
20527,USGS,01351500,1995-12-13,A:e,16.99010796
20528,USGS,01351500,1995-12-14,A:e,16.140602562
20529,USGS,01351500,1995-12-15,A:e,19.255455688
20530,USGS,01351500,1995-12-16,A:e,18.122781824
20531,USGS,01351500,1995-12-17,A:e,16.99010796
20532,USGS,01351500,1995-12-18,A:e,15.007928698
20533,USGS,01351500,1995-12-19,A:e,14.1584233
20534,USGS,01351500,1995-12-20,A:e,13.308917902000001
20535,USGS,01351500,1995-12-21,A:e,13.308917902000001
20536,USGS,01351500,1995-12-22,A:e,13.308917902000001
20537,USGS,01351500,1995-12-23,A:e,13.308917902000001
20538,USGS,01351500,1995-12-24,A:e,13.308917902000001
20539,USGS,01351500,1995-12-25,A:e,13.308917902000001
20540,USGS,01351500,1995-12-26,A:e,13.308917902000001
20541,USGS,01351500,1995-12-27,A:e,12.459412504
20542,USGS,01351500,1995-12-28,A:e,11.32673864
20543,USGS,01351500,1995-12-29,A:e,11.32673864
20544,USGS,01351500,1995-12-30,A:e,10.477233242
20545,USGS,01351500,1995-12-31,A:e,10.477233242
20546,USGS,01351500,1996-01-01,A:e,9.91089631
20547,USGS,01351500,1996-01-02,A:e,9.91089631
20548,USGS,01351500,1996-01-03,A:e,10.194064776000001
20549,USGS,01351500,1996-01-04,A:e,10.477233242
20550,USGS,01351500,1996-01-05,A:e,10.760401708
20551,USGS,01351500,1996-01-06,A:e,10.760401708
20552,USGS,01351500,1996-01-07,A:e,10.477233242
20553,USGS,01351500,1996-01-08,A:e,11.609907106
20554,USGS,01351500,1996-01-09,A:e,11.893075572
20555,USGS,01351500,1996-01-10,A:e,11.609907106
20556,USGS,01351500,1996-01-11,A:e,10.477233242
20557,USGS,01351500,1996-01-12,A:e,9.91089631
20558,USGS,01351500,1996-01-13,A:e,9.627727844
20559,USGS,01351500,1996-01-14,A:e,9.627727844
20560,USGS,01351500,1996-01-15,A:e,9.91089631
20561,USGS,01351500,1996-01-16,A:e,10.760401708
20562,USGS,01351500,1996-01-17,A:e,12.74258097
20563,USGS,01351500,1996-01-18,A:e,31.148531260000002
20564,USGS,01351500,1996-01-19,A,560.67356268
20565,USGS,01351500,1996-01-20,A,1381.86211408
20566,USGS,01351500,1996-01-21,A,345.46552852
20567,USGS,01351500,1996-01-22,A,204.447632452
20568,USGS,01351500,1996-01-23,A,137.619874476
20569,USGS,01351500,1996-01-24,A,144.982254592
20570,USGS,01351500,1996-01-25,A,258.53280945800003
20571,USGS,01351500,1996-01-26,A,127.70897816600001
20572,USGS,01351500,1996-01-27,A,183.209997502
20573,USGS,01351500,1996-01-28,A,472.89133822
20574,USGS,01351500,1996-01-29,A,214.641697228
20575,USGS,01351500,1996-01-30,A,125.443630438
20576,USGS,01351500,1996-01-31,A,97.69312077000001
20577,USGS,01351500,1996-02-01,A,65.411915646
20578,USGS,01351500,1996-02-02,A:e,36.81190058
20579,USGS,01351500,1996-02-03,A:e,25.48516194
20580,USGS,01351500,1996-02-04,A:e,22.65347728
20581,USGS,01351500,1996-02-05,A:e,20.954466484
20582,USGS,01351500,1996-02-06,A:e,22.087140348000002
20583,USGS,01351500,1996-02-07,A:e,23.219814212
20584,USGS,01351500,1996-02-08,A:e,25.48516194
20585,USGS,01351500,1996-02-09,A:e,28.3168466
20586,USGS,01351500,1996-02-10,A:e,20.954466484
20587,USGS,01351500,1996-02-11,A:e,16.423771028
20588,USGS,01351500,1996-02-12,A:e,15.007928698
20589,USGS,01351500,1996-02-13,A:e,15.857434096
20590,USGS,01351500,1996-02-14,A:e,15.007928698
20591,USGS,01351500,1996-02-15,A:e,15.857434096
20592,USGS,01351500,1996-02-16,A:e,15.007928698
20593,USGS,01351500,1996-02-17,A:e,15.857434096
20594,USGS,01351500,1996-02-18,A:e,15.857434096
20595,USGS,01351500,1996-02-19,A:e,14.1584233
20596,USGS,01351500,1996-02-20,A:e,13.875254834
20597,USGS,01351500,1996-02-21,A,61.730725588
20598,USGS,01351500,1996-02-22,A,125.726798904
20599,USGS,01351500,1996-02-23,A,107.887185546
20600,USGS,01351500,1996-02-24,A,112.70104946800001
20601,USGS,01351500,1996-02-25,A,117.79808185600001
20602,USGS,01351500,1996-02-26,A:e,70.7921165
20603,USGS,01351500,1996-02-27,A:e,53.80200854
20604,USGS,01351500,1996-02-28,A:e,56.6336932
20605,USGS,01351500,1996-02-29,A:e,45.30695456
20606,USGS,01351500,1996-03-01,A:e,36.81190058
20607,USGS,01351500,1996-03-02,A:e,28.3168466
20608,USGS,01351500,1996-03-03,A:e,27.184172736
20609,USGS,01351500,1996-03-04,A:e,26.617835804000002
20610,USGS,01351500,1996-03-05,A:e,25.48516194
20611,USGS,01351500,1996-03-06,A:e,24.918825008
20612,USGS,01351500,1996-03-07,A:e,24.352488076
20613,USGS,01351500,1996-03-08,A:e,23.219814212
20614,USGS,01351500,1996-03-09,A:e,22.65347728
20615,USGS,01351500,1996-03-10,A:e,22.65347728
20616,USGS,01351500,1996-03-11,A:e,22.087140348000002
20617,USGS,01351500,1996-03-12,A:e,21.520803416
20618,USGS,01351500,1996-03-13,A:e,23.219814212
20619,USGS,01351500,1996-03-14,A:e,26.051498872
20620,USGS,01351500,1996-03-15,A:e,33.98021592
20621,USGS,01351500,1996-03-16,A:e,42.4752699
20622,USGS,01351500,1996-03-17,A:e,48.13863922
20623,USGS,01351500,1996-03-18,A:e,50.97032388
20624,USGS,01351500,1996-03-19,A,65.12874718
20625,USGS,01351500,1996-03-20,A,131.390168224
20626,USGS,01351500,1996-03-21,A,144.982254592
20627,USGS,01351500,1996-03-22,A,95.710941508
20628,USGS,01351500,1996-03-23,A,71.924790364
20629,USGS,01351500,1996-03-24,A,56.6336932
20630,USGS,01351500,1996-03-25,A,50.120818482000004
20631,USGS,01351500,1996-03-26,A,94.01193071200001
20632,USGS,01351500,1996-03-27,A,90.047572188
20633,USGS,01351500,1996-03-28,A,62.580230986000004
20634,USGS,01351500,1996-03-29,A,57.200030132
20635,USGS,01351500,1996-03-30,A,52.669334676
20636,USGS,01351500,1996-03-31,A,48.421807686
20637,USGS,01351500,1996-04-01,A,45.873291492
20638,USGS,01351500,1996-04-02,A,55.784187802
20639,USGS,01351500,1996-04-03,A,58.332703996
20640,USGS,01351500,1996-04-04,A,52.38616621
20641,USGS,01351500,1996-04-05,A,43.041606832
20642,USGS,01351500,1996-04-06,A,42.4752699
20643,USGS,01351500,1996-04-07,A,39.64358524
20644,USGS,01351500,1996-04-08,A:e,45.30695456
20645,USGS,01351500,1996-04-09,A:e,39.64358524
20646,USGS,01351500,1996-04-10,A:e,39.64358524
20647,USGS,01351500,1996-04-11,A:e,36.81190058
20648,USGS,01351500,1996-04-12,A,43.607943764
20649,USGS,01351500,1996-04-13,A,63.71290485
20650,USGS,01351500,1996-04-14,A,222.004077344
20651,USGS,01351500,1996-04-15,A,167.635731872
20652,USGS,01351500,1996-04-16,A,244.94072309
20653,USGS,01351500,1996-04-17,A,334.13878988
20654,USGS,01351500,1996-04-18,A,180.661481308
20655,USGS,01351500,1996-04-19,A,126.859472768
20656,USGS,01351500,1996-04-20,A,105.90500628400001
20657,USGS,01351500,1996-04-21,A,102.79015315800001
20658,USGS,01351500,1996-04-22,A,100.80797389600001
20659,USGS,01351500,1996-04-23,A,167.91890033800001
20660,USGS,01351500,1996-04-24,A,191.13871455
20661,USGS,01351500,1996-04-25,A,132.239673622
20662,USGS,01351500,1996-04-26,A,105.055500886
20663,USGS,01351500,1996-04-27,A,92.879256848
20664,USGS,01351500,1996-04-28,A,80.419844344
20665,USGS,01351500,1996-04-29,A,96.843615372
20666,USGS,01351500,1996-04-30,A,209.54466484
20667,USGS,01351500,1996-05-01,A,311.4853126
20668,USGS,01351500,1996-05-02,A,174.14860659
20669,USGS,01351500,1996-05-03,A,127.4258097
20670,USGS,01351500,1996-05-04,A,117.51491339
20671,USGS,01351500,1996-05-05,A,144.41591766
20672,USGS,01351500,1996-05-06,A,151.77829777600002
20673,USGS,01351500,1996-05-07,A,162.82186795
20674,USGS,01351500,1996-05-08,A,113.2673864
20675,USGS,01351500,1996-05-09,A,95.427773042
20676,USGS,01351500,1996-05-10,A,88.065392926
20677,USGS,01351500,1996-05-11,A,191.13871455
20678,USGS,01351500,1996-05-12,A,441.74280696
20679,USGS,01351500,1996-05-13,A,244.94072309
20680,USGS,01351500,1996-05-14,A,150.362455446
20681,USGS,01351500,1996-05-15,A,112.417881002
20682,USGS,01351500,1996-05-16,A,93.728762246
20683,USGS,01351500,1996-05-17,A,83.53469747
20684,USGS,01351500,1996-05-18,A,86.649550596
20685,USGS,01351500,1996-05-19,A,138.469379874
20686,USGS,01351500,1996-05-20,A,91.180246052
20687,USGS,01351500,1996-05-21,A,70.7921165
20688,USGS,01351500,1996-05-22,A,65.695084112
20689,USGS,01351500,1996-05-23,A,50.403986948000004
20690,USGS,01351500,1996-05-24,A,43.607943764
20691,USGS,01351500,1996-05-25,A,32.281205124
20692,USGS,01351500,1996-05-26,A,30.015857396
20693,USGS,01351500,1996-05-27,A,28.3168466
20694,USGS,01351500,1996-05-28,A,23.361398445
20695,USGS,01351500,1996-05-29,A,21.9172392684
20696,USGS,01351500,1996-05-30,A,19.7651589268
20697,USGS,01351500,1996-05-31,A,14.441591766
20698,USGS,01351500,1996-06-01,A,10.4489163954
20699,USGS,01351500,1996-06-02,A,7.503964349
20700,USGS,01351500,1996-06-03,A,6.6827757976
20701,USGS,01351500,1996-06-04,A,8.211885514
20702,USGS,01351500,1996-06-05,A,9.3162425314
20703,USGS,01351500,1996-06-06,A,8.5516876732
20704,USGS,01351500,1996-06-07,A,7.1358453432
20705,USGS,01351500,1996-06-08,A,32.56437359
20706,USGS,01351500,1996-06-09,A,128.84165203
20707,USGS,01351500,1996-06-10,A,80.986181276
20708,USGS,01351500,1996-06-11,A,81.269349742
20709,USGS,01351500,1996-06-12,A,59.182209394000004
20710,USGS,01351500,1996-06-13,A,46.439628424
20711,USGS,01351500,1996-06-14,A,79.853507412
20712,USGS,01351500,1996-06-15,A,45.873291492
20713,USGS,01351500,1996-06-16,A,30.582194328
20714,USGS,01351500,1996-06-17,A,25.5134787866
20715,USGS,01351500,1996-06-18,A,23.1631805188
20716,USGS,01351500,1996-06-19,A,18.2360492104
20717,USGS,01351500,1996-06-20,A,21.4075360296
20718,USGS,01351500,1996-06-21,A,17.3582269658
20719,USGS,01351500,1996-06-22,A,17.131692193
20720,USGS,01351500,1996-06-23,A,11.0718870206
20721,USGS,01351500,1996-06-24,A,8.6932719062
20722,USGS,01351500,1996-06-25,A,8.2685192072
20723,USGS,01351500,1996-06-26,A,7.220795883
20724,USGS,01351500,1996-06-27,A,5.946537786
20725,USGS,01351500,1996-06-28,A,5.097032388000001
20726,USGS,01351500,1996-06-29,A,4.6156459958000005
20727,USGS,01351500,1996-06-30,A,4.24752699
20728,USGS,01351500,1996-07-01,A,4.3041606832
20729,USGS,01351500,1996-07-02,A,4.1342596036
20730,USGS,01351500,1996-07-03,A,4.105942757
20731,USGS,01351500,1996-07-04,A,14.3283243796
20732,USGS,01351500,1996-07-05,A,35.962395182
20733,USGS,01351500,1996-07-06,A,19.0572377618
20734,USGS,01351500,1996-07-07,A,12.5726798904
20735,USGS,01351500,1996-07-08,A,9.91089631
20736,USGS,01351500,1996-07-09,A,7.220795883
20737,USGS,01351500,1996-07-10,A,8.6083213664
20738,USGS,01351500,1996-07-11,A,6.6261421044
20739,USGS,01351500,1996-07-12,A,4.9837650016
20740,USGS,01351500,1996-07-13,A,118.647587254
20741,USGS,01351500,1996-07-14,A,608.8122019
20742,USGS,01351500,1996-07-15,A,236.44566911
20743,USGS,01351500,1996-07-16,A,222.85358274200001
20744,USGS,01351500,1996-07-17,A,119.213924186
20745,USGS,01351500,1996-07-18,A,77.304991218
20746,USGS,01351500,1996-07-19,A,61.730725588
20747,USGS,01351500,1996-07-20,A,74.190138092
20748,USGS,01351500,1996-07-21,A,45.590123026
20749,USGS,01351500,1996-07-22,A,33.98021592
20750,USGS,01351500,1996-07-23,A,28.883183532
20751,USGS,01351500,1996-07-24,A,22.936645746
20752,USGS,01351500,1996-07-25,A,21.5491202626
20753,USGS,01351500,1996-07-26,A,58.04953553
20754,USGS,01351500,1996-07-27,A,59.182209394000004
20755,USGS,01351500,1996-07-28,A,38.22774291
20756,USGS,01351500,1996-07-29,A,25.8815977924
20757,USGS,01351500,1996-07-30,A,23.4463489848
20758,USGS,01351500,1996-07-31,A,20.812882251
20759,USGS,01351500,1996-08-01,A,30.582194328
20760,USGS,01351500,1996-08-02,A,26.193083105
20761,USGS,01351500,1996-08-03,A,19.4819904608
20762,USGS,01351500,1996-08-04,A,24.352488076
20763,USGS,01351500,1996-08-05,A,18.3493165968
20764,USGS,01351500,1996-08-06,A,13.818621140800001
20765,USGS,01351500,1996-08-07,A,11.5532734128
20766,USGS,01351500,1996-08-08,A,10.052480543
20767,USGS,01351500,1996-08-09,A,12.2895114244
20768,USGS,01351500,1996-08-10,A,24.409121769200002
20769,USGS,01351500,1996-08-11,A,16.3671373348
20770,USGS,01351500,1996-08-12,A,10.194064776000001
20771,USGS,01351500,1996-08-13,A,8.49505398
20772,USGS,01351500,1996-08-14,A,7.4190138092
20773,USGS,01351500,1996-08-15,A,6.6261421044
20774,USGS,01351500,1996-08-16,A,5.9748546326000005
20775,USGS,01351500,1996-08-17,A,5.5217850870000005
20776,USGS,01351500,1996-08-18,A,5.238616621
20777,USGS,01351500,1996-08-19,A,4.7005965356
20778,USGS,01351500,1996-08-20,A,4.1908932968000006
20779,USGS,01351500,1996-08-21,A,3.9360416774
20780,USGS,01351500,1996-08-22,A,3.5112889784
20781,USGS,01351500,1996-08-23,A,3.5112889784
20782,USGS,01351500,1996-08-24,A,3.4546552852000003
20783,USGS,01351500,1996-08-25,A,3.398021592
20784,USGS,01351500,1996-08-26,A,3.0582194328
20785,USGS,01351500,1996-08-27,A,2.7750509668000003
20786,USGS,01351500,1996-08-28,A,5.8332703996
20787,USGS,01351500,1996-08-29,A,7.7021822752
20788,USGS,01351500,1996-08-30,A,5.1536660812
20789,USGS,01351500,1996-08-31,A,3.6528732114
20790,USGS,01351500,1996-09-01,A,2.973268893
20791,USGS,01351500,1996-09-02,A,2.5768330406
20792,USGS,01351500,1996-09-03,A,2.2936645746
20793,USGS,01351500,1996-09-04,A,2.0104961086
20794,USGS,01351500,1996-09-05,A,1.9538624154000002
20795,USGS,01351500,1996-09-06,A,1.8972287222
20796,USGS,01351500,1996-09-07,A,1.8405950290000002
20797,USGS,01351500,1996-09-08,A,1.9255455688
20798,USGS,01351500,1996-09-09,A,2.123763495
20799,USGS,01351500,1996-09-10,A,2.265347728
20800,USGS,01351500,1996-09-11,A,2.2087140348
20801,USGS,01351500,1996-09-12,A,1.982179262
20802,USGS,01351500,1996-09-13,A,1.8689118756
20803,USGS,01351500,1996-09-14,A,2.3502982678
20804,USGS,01351500,1996-09-15,A,2.406931961
20805,USGS,01351500,1996-09-16,A,2.2087140348
20806,USGS,01351500,1996-09-17,A,2.2370308814
20807,USGS,01351500,1996-09-18,A,19.5952578472
20808,USGS,01351500,1996-09-19,A,22.2570414276
20809,USGS,01351500,1996-09-20,A,11.6948576458
20810,USGS,01351500,1996-09-21,A,7.9570338946
20811,USGS,01351500,1996-09-22,A,5.9182209394
20812,USGS,01351500,1996-09-23,A,6.9942611102
20813,USGS,01351500,1996-09-24,A,8.919806679
20814,USGS,01351500,1996-09-25,A,7.4190138092
20815,USGS,01351500,1996-09-26,A,9.7409952304
20816,USGS,01351500,1996-09-27,A,11.8647587254
20817,USGS,01351500,1996-09-28,A,8.4384202868
20818,USGS,01351500,1996-09-29,A,20.6429811714
20819,USGS,01351500,1996-09-30,A,47.005965356000004
20820,USGS,01351500,1996-10-01,A,27.269123275800002
20821,USGS,01351500,1996-10-02,A,19.5952578472
20822,USGS,01351500,1996-10-03,A,11.1285207138
20823,USGS,01351500,1996-10-04,A,10.8736690944
20824,USGS,01351500,1996-10-05,A,8.778222446000001
20825,USGS,01351500,1996-10-06,A,5.804953553
20826,USGS,01351500,1996-10-07,A,5.097032388000001
20827,USGS,01351500,1996-10-08,A,4.643962842400001
20828,USGS,01351500,1996-10-09,A,10.1091142362
20829,USGS,01351500,1996-10-10,A,15.1778297776
20830,USGS,01351500,1996-10-11,A,13.507135828200001
20831,USGS,01351500,1996-10-12,A,17.6130785852
20832,USGS,01351500,1996-10-13,A,12.034659805
20833,USGS,01351500,1996-10-14,A,10.335649009
20834,USGS,01351500,1996-10-15,A,9.627727844
20835,USGS,01351500,1996-10-16,A,8.8914898324
20836,USGS,01351500,1996-10-17,A,7.4756475024
20837,USGS,01351500,1996-10-18,A,5.8615872462
20838,USGS,01351500,1996-10-19,A,5.3518840074
20839,USGS,01351500,1996-10-20,A,294.49520464
20840,USGS,01351500,1996-10-21,A,447.40617628
20841,USGS,01351500,1996-10-22,A,246.922902352
20842,USGS,01351500,1996-10-23,A,140.45155913600001
20843,USGS,01351500,1996-10-24,A,122.04560884600001
20844,USGS,01351500,1996-10-25,A,92.596088382
20845,USGS,01351500,1996-10-26,A,70.22577956800001
20846,USGS,01351500,1996-10-27,A,56.067356268000005
20847,USGS,01351500,1996-10-28,A,48.421807686
20848,USGS,01351500,1996-10-29,A,51.819829278
20849,USGS,01351500,1996-10-30,A,47.289133822000004
20850,USGS,01351500,1996-10-31,A,42.758438366
20851,USGS,01351500,1996-11-01,A,36.81190058
20852,USGS,01351500,1996-11-02,A,30.582194328
20853,USGS,01351500,1996-11-03,A,26.617835804000002
20854,USGS,01351500,1996-11-04,A,24.3808049226
20855,USGS,01351500,1996-11-05,A,24.8621913148
20856,USGS,01351500,1996-11-06,A,20.0483273928
20857,USGS,01351500,1996-11-07,A,19.6518915404
20858,USGS,01351500,1996-11-08,A,18.1794155172
20859,USGS,01351500,1996-11-09,A,724.91127296
20860,USGS,01351500,1996-11-10,A,399.26753706
20861,USGS,01351500,1996-11-11,A,179.528807444
20862,USGS,01351500,1996-11-12,A,128.275315098
20863,USGS,01351500,1996-11-13,A,96.27727844
20864,USGS,01351500,1996-11-14,A,81.835686674
20865,USGS,01351500,1996-11-15,A,65.12874718
20866,USGS,01351500,1996-11-16,A,53.518840074
20867,USGS,01351500,1996-11-17,A,43.041606832
20868,USGS,01351500,1996-11-18,A,43.324775298
20869,USGS,01351500,1996-11-19,A,85.23370826600001
20870,USGS,01351500,1996-11-20,A,95.710941508
20871,USGS,01351500,1996-11-21,A,69.093105704
20872,USGS,01351500,1996-11-22,A,52.952503142000005
20873,USGS,01351500,1996-11-23,A,47.289133822000004
20874,USGS,01351500,1996-11-24,A,41.625764502
20875,USGS,01351500,1996-11-25,A,37.661405978
20876,USGS,01351500,1996-11-26,A,69.942611102
20877,USGS,01351500,1996-11-27,A,91.180246052
20878,USGS,01351500,1996-11-28,A,58.615872462
20879,USGS,01351500,1996-11-29,A,47.855470754
20880,USGS,01351500,1996-11-30,A,45.30695456
20881,USGS,01351500,1996-12-01,A,73.057464228
20882,USGS,01351500,1996-12-02,A,475.72302288000003
20883,USGS,01351500,1996-12-03,A,345.46552852
20884,USGS,01351500,1996-12-04,A,164.520878746
20885,USGS,01351500,1996-12-05,A,119.780261118
20886,USGS,01351500,1996-12-06,A,104.77233242
20887,USGS,01351500,1996-12-07,A,94.295099178
20888,USGS,01351500,1996-12-08,A,86.932719062
20889,USGS,01351500,1996-12-09,A,78.720833548
20890,USGS,01351500,1996-12-10,A,68.243600306
20891,USGS,01351500,1996-12-11,A,60.314883258
20892,USGS,01351500,1996-12-12,A,77.304991218
20893,USGS,01351500,1996-12-13,A,161.68919408600001
20894,USGS,01351500,1996-12-14,A,231.63180518800002
20895,USGS,01351500,1996-12-15,A,145.83175999
20896,USGS,01351500,1996-12-16,A,129.974325894
20897,USGS,01351500,1996-12-17,A,137.903042942
20898,USGS,01351500,1996-12-18,A,219.17239268400002
20899,USGS,01351500,1996-12-19,A,171.033753464
20900,USGS,01351500,1996-12-20,A,133.372347486
20901,USGS,01351500,1996-12-21,A,98.825794634
20902,USGS,01351500,1996-12-22,A,81.269349742
20903,USGS,01351500,1996-12-23,A,77.304991218
20904,USGS,01351500,1996-12-24,A,96.27727844
20905,USGS,01351500,1996-12-25,A,168.768405736
20906,USGS,01351500,1996-12-26,A,105.90500628400001
20907,USGS,01351500,1996-12-27,A,86.649550596
20908,USGS,01351500,1996-12-28,A,77.021822752
20909,USGS,01351500,1996-12-29,A,90.330740654
20910,USGS,01351500,1996-12-30,A,122.611945778
20911,USGS,01351500,1996-12-31,A,87.499055994
20912,USGS,01351500,1997-01-01,A,64.279241782
20913,USGS,01351500,1997-01-02,A,61.164388656
20914,USGS,01351500,1997-01-03,A,79.853507412
20915,USGS,01351500,1997-01-04,A,92.02975145
20916,USGS,01351500,1997-01-05,A,75.03964349
20917,USGS,01351500,1997-01-06,A,82.11885514000001
20918,USGS,01351500,1997-01-07,A,65.12874718
20919,USGS,01351500,1997-01-08,A,48.704976152
20920,USGS,01351500,1997-01-09,A,42.4752699
20921,USGS,01351500,1997-01-10,A:e,39.64358524
20922,USGS,01351500,1997-01-11,A:e,35.39605825
20923,USGS,01351500,1997-01-12,A:e,31.148531260000002
20924,USGS,01351500,1997-01-13,A:e,26.90100427
20925,USGS,01351500,1997-01-14,A:e,25.48516194
20926,USGS,01351500,1997-01-15,A:e,24.06931961
20927,USGS,01351500,1997-01-16,A:e,23.219814212
20928,USGS,01351500,1997-01-17,A:e,22.087140348000002
20929,USGS,01351500,1997-01-18,A:e,20.954466484
20930,USGS,01351500,1997-01-19,A,20.4164463986
20931,USGS,01351500,1997-01-20,A:e,21.23763495
20932,USGS,01351500,1997-01-21,A:e,25.48516194
20933,USGS,01351500,1997-01-22,A:e,29.732688930000002
20934,USGS,01351500,1997-01-23,A:e,32.56437359
20935,USGS,01351500,1997-01-24,A:e,28.3168466
20936,USGS,01351500,1997-01-25,A:e,26.051498872
20937,USGS,01351500,1997-01-26,A:e,25.48516194
20938,USGS,01351500,1997-01-27,A:e,24.635656542
20939,USGS,01351500,1997-01-28,A:e,23.219814212
20940,USGS,01351500,1997-01-29,A:e,22.087140348000002
20941,USGS,01351500,1997-01-30,A:e,20.954466484
20942,USGS,01351500,1997-01-31,A:e,19.82179262
20943,USGS,01351500,1997-02-01,A:e,18.40595029
20944,USGS,01351500,1997-02-02,A:e,16.706939494
20945,USGS,01351500,1997-02-03,A:e,15.291097164
20946,USGS,01351500,1997-02-04,A,15.0362455446
20947,USGS,01351500,1997-02-05,A,46.72279689
20948,USGS,01351500,1997-02-06,A:e,70.7921165
20949,USGS,01351500,1997-02-07,A,49.837650016
20950,USGS,01351500,1997-02-08,A,31.998036658
20951,USGS,01351500,1997-02-09,A,26.759420037
20952,USGS,01351500,1997-02-10,A,20.784565404400002
20953,USGS,01351500,1997-02-11,A:e,16.99010796
20954,USGS,01351500,1997-02-12,A,17.6697122784
20955,USGS,01351500,1997-02-13,A,15.999018329
20956,USGS,01351500,1997-02-14,A:e,15.857434096
20957,USGS,01351500,1997-02-15,A:e,16.423771028
20958,USGS,01351500,1997-02-16,A:e,15.857434096
20959,USGS,01351500,1997-02-17,A:e,16.140602562
20960,USGS,01351500,1997-02-18,A:e,15.857434096
20961,USGS,01351500,1997-02-19,A:e,59.465377860000004
20962,USGS,01351500,1997-02-20,A,144.41591766
20963,USGS,01351500,1997-02-21,A,96.560446906
20964,USGS,01351500,1997-02-22,A,197.085252336
20965,USGS,01351500,1997-02-23,A,154.32681397000002
20966,USGS,01351500,1997-02-24,A,96.27727844
20967,USGS,01351500,1997-02-25,A,63.996073316
20968,USGS,01351500,1997-02-26,A,51.536660812
20969,USGS,01351500,1997-02-27,A,117.79808185600001
20970,USGS,01351500,1997-02-28,A,143.00007533000002
20971,USGS,01351500,1997-03-01,A,90.61390912
20972,USGS,01351500,1997-03-02,A,92.02975145
20973,USGS,01351500,1997-03-03,A,106.47134321600001
20974,USGS,01351500,1997-03-04,A,81.55251820800001
20975,USGS,01351500,1997-03-05,A,71.641621898
20976,USGS,01351500,1997-03-06,A,132.806010554
20977,USGS,01351500,1997-03-07,A,103.639658556
20978,USGS,01351500,1997-03-08,A,69.942611102
20979,USGS,01351500,1997-03-09,A,55.784187802
20980,USGS,01351500,1997-03-10,A,58.615872462
20981,USGS,01351500,1997-03-11,A,60.598051724
20982,USGS,01351500,1997-03-12,A,47.289133822000004
20983,USGS,01351500,1997-03-13,A,38.510911376
20984,USGS,01351500,1997-03-14,A,33.413878988
20985,USGS,01351500,1997-03-15,A,39.360416774
20986,USGS,01351500,1997-03-16,A,37.661405978
20987,USGS,01351500,1997-03-17,A,31.431699726
20988,USGS,01351500,1997-03-18,A,33.697047454
20989,USGS,01351500,1997-03-19,A,31.148531260000002
20990,USGS,01351500,1997-03-20,A,31.998036658
20991,USGS,01351500,1997-03-21,A,30.299025862
20992,USGS,01351500,1997-03-22,A,54.651513938
20993,USGS,01351500,1997-03-23,A,44.740617628
20994,USGS,01351500,1997-03-24,A,33.697047454
20995,USGS,01351500,1997-03-25,A,28.3168466
20996,USGS,01351500,1997-03-26,A,65.12874718
20997,USGS,01351500,1997-03-27,A,71.924790364
20998,USGS,01351500,1997-03-28,A,76.45548582
20999,USGS,01351500,1997-03-29,A,86.932719062
21000,USGS,01351500,1997-03-30,A,103.35649009000001
21001,USGS,01351500,1997-03-31,A,141.017896068
21002,USGS,01351500,1997-04-01,A,159.99018329
21003,USGS,01351500,1997-04-02,A,130.823831292
21004,USGS,01351500,1997-04-03,A,133.938684418
21005,USGS,01351500,1997-04-04,A,244.09121769200001
21006,USGS,01351500,1997-04-05,A,305.82194328
21007,USGS,01351500,1997-04-06,A,305.82194328
21008,USGS,01351500,1997-04-07,A,325.6437359
21009,USGS,01351500,1997-04-08,A,218.889224218
21010,USGS,01351500,1997-04-09,A,139.035716806
21011,USGS,01351500,1997-04-10,A,101.94064776
21012,USGS,01351500,1997-04-11,A,84.384202868
21013,USGS,01351500,1997-04-12,A,72.77429576200001
21014,USGS,01351500,1997-04-13,A,82.11885514000001
21015,USGS,01351500,1997-04-14,A,80.419844344
21016,USGS,01351500,1997-04-15,A,60.031714792
21017,USGS,01351500,1997-04-16,A,54.085177006
21018,USGS,01351500,1997-04-17,A,48.421807686
21019,USGS,01351500,1997-04-18,A,48.13863922
21020,USGS,01351500,1997-04-19,A,67.394094908
21021,USGS,01351500,1997-04-20,A,85.23370826600001
21022,USGS,01351500,1997-04-21,A,109.869364808
21023,USGS,01351500,1997-04-22,A,99.675300032
21024,USGS,01351500,1997-04-23,A,90.330740654
21025,USGS,01351500,1997-04-24,A,85.516876732
21026,USGS,01351500,1997-04-25,A,78.437665082
21027,USGS,01351500,1997-04-26,A,68.526768772
21028,USGS,01351500,1997-04-27,A,55.501019336
21029,USGS,01351500,1997-04-28,A,77.588159684
21030,USGS,01351500,1997-04-29,A,97.409952304
21031,USGS,01351500,1997-04-30,A,74.473306558
21032,USGS,01351500,1997-05-01,A,58.332703996
21033,USGS,01351500,1997-05-02,A,59.182209394000004
21034,USGS,01351500,1997-05-03,A,66.54458951000001
21035,USGS,01351500,1997-05-04,A,116.948576458
21036,USGS,01351500,1997-05-05,A,89.19806679
21037,USGS,01351500,1997-05-06,A,71.924790364
21038,USGS,01351500,1997-05-07,A,78.154496616
21039,USGS,01351500,1997-05-08,A,63.996073316
21040,USGS,01351500,1997-05-09,A,54.368345472
21041,USGS,01351500,1997-05-10,A,62.863399452
21042,USGS,01351500,1997-05-11,A,62.297062520000004
21043,USGS,01351500,1997-05-12,A,47.005965356000004
21044,USGS,01351500,1997-05-13,A,43.607943764
21045,USGS,01351500,1997-05-14,A,40.493090638
21046,USGS,01351500,1997-05-15,A,36.81190058
21047,USGS,01351500,1997-05-16,A,32.847542056
21048,USGS,01351500,1997-05-17,A,33.413878988
21049,USGS,01351500,1997-05-18,A,28.3168466
21050,USGS,01351500,1997-05-19,A,28.600015066
21051,USGS,01351500,1997-05-20,A,77.304991218
21052,USGS,01351500,1997-05-21,A,72.20795883
21053,USGS,01351500,1997-05-22,A,50.687155414
21054,USGS,01351500,1997-05-23,A,44.457449162
21055,USGS,01351500,1997-05-24,A,39.926753706
21056,USGS,01351500,1997-05-25,A,34.546552852
21057,USGS,01351500,1997-05-26,A,35.112889784000004
21058,USGS,01351500,1997-05-27,A,31.998036658
21059,USGS,01351500,1997-05-28,A,29.732688930000002
21060,USGS,01351500,1997-05-29,A,24.3241712294
21061,USGS,01351500,1997-05-30,A,21.3509023364
21062,USGS,01351500,1997-05-31,A,16.8202068804
21063,USGS,01351500,1997-06-01,A,15.6875330164
21064,USGS,01351500,1997-06-02,A,16.2255531018
21065,USGS,01351500,1997-06-03,A,16.3388204882
21066,USGS,01351500,1997-06-04,A,13.9885222204
21067,USGS,01351500,1997-06-05,A,10.901985941
21068,USGS,01351500,1997-06-06,A,9.061390912
21069,USGS,01351500,1997-06-07,A,7.1641621898
21070,USGS,01351500,1997-06-08,A,5.9748546326000005
21071,USGS,01351500,1997-06-09,A,5.0120818482
21072,USGS,01351500,1997-06-10,A,4.4740617628
21073,USGS,01351500,1997-06-11,A,3.9360416774
21074,USGS,01351500,1997-06-12,A,3.5679226716
21075,USGS,01351500,1997-06-13,A,3.3413878988
21076,USGS,01351500,1997-06-14,A,3.2281205124000003
21077,USGS,01351500,1997-06-15,A,3.1998036658
21078,USGS,01351500,1997-06-16,A,2.9449520464
21079,USGS,01351500,1997-06-17,A,2.83168466
21080,USGS,01351500,1997-06-18,A,2.7750509668000003
21081,USGS,01351500,1997-06-19,A,2.8883183532
21082,USGS,01351500,1997-06-20,A,3.1431699726
21083,USGS,01351500,1997-06-21,A,3.2847542056
21084,USGS,01351500,1997-06-22,A,2.8600015066
21085,USGS,01351500,1997-06-23,A,2.3219814212000003
21086,USGS,01351500,1997-06-24,A,2.0671298018
21087,USGS,01351500,1997-06-25,A,5.4368345472
21088,USGS,01351500,1997-06-26,A,6.3996073316
21089,USGS,01351500,1997-06-27,A,4.2758438366
21090,USGS,01351500,1997-06-28,A,3.7095069046
21091,USGS,01351500,1997-06-29,A,3.0015857396000003
21092,USGS,01351500,1997-06-30,A,2.4635656542
21093,USGS,01351500,1997-07-01,A,2.0954466484000003
21094,USGS,01351500,1997-07-02,A,1.8405950290000002
21095,USGS,01351500,1997-07-03,A,1.7273276426000002
21096,USGS,01351500,1997-07-04,A,1.9538624154000002
21097,USGS,01351500,1997-07-05,A,2.2936645746
21098,USGS,01351500,1997-07-06,A,1.9538624154000002
21099,USGS,01351500,1997-07-07,A,1.7273276426000002
21100,USGS,01351500,1997-07-08,A,1.557426563
21101,USGS,01351500,1997-07-09,A,1.6423771028
21102,USGS,01351500,1997-07-10,A,1.8972287222
21103,USGS,01351500,1997-07-11,A,2.1520803416
21104,USGS,01351500,1997-07-12,A,1.982179262
21105,USGS,01351500,1997-07-13,A,1.6423771028
21106,USGS,01351500,1997-07-14,A,1.3875254834000001
21107,USGS,01351500,1997-07-15,A,1.3308917902
21108,USGS,01351500,1997-07-16,A,3.964358524
21109,USGS,01351500,1997-07-17,A,5.3518840074
21110,USGS,01351500,1997-07-18,A,3.6528732114
21111,USGS,01351500,1997-07-19,A,2.6617835804
21112,USGS,01351500,1997-07-20,A,2.0671298018
21113,USGS,01351500,1997-07-21,A,1.7556444892
21114,USGS,01351500,1997-07-22,A,1.699010796
21115,USGS,01351500,1997-07-23,A,1.6140602562000002
21116,USGS,01351500,1997-07-24,A,1.4441591766
21117,USGS,01351500,1997-07-25,A,1.2742580970000001
21118,USGS,01351500,1997-07-26,A,1.1609907106000001
21119,USGS,01351500,1997-07-27,A,1.0760401708
21120,USGS,01351500,1997-07-28,A,1.0194064776
21121,USGS,01351500,1997-07-29,A,0.9627727844
21122,USGS,01351500,1997-07-30,A,0.9061390912
21123,USGS,01351500,1997-07-31,A,0.8778222446
21124,USGS,01351500,1997-08-01,A,0.849505398
21125,USGS,01351500,1997-08-02,A,0.7928717048
21126,USGS,01351500,1997-08-03,A,0.7645548582
21127,USGS,01351500,1997-08-04,A,0.7645548582
21128,USGS,01351500,1997-08-05,A,0.8211885514
21129,USGS,01351500,1997-08-06,A,0.7928717048
21130,USGS,01351500,1997-08-07,A,0.707921165
21131,USGS,01351500,1997-08-08,A,0.6796043184
21132,USGS,01351500,1997-08-09,A,0.6512874718
21133,USGS,01351500,1997-08-10,A,0.5946537786
21134,USGS,01351500,1997-08-11,A,0.6229706252
21135,USGS,01351500,1997-08-12,A,0.5946537786
21136,USGS,01351500,1997-08-13,A,0.7645548582
21137,USGS,01351500,1997-08-14,A,1.6706939494
21138,USGS,01351500,1997-08-15,A,1.982179262
21139,USGS,01351500,1997-08-16,A,1.557426563
21140,USGS,01351500,1997-08-17,A,1.3308917902
21141,USGS,01351500,1997-08-18,A,1.132673864
21142,USGS,01351500,1997-08-19,A,0.9627727844
21143,USGS,01351500,1997-08-20,A,0.9061390912
21144,USGS,01351500,1997-08-21,A,1.1043570174
21145,USGS,01351500,1997-08-22,A,2.0954466484000003
21146,USGS,01351500,1997-08-23,A,2.5768330406
21147,USGS,01351500,1997-08-24,A,2.1803971882
21148,USGS,01351500,1997-08-25,A,1.6706939494
21149,USGS,01351500,1997-08-26,A,1.557426563
21150,USGS,01351500,1997-08-27,A,1.8122781824
21151,USGS,01351500,1997-08-28,A,2.0954466484000003
21152,USGS,01351500,1997-08-29,A,3.5679226716
21153,USGS,01351500,1997-08-30,A,2.973268893
21154,USGS,01351500,1997-08-31,A,2.4635656542
21155,USGS,01351500,1997-09-01,A,2.123763495
21156,USGS,01351500,1997-09-02,A,2.123763495
21157,USGS,01351500,1997-09-03,A,1.9538624154000002
21158,USGS,01351500,1997-09-04,A,1.699010796
21159,USGS,01351500,1997-09-05,A,1.4441591766
21160,USGS,01351500,1997-09-06,A,1.3025749436
21161,USGS,01351500,1997-09-07,A,1.2459412504
21162,USGS,01351500,1997-09-08,A,1.2459412504
21163,USGS,01351500,1997-09-09,A,1.4441591766
21164,USGS,01351500,1997-09-10,A,1.3025749436
21165,USGS,01351500,1997-09-11,A,1.4724760232
21166,USGS,01351500,1997-09-12,A,6.7110926442
21167,USGS,01351500,1997-09-13,A,7.7871328150000005
21168,USGS,01351500,1997-09-14,A,4.8988144618
21169,USGS,01351500,1997-09-15,A,3.7095069046
21170,USGS,01351500,1997-09-16,A,3.0865362794
21171,USGS,01351500,1997-09-17,A,2.5768330406
21172,USGS,01351500,1997-09-18,A,2.3786151144
21173,USGS,01351500,1997-09-19,A,2.0954466484000003
21174,USGS,01351500,1997-09-20,A,1.9538624154000002
21175,USGS,01351500,1997-09-21,A,1.7556444892
21176,USGS,01351500,1997-09-22,A,1.6423771028
21177,USGS,01351500,1997-09-23,A,1.557426563
21178,USGS,01351500,1997-09-24,A,1.41584233
21179,USGS,01351500,1997-09-25,A,1.3025749436
21180,USGS,01351500,1997-09-26,A,1.2742580970000001
21181,USGS,01351500,1997-09-27,A,1.1893075572
21182,USGS,01351500,1997-09-28,A,1.132673864
21183,USGS,01351500,1997-09-29,A,1.2459412504
21184,USGS,01351500,1997-09-30,A,1.2742580970000001
21185,USGS,01351500,1997-10-01,A,1.3308917902
21186,USGS,01351500,1997-10-02,A,1.3025749436
21187,USGS,01351500,1997-10-03,A,1.3308917902
21188,USGS,01351500,1997-10-04,A,1.3025749436
21189,USGS,01351500,1997-10-05,A,1.41584233
21190,USGS,01351500,1997-10-06,A,1.4724760232
21191,USGS,01351500,1997-10-07,A,1.41584233
21192,USGS,01351500,1997-10-08,A,1.3308917902
21193,USGS,01351500,1997-10-09,A,1.2742580970000001
21194,USGS,01351500,1997-10-10,A,1.2459412504
21195,USGS,01351500,1997-10-11,A,1.1609907106000001
21196,USGS,01351500,1997-10-12,A,1.1043570174
21197,USGS,01351500,1997-10-13,A,1.0194064776
21198,USGS,01351500,1997-10-14,A,1.0477233242000001
21199,USGS,01351500,1997-10-15,A,1.0194064776
21200,USGS,01351500,1997-10-16,A,1.0477233242000001
21201,USGS,01351500,1997-10-17,A,1.0194064776
21202,USGS,01351500,1997-10-18,A,1.0194064776
21203,USGS,01351500,1997-10-19,A,1.0194064776
21204,USGS,01351500,1997-10-20,A,1.0194064776
21205,USGS,01351500,1997-10-21,A,0.991089631
21206,USGS,01351500,1997-10-22,A,0.991089631
21207,USGS,01351500,1997-10-23,A,0.991089631
21208,USGS,01351500,1997-10-24,A,0.991089631
21209,USGS,01351500,1997-10-25,A,1.1043570174
21210,USGS,01351500,1997-10-26,A,1.1893075572
21211,USGS,01351500,1997-10-27,A,1.7839613358
21212,USGS,01351500,1997-10-28,A,2.7184172736
21213,USGS,01351500,1997-10-29,A,3.2847542056
21214,USGS,01351500,1997-10-30,A,3.2281205124000003
21215,USGS,01351500,1997-10-31,A,2.4635656542
21216,USGS,01351500,1997-11-01,A,2.4352488076
21217,USGS,01351500,1997-11-02,A,16.7352563406
21218,USGS,01351500,1997-11-03,A,21.832288728600002
21219,USGS,01351500,1997-11-04,A,14.7530770786
21220,USGS,01351500,1997-11-05,A,13.592086368
21221,USGS,01351500,1997-11-06,A,10.6471343216
21222,USGS,01351500,1997-11-07,A,8.2685192072
21223,USGS,01351500,1997-11-08,A,12.034659805
21224,USGS,01351500,1997-11-09,A,106.754511682
21225,USGS,01351500,1997-11-10,A,83.251529004
21226,USGS,01351500,1997-11-11,A,39.64358524
21227,USGS,01351500,1997-11-12,A,26.759420037
21228,USGS,01351500,1997-11-13,A,20.671298018
21229,USGS,01351500,1997-11-14,A,18.0944649774
21230,USGS,01351500,1997-11-15,A,17.4714943522
21231,USGS,01351500,1997-11-16,A,16.1972362552
21232,USGS,01351500,1997-11-17,A,14.7813939252
21233,USGS,01351500,1997-11-18,A,14.0451559136
21234,USGS,01351500,1997-11-19,A,13.054066282600001
21235,USGS,01351500,1997-11-20,A,12.600996737000001
21236,USGS,01351500,1997-11-21,A,11.609907106
21237,USGS,01351500,1997-11-22,A,17.3865438124
21238,USGS,01351500,1997-11-23,A,23.2764479052
21239,USGS,01351500,1997-11-24,A,26.3063504914
21240,USGS,01351500,1997-11-25,A,22.6251604334
21241,USGS,01351500,1997-11-26,A,25.8815977924
21242,USGS,01351500,1997-11-27,A,69.093105704
21243,USGS,01351500,1997-11-28,A,43.324775298
21244,USGS,01351500,1997-11-29,A,35.39605825
21245,USGS,01351500,1997-11-30,A,35.679226716
21246,USGS,01351500,1997-12-01,A,52.952503142000005
21247,USGS,01351500,1997-12-02,A,40.209922172
21248,USGS,01351500,1997-12-03,A,29.449520464000003
21249,USGS,01351500,1997-12-04,A,27.892093901
21250,USGS,01351500,1997-12-05,A,33.130710522
21251,USGS,01351500,1997-12-06,A,32.847542056
21252,USGS,01351500,1997-12-07,A,29.449520464000003
21253,USGS,01351500,1997-12-08,A,25.5417956332
21254,USGS,01351500,1997-12-09,A,22.0588235014
21255,USGS,01351500,1997-12-10,A,18.9156535288
21256,USGS,01351500,1997-12-11,A,17.5281280454
21257,USGS,01351500,1997-12-12,A,18.3493165968
21258,USGS,01351500,1997-12-13,A,16.6219889542
21259,USGS,01351500,1997-12-14,A,16.140602562
21260,USGS,01351500,1997-12-15,A,12.5443630438
21261,USGS,01351500,1997-12-16,A,13.875254834
21262,USGS,01351500,1997-12-17,A,14.215056993200001
21263,USGS,01351500,1997-12-18,A,13.875254834
21264,USGS,01351500,1997-12-19,A,12.176244038
21265,USGS,01351500,1997-12-20,A,12.317828271
21266,USGS,01351500,1997-12-21,A:e,11.893075572
21267,USGS,01351500,1997-12-22,A:e,11.043570174000001
21268,USGS,01351500,1997-12-23,A,11.8647587254
21269,USGS,01351500,1997-12-24,A,12.034659805
21270,USGS,01351500,1997-12-25,A,12.459412504
21271,USGS,01351500,1997-12-26,A,25.5417956332
21272,USGS,01351500,1997-12-27,A,28.600015066
21273,USGS,01351500,1997-12-28,A:e,19.82179262
21274,USGS,01351500,1997-12-29,A:e,14.724760232000001
21275,USGS,01351500,1997-12-30,A:e,11.32673864
21276,USGS,01351500,1997-12-31,A:e,9.91089631
21277,USGS,01351500,1998-01-01,A:e,11.32673864
21278,USGS,01351500,1998-01-02,A:e,14.1584233
21279,USGS,01351500,1998-01-03,A:e,24.352488076
21280,USGS,01351500,1998-01-04,A,116.948576458
21281,USGS,01351500,1998-01-05,A,137.903042942
21282,USGS,01351500,1998-01-06,A,165.370384144
21283,USGS,01351500,1998-01-07,A,241.542701498
21284,USGS,01351500,1998-01-08,A,583.32703996
21285,USGS,01351500,1998-01-09,A,671.10926442
21286,USGS,01351500,1998-01-10,A,484.21807686
21287,USGS,01351500,1998-01-11,A,226.81794126600002
21288,USGS,01351500,1998-01-12,A,144.982254592
21289,USGS,01351500,1998-01-13,A,107.887185546
21290,USGS,01351500,1998-01-14,A,89.764403722
21291,USGS,01351500,1998-01-15,A,63.429736384
21292,USGS,01351500,1998-01-16,A:e,56.6336932
21293,USGS,01351500,1998-01-17,A:e,50.97032388
21294,USGS,01351500,1998-01-18,A,46.156459958
21295,USGS,01351500,1998-01-19,A,43.607943764
21296,USGS,01351500,1998-01-20,A,41.908932968
21297,USGS,01351500,1998-01-21,A:e,31.148531260000002
21298,USGS,01351500,1998-01-22,A:e,28.3168466
21299,USGS,01351500,1998-01-23,A,30.299025862
21300,USGS,01351500,1998-01-24,A,33.413878988
21301,USGS,01351500,1998-01-25,A,31.148531260000002
21302,USGS,01351500,1998-01-26,A:e,25.48516194
21303,USGS,01351500,1998-01-27,A:e,22.65347728
21304,USGS,01351500,1998-01-28,A:e,20.388129552000002
21305,USGS,01351500,1998-01-29,A:e,19.82179262
21306,USGS,01351500,1998-01-30,A,18.6324850628
21307,USGS,01351500,1998-01-31,A:e,16.99010796
21308,USGS,01351500,1998-02-01,A:e,15.857434096
21309,USGS,01351500,1998-02-02,A:e,14.724760232000001
21310,USGS,01351500,1998-02-03,A:e,15.291097164
21311,USGS,01351500,1998-02-04,A,14.1867401466
21312,USGS,01351500,1998-02-05,A,15.1778297776
21313,USGS,01351500,1998-02-06,A,14.3283243796
21314,USGS,01351500,1998-02-07,A,12.4877293506
21315,USGS,01351500,1998-02-08,A,10.1091142362
21316,USGS,01351500,1998-02-09,A:e,8.778222446000001
21317,USGS,01351500,1998-02-10,A:e,9.344559378
21318,USGS,01351500,1998-02-11,A,10.618817475
21319,USGS,01351500,1998-02-12,A,19.0855546084
21320,USGS,01351500,1998-02-13,A,63.146567918
21321,USGS,01351500,1998-02-14,A,39.926753706
21322,USGS,01351500,1998-02-15,A,25.456845093400002
21323,USGS,01351500,1998-02-16,A:e,18.689118756
21324,USGS,01351500,1998-02-17,A:e,19.82179262
21325,USGS,01351500,1998-02-18,A,26.90100427
21326,USGS,01351500,1998-02-19,A,48.704976152
21327,USGS,01351500,1998-02-20,A,72.77429576200001
21328,USGS,01351500,1998-02-21,A,56.067356268000005
21329,USGS,01351500,1998-02-22,A,42.4752699
21330,USGS,01351500,1998-02-23,A:e,39.64358524
21331,USGS,01351500,1998-02-24,A:e,39.64358524
21332,USGS,01351500,1998-02-25,A,41.908932968
21333,USGS,01351500,1998-02-26,A,45.023786094
21334,USGS,01351500,1998-02-27,A,45.873291492
21335,USGS,01351500,1998-02-28,A,45.30695456
21336,USGS,01351500,1998-03-01,A,76.172317354
21337,USGS,01351500,1998-03-02,A,111.285207138
21338,USGS,01351500,1998-03-03,A,112.417881002
21339,USGS,01351500,1998-03-04,A,95.427773042
21340,USGS,01351500,1998-03-05,A,81.269349742
21341,USGS,01351500,1998-03-06,A,69.65944263600001
21342,USGS,01351500,1998-03-07,A,65.695084112
21343,USGS,01351500,1998-03-08,A,60.314883258
21344,USGS,01351500,1998-03-09,A,165.370384144
21345,USGS,01351500,1998-03-10,A,597.48546326
21346,USGS,01351500,1998-03-11,A,278.63777054400003
21347,USGS,01351500,1998-03-12,A,135.637695214
21348,USGS,01351500,1998-03-13,A,94.01193071200001
21349,USGS,01351500,1998-03-14,A,88.065392926
21350,USGS,01351500,1998-03-15,A,67.11092644200001
21351,USGS,01351500,1998-03-16,A,56.350524734000004
21352,USGS,01351500,1998-03-17,A,52.669334676
21353,USGS,01351500,1998-03-18,A,44.740617628
21354,USGS,01351500,1998-03-19,A,64.279241782
21355,USGS,01351500,1998-03-20,A,82.402023606
21356,USGS,01351500,1998-03-21,A,82.685192072
21357,USGS,01351500,1998-03-22,A,69.942611102
21358,USGS,01351500,1998-03-23,A,51.819829278
21359,USGS,01351500,1998-03-24,A,48.13863922
21360,USGS,01351500,1998-03-25,A,48.421807686
21361,USGS,01351500,1998-03-26,A,58.04953553
21362,USGS,01351500,1998-03-27,A,141.301064534
21363,USGS,01351500,1998-03-28,A,249.18825008000002
21364,USGS,01351500,1998-03-29,A,252.01993474
21365,USGS,01351500,1998-03-30,A,177.263459716
21366,USGS,01351500,1998-03-31,A,129.407988962
21367,USGS,01351500,1998-04-01,A,110.718870206
21368,USGS,01351500,1998-04-02,A,242.10903843
21369,USGS,01351500,1998-04-03,A,169.33474266800002
21370,USGS,01351500,1998-04-04,A,122.328777312
21371,USGS,01351500,1998-04-05,A,92.02975145
21372,USGS,01351500,1998-04-06,A,79.00400201400001
21373,USGS,01351500,1998-04-07,A,64.279241782
21374,USGS,01351500,1998-04-08,A,53.80200854
21375,USGS,01351500,1998-04-09,A,69.093105704
21376,USGS,01351500,1998-04-10,A,99.675300032
21377,USGS,01351500,1998-04-11,A,86.083213664
21378,USGS,01351500,1998-04-12,A,60.031714792
21379,USGS,01351500,1998-04-13,A,50.403986948000004
21380,USGS,01351500,1998-04-14,A,47.005965356000004
21381,USGS,01351500,1998-04-15,A,39.926753706
21382,USGS,01351500,1998-04-16,A,39.64358524
21383,USGS,01351500,1998-04-17,A,36.528732114
21384,USGS,01351500,1998-04-18,A,34.546552852
21385,USGS,01351500,1998-04-19,A,32.281205124
21386,USGS,01351500,1998-04-20,A,216.340708024
21387,USGS,01351500,1998-04-21,A,146.964433854
21388,USGS,01351500,1998-04-22,A,95.994109974
21389,USGS,01351500,1998-04-23,A,76.172317354
21390,USGS,01351500,1998-04-24,A,69.37627417
21391,USGS,01351500,1998-04-25,A,73.62380116
21392,USGS,01351500,1998-04-26,A,53.518840074
21393,USGS,01351500,1998-04-27,A,54.368345472
21394,USGS,01351500,1998-04-28,A,46.439628424
21395,USGS,01351500,1998-04-29,A,38.794079842
21396,USGS,01351500,1998-04-30,A,36.528732114
21397,USGS,01351500,1998-05-01,A,34.263384386
21398,USGS,01351500,1998-05-02,A,42.192101434
21399,USGS,01351500,1998-05-03,A,137.33670601
21400,USGS,01351500,1998-05-04,A,108.170354012
21401,USGS,01351500,1998-05-05,A,85.800045198
21402,USGS,01351500,1998-05-06,A,82.11885514000001
21403,USGS,01351500,1998-05-07,A,91.746582984
21404,USGS,01351500,1998-05-08,A,68.243600306
21405,USGS,01351500,1998-05-09,A,61.447557122
21406,USGS,01351500,1998-05-10,A,181.510986706
21407,USGS,01351500,1998-05-11,A,504.03986948
21408,USGS,01351500,1998-05-12,A,365.28732114
21409,USGS,01351500,1998-05-13,A,199.916936996
21410,USGS,01351500,1998-05-14,A,133.372347486
21411,USGS,01351500,1998-05-15,A,99.392131566
21412,USGS,01351500,1998-05-16,A,77.87132815
21413,USGS,01351500,1998-05-17,A,53.80200854
21414,USGS,01351500,1998-05-18,A,45.590123026
21415,USGS,01351500,1998-05-19,A,39.360416774
21416,USGS,01351500,1998-05-20,A,32.847542056
21417,USGS,01351500,1998-05-21,A,30.299025862
21418,USGS,01351500,1998-05-22,A,24.154270149800002
21419,USGS,01351500,1998-05-23,A,24.0976364566
21420,USGS,01351500,1998-05-24,A,19.3404062278
21421,USGS,01351500,1998-05-25,A,15.9423846358
21422,USGS,01351500,1998-05-26,A,17.0184248066
21423,USGS,01351500,1998-05-27,A,15.857434096
21424,USGS,01351500,1998-05-28,A,9.9675300032
21425,USGS,01351500,1998-05-29,A,6.909310570400001
21426,USGS,01351500,1998-05-30,A,6.371290485
21427,USGS,01351500,1998-05-31,A,6.1447557122
21428,USGS,01351500,1998-06-01,A,33.98021592
21429,USGS,01351500,1998-06-02,A,26.3063504914
21430,USGS,01351500,1998-06-03,A,20.5013969384
21431,USGS,01351500,1998-06-04,A,15.2627803174
21432,USGS,01351500,1998-06-05,A,10.7037680148
21433,USGS,01351500,1998-06-06,A,8.2968360538
21434,USGS,01351500,1998-06-07,A,6.9942611102
21435,USGS,01351500,1998-06-08,A,6.2580230986
21436,USGS,01351500,1998-06-09,A,5.804953553
21437,USGS,01351500,1998-06-10,A,5.380200854
21438,USGS,01351500,1998-06-11,A,5.2669334676
21439,USGS,01351500,1998-06-12,A,4.9271313084
21440,USGS,01351500,1998-06-13,A,11.3550554866
21441,USGS,01351500,1998-06-14,A,164.23771028000002
21442,USGS,01351500,1998-06-15,A,521.02997744
21443,USGS,01351500,1998-06-16,A,271.558558894
21444,USGS,01351500,1998-06-17,A,178.39613358
21445,USGS,01351500,1998-06-18,A,122.895114244
21446,USGS,01351500,1998-06-19,A,96.27727844
21447,USGS,01351500,1998-06-20,A,75.88914888800001
21448,USGS,01351500,1998-06-21,A,57.766367064
21449,USGS,01351500,1998-06-22,A,39.077248308
21450,USGS,01351500,1998-06-23,A,39.360416774
21451,USGS,01351500,1998-06-24,A,43.324775298
21452,USGS,01351500,1998-06-25,A,36.81190058
21453,USGS,01351500,1998-06-26,A,30.299025862
21454,USGS,01351500,1998-06-27,A,29.732688930000002
21455,USGS,01351500,1998-06-28,A,23.644566911000002
21456,USGS,01351500,1998-06-29,A,18.9156535288
21457,USGS,01351500,1998-06-30,A,21.4641697228
21458,USGS,01351500,1998-07-01,A,40.776259104000005
21459,USGS,01351500,1998-07-02,A,39.360416774
21460,USGS,01351500,1998-07-03,A,30.299025862
21461,USGS,01351500,1998-07-04,A,24.6073396954
21462,USGS,01351500,1998-07-05,A,27.8071433612
21463,USGS,01351500,1998-07-06,A,24.635656542
21464,USGS,01351500,1998-07-07,A,22.4835762004
21465,USGS,01351500,1998-07-08,A,62.580230986000004
21466,USGS,01351500,1998-07-09,A,88.065392926
21467,USGS,01351500,1998-07-10,A,53.235671608000004
21468,USGS,01351500,1998-07-11,A,36.528732114
21469,USGS,01351500,1998-07-12,A,25.966548332200002
21470,USGS,01351500,1998-07-13,A,21.1526844102
21471,USGS,01351500,1998-07-14,A,20.5013969384
21472,USGS,01351500,1998-07-15,A,12.7992146632
21473,USGS,01351500,1998-07-16,A,13.2522842088
21474,USGS,01351500,1998-07-17,A,18.1510986706
21475,USGS,01351500,1998-07-18,A,12.2895114244
21476,USGS,01351500,1998-07-19,A,7.5322811956
21477,USGS,01351500,1998-07-20,A,6.3146567918
21478,USGS,01351500,1998-07-21,A,7.220795883
21479,USGS,01351500,1998-07-22,A,6.6544589510000005
21480,USGS,01351500,1998-07-23,A,5.9182209394
21481,USGS,01351500,1998-07-24,A,5.550101933600001
21482,USGS,01351500,1998-07-25,A,5.0687155414000005
21483,USGS,01351500,1998-07-26,A,4.3041606832
21484,USGS,01351500,1998-07-27,A,3.7944574444
21485,USGS,01351500,1998-07-28,A,3.398021592
21486,USGS,01351500,1998-07-29,A,3.0865362794
21487,USGS,01351500,1998-07-30,A,2.9449520464
21488,USGS,01351500,1998-07-31,A,2.7467341202
21489,USGS,01351500,1998-08-01,A,2.4918825008
21490,USGS,01351500,1998-08-02,A,2.2370308814
21491,USGS,01351500,1998-08-03,A,2.0388129552
21492,USGS,01351500,1998-08-04,A,1.8405950290000002
21493,USGS,01351500,1998-08-05,A,1.7273276426000002
21494,USGS,01351500,1998-08-06,A,1.6706939494
21495,USGS,01351500,1998-08-07,A,1.5857434096
21496,USGS,01351500,1998-08-08,A,1.6140602562000002
21497,USGS,01351500,1998-08-09,A,1.4441591766
21498,USGS,01351500,1998-08-10,A,1.3308917902
21499,USGS,01351500,1998-08-11,A,1.5007928698000002
21500,USGS,01351500,1998-08-12,A,1.5857434096
21501,USGS,01351500,1998-08-13,A,1.5291097164
21502,USGS,01351500,1998-08-14,A,1.3875254834000001
21503,USGS,01351500,1998-08-15,A,1.3308917902
21504,USGS,01351500,1998-08-16,A,1.41584233
21505,USGS,01351500,1998-08-17,A,1.2176244038
21506,USGS,01351500,1998-08-18,A,1.2459412504
21507,USGS,01351500,1998-08-19,A,1.2742580970000001
21508,USGS,01351500,1998-08-20,A,1.3025749436
21509,USGS,01351500,1998-08-21,A,1.2176244038
21510,USGS,01351500,1998-08-22,A,1.132673864
21511,USGS,01351500,1998-08-23,A,1.0760401708
21512,USGS,01351500,1998-08-24,A,1.3875254834000001
21513,USGS,01351500,1998-08-25,A,1.2742580970000001
21514,USGS,01351500,1998-08-26,A,1.1043570174
21515,USGS,01351500,1998-08-27,A,1.0194064776
21516,USGS,01351500,1998-08-28,A,0.9627727844
21517,USGS,01351500,1998-08-29,A,0.8778222446
21518,USGS,01351500,1998-08-30,A,0.849505398
21519,USGS,01351500,1998-08-31,A,0.8211885514
21520,USGS,01351500,1998-09-01,A,0.7928717048
21521,USGS,01351500,1998-09-02,A,0.849505398
21522,USGS,01351500,1998-09-03,A,0.9061390912
21523,USGS,01351500,1998-09-04,A,0.849505398
21524,USGS,01351500,1998-09-05,A,0.8211885514
21525,USGS,01351500,1998-09-06,A,0.7645548582
21526,USGS,01351500,1998-09-07,A,0.849505398
21527,USGS,01351500,1998-09-08,A,0.8778222446
21528,USGS,01351500,1998-09-09,A,0.9627727844
21529,USGS,01351500,1998-09-10,A,0.9344559378
21530,USGS,01351500,1998-09-11,A,0.9061390912
21531,USGS,01351500,1998-09-12,A,0.8778222446
21532,USGS,01351500,1998-09-13,A,0.8211885514
21533,USGS,01351500,1998-09-14,A,0.7928717048
21534,USGS,01351500,1998-09-15,A,0.7362380116
21535,USGS,01351500,1998-09-16,A,0.7362380116
21536,USGS,01351500,1998-09-17,A,0.707921165
21537,USGS,01351500,1998-09-18,A,0.6796043184
21538,USGS,01351500,1998-09-19,A,0.6796043184
21539,USGS,01351500,1998-09-20,A,0.6512874718
21540,USGS,01351500,1998-09-21,A,0.6229706252
21541,USGS,01351500,1998-09-22,A,0.5946537786
21542,USGS,01351500,1998-09-23,A,0.5946537786
21543,USGS,01351500,1998-09-24,A,0.5946537786
21544,USGS,01351500,1998-09-25,A,0.5946537786
21545,USGS,01351500,1998-09-26,A,0.5946537786
21546,USGS,01351500,1998-09-27,A,0.7928717048
21547,USGS,01351500,1998-09-28,A,0.8778222446
21548,USGS,01351500,1998-09-29,A,0.8211885514
21549,USGS,01351500,1998-09-30,A,0.7362380116
21550,USGS,01351500,1998-10-01,A,0.7645548582
21551,USGS,01351500,1998-10-02,A,0.6796043184
21552,USGS,01351500,1998-10-03,A,0.6512874718
21553,USGS,01351500,1998-10-04,A,0.6229706252
21554,USGS,01351500,1998-10-05,A,0.707921165
21555,USGS,01351500,1998-10-06,A,0.9344559378
21556,USGS,01351500,1998-10-07,A,0.991089631
21557,USGS,01351500,1998-10-08,A,1.0477233242000001
21558,USGS,01351500,1998-10-09,A,0.991089631
21559,USGS,01351500,1998-10-10,A,1.2459412504
21560,USGS,01351500,1998-10-11,A,2.8883183532
21561,USGS,01351500,1998-10-12,A,4.24752699
21562,USGS,01351500,1998-10-13,A,3.1998036658
21563,USGS,01351500,1998-10-14,A,2.4352488076
21564,USGS,01351500,1998-10-15,A,2.3786151144
21565,USGS,01351500,1998-10-16,A,2.2370308814
21566,USGS,01351500,1998-10-17,A,2.0388129552
21567,USGS,01351500,1998-10-18,A,1.7273276426000002
21568,USGS,01351500,1998-10-19,A,1.5007928698000002
21569,USGS,01351500,1998-10-20,A,1.3025749436
21570,USGS,01351500,1998-10-21,A,1.1609907106000001
21571,USGS,01351500,1998-10-22,A,1.0760401708
21572,USGS,01351500,1998-10-23,A,1.0194064776
21573,USGS,01351500,1998-10-24,A,0.9627727844
21574,USGS,01351500,1998-10-25,A,0.9344559378
21575,USGS,01351500,1998-10-26,A,0.8778222446
21576,USGS,01351500,1998-10-27,A,0.8778222446
21577,USGS,01351500,1998-10-28,A,0.8778222446
21578,USGS,01351500,1998-10-29,A,0.8778222446
21579,USGS,01351500,1998-10-30,A,0.8778222446
21580,USGS,01351500,1998-10-31,A,0.9344559378
21581,USGS,01351500,1998-11-01,A,0.9344559378
21582,USGS,01351500,1998-11-02,A,0.9061390912
21583,USGS,01351500,1998-11-03,A,0.8211885514
21584,USGS,01351500,1998-11-04,A,0.8211885514
21585,USGS,01351500,1998-11-05,A,0.7928717048
21586,USGS,01351500,1998-11-06,A,0.7928717048
21587,USGS,01351500,1998-11-07,A,0.7928717048
21588,USGS,01351500,1998-11-08,A,0.8211885514
21589,USGS,01351500,1998-11-09,A,0.8211885514
21590,USGS,01351500,1998-11-10,A,0.8211885514
21591,USGS,01351500,1998-11-11,A,0.991089631
21592,USGS,01351500,1998-11-12,A,1.0194064776
21593,USGS,01351500,1998-11-13,A,1.0477233242000001
21594,USGS,01351500,1998-11-14,A,1.0477233242000001
21595,USGS,01351500,1998-11-15,A,1.1043570174
21596,USGS,01351500,1998-11-16,A,1.0760401708
21597,USGS,01351500,1998-11-17,A,1.1043570174
21598,USGS,01351500,1998-11-18,A,1.0760401708
21599,USGS,01351500,1998-11-19,A,1.0194064776
21600,USGS,01351500,1998-11-20,A,1.0760401708
21601,USGS,01351500,1998-11-21,A,1.2459412504
21602,USGS,01351500,1998-11-22,A,1.4441591766
21603,USGS,01351500,1998-11-23,A,1.5857434096
21604,USGS,01351500,1998-11-24,A,1.6140602562000002
21605,USGS,01351500,1998-11-25,A,1.41584233
21606,USGS,01351500,1998-11-26,A,1.3875254834000001
21607,USGS,01351500,1998-11-27,A,1.41584233
21608,USGS,01351500,1998-11-28,A,1.5007928698000002
21609,USGS,01351500,1998-11-29,A,1.5857434096
21610,USGS,01351500,1998-11-30,A,1.5857434096
21611,USGS,01351500,1998-12-01,A,1.5857434096
21612,USGS,01351500,1998-12-02,A,1.4441591766
21613,USGS,01351500,1998-12-03,A,1.4441591766
21614,USGS,01351500,1998-12-04,A,1.4724760232
21615,USGS,01351500,1998-12-05,A,1.4441591766
21616,USGS,01351500,1998-12-06,A,1.3875254834000001
21617,USGS,01351500,1998-12-07,A,1.3592086368
21618,USGS,01351500,1998-12-08,A,1.2742580970000001
21619,USGS,01351500,1998-12-09,A,1.3875254834000001
21620,USGS,01351500,1998-12-10,A,1.5007928698000002
21621,USGS,01351500,1998-12-11,A,1.4724760232
21622,USGS,01351500,1998-12-12,A,1.5007928698000002
21623,USGS,01351500,1998-12-13,A,1.4724760232
21624,USGS,01351500,1998-12-14,A,1.3875254834000001
21625,USGS,01351500,1998-12-15,A,1.2742580970000001
21626,USGS,01351500,1998-12-16,A,1.2459412504
21627,USGS,01351500,1998-12-17,A,1.3308917902
21628,USGS,01351500,1998-12-18,A,1.2742580970000001
21629,USGS,01351500,1998-12-19,A,1.1893075572
21630,USGS,01351500,1998-12-20,A,1.2459412504
21631,USGS,01351500,1998-12-21,A,1.2742580970000001
21632,USGS,01351500,1998-12-22,A,1.8689118756
21633,USGS,01351500,1998-12-23,A:e,3.964358524
21634,USGS,01351500,1998-12-24,A:e,3.398021592
21635,USGS,01351500,1998-12-25,A:e,2.5485161940000003
21636,USGS,01351500,1998-12-26,A:e,2.265347728
21637,USGS,01351500,1998-12-27,A:e,1.982179262
21638,USGS,01351500,1998-12-28,A:e,1.8122781824
21639,USGS,01351500,1998-12-29,A:e,1.699010796
21640,USGS,01351500,1998-12-30,A:e,1.5857434096
21641,USGS,01351500,1998-12-31,A:e,1.5291097164
21642,USGS,01351500,1999-01-01,A:e,1.4724760232
21643,USGS,01351500,1999-01-02,A:e,1.41584233
21644,USGS,01351500,1999-01-03,A:e,1.41584233
21645,USGS,01351500,1999-01-04,A:e,1.41584233
21646,USGS,01351500,1999-01-05,A:e,1.41584233
21647,USGS,01351500,1999-01-06,A:e,1.3875254834000001
21648,USGS,01351500,1999-01-07,A:e,1.3875254834000001
21649,USGS,01351500,1999-01-08,A:e,1.5291097164
21650,USGS,01351500,1999-01-09,A:e,2.265347728
21651,USGS,01351500,1999-01-10,A:e,1.982179262
21652,USGS,01351500,1999-01-11,A:e,1.9255455688
21653,USGS,01351500,1999-01-12,A:e,1.8689118756
21654,USGS,01351500,1999-01-13,A:e,1.8122781824
21655,USGS,01351500,1999-01-14,A:e,2.0954466484000003
21656,USGS,01351500,1999-01-15,A:e,2.83168466
21657,USGS,01351500,1999-01-16,A:e,3.6811900580000003
21658,USGS,01351500,1999-01-17,A:e,2.83168466
21659,USGS,01351500,1999-01-18,A:e,4.530695456
21660,USGS,01351500,1999-01-19,A:e,9.344559378
21661,USGS,01351500,1999-01-20,A:e,16.99010796
21662,USGS,01351500,1999-01-21,A:e,19.82179262
21663,USGS,01351500,1999-01-22,A:e,15.291097164
21664,USGS,01351500,1999-01-23,A:e,25.48516194
21665,USGS,01351500,1999-01-24,A:e,127.4258097
21666,USGS,01351500,1999-01-25,A,170.750584998
21667,USGS,01351500,1999-01-26,A,98.259457702
21668,USGS,01351500,1999-01-27,A,97.12678383800001
21669,USGS,01351500,1999-01-28,A,73.906969626
21670,USGS,01351500,1999-01-29,A,47.005965356000004
21671,USGS,01351500,1999-01-30,A,37.661405978
21672,USGS,01351500,1999-01-31,A,25.7400135594
21673,USGS,01351500,1999-02-01,A,20.3598127054
21674,USGS,01351500,1999-02-02,A,31.148531260000002
21675,USGS,01351500,1999-02-03,A,97.12678383800001
21676,USGS,01351500,1999-02-04,A,79.00400201400001
21677,USGS,01351500,1999-02-05,A,59.182209394000004
21678,USGS,01351500,1999-02-06,A,39.926753706
21679,USGS,01351500,1999-02-07,A,30.299025862
21680,USGS,01351500,1999-02-08,A,26.7877368836
21681,USGS,01351500,1999-02-09,A,26.334667338
21682,USGS,01351500,1999-02-10,A,25.201993474000002
21683,USGS,01351500,1999-02-11,A,23.5312995246
21684,USGS,01351500,1999-02-12,A,27.8354602078
21685,USGS,01351500,1999-02-13,A,55.784187802
21686,USGS,01351500,1999-02-14,A,35.679226716
21687,USGS,01351500,1999-02-15,A,26.051498872
21688,USGS,01351500,1999-02-16,A,25.0037755478
21689,USGS,01351500,1999-02-17,A,28.1469455204
21690,USGS,01351500,1999-02-18,A,27.4390243554
21691,USGS,01351500,1999-02-19,A,24.4374386158
21692,USGS,01351500,1999-02-20,A,19.7651589268
21693,USGS,01351500,1999-02-21,A,15.715849863
21694,USGS,01351500,1999-02-22,A,11.32673864
21695,USGS,01351500,1999-02-23,A:e,9.344559378
21696,USGS,01351500,1999-02-24,A:e,8.211885514
21697,USGS,01351500,1999-02-25,A:e,7.645548582
21698,USGS,01351500,1999-02-26,A:e,7.362380116000001
21699,USGS,01351500,1999-02-27,A,9.7126783838
21700,USGS,01351500,1999-02-28,A,8.070301281
21701,USGS,01351500,1999-03-01,A,19.5952578472
21702,USGS,01351500,1999-03-02,A,26.8160537302
21703,USGS,01351500,1999-03-03,A,18.2926829036
21704,USGS,01351500,1999-03-04,A,108.736690944
21705,USGS,01351500,1999-03-05,A,127.14264123400001
21706,USGS,01351500,1999-03-06,A,72.491127296
21707,USGS,01351500,1999-03-07,A:e,45.30695456
21708,USGS,01351500,1999-03-08,A:e,36.81190058
21709,USGS,01351500,1999-03-09,A:e,31.148531260000002
21710,USGS,01351500,1999-03-10,A:e,28.3168466
21711,USGS,01351500,1999-03-11,A:e,24.352488076
21712,USGS,01351500,1999-03-12,A,21.0111001772
21713,USGS,01351500,1999-03-13,A,17.1033753464
21714,USGS,01351500,1999-03-14,A,15.2627803174
21715,USGS,01351500,1999-03-15,A,15.8857509426
21716,USGS,01351500,1999-03-16,A,15.4893150902
21717,USGS,01351500,1999-03-17,A,23.9843690702
21718,USGS,01351500,1999-03-18,A,54.651513938
21719,USGS,01351500,1999-03-19,A,56.067356268000005
21720,USGS,01351500,1999-03-20,A,32.847542056
21721,USGS,01351500,1999-03-21,A,27.523974895200002
21722,USGS,01351500,1999-03-22,A,254.002114002
21723,USGS,01351500,1999-03-23,A,291.66351998
21724,USGS,01351500,1999-03-24,A,143.283243796
21725,USGS,01351500,1999-03-25,A,128.84165203
21726,USGS,01351500,1999-03-26,A,98.825794634
21727,USGS,01351500,1999-03-27,A,85.516876732
21728,USGS,01351500,1999-03-28,A,80.986181276
21729,USGS,01351500,1999-03-29,A,85.800045198
21730,USGS,01351500,1999-03-30,A,94.01193071200001
21731,USGS,01351500,1999-03-31,A,81.269349742
21732,USGS,01351500,1999-04-01,A,81.835686674
21733,USGS,01351500,1999-04-02,A,82.11885514000001
21734,USGS,01351500,1999-04-03,A,82.402023606
21735,USGS,01351500,1999-04-04,A,89.764403722
21736,USGS,01351500,1999-04-05,A,81.55251820800001
21737,USGS,01351500,1999-04-06,A,75.88914888800001
21738,USGS,01351500,1999-04-07,A,55.784187802
21739,USGS,01351500,1999-04-08,A,45.590123026
21740,USGS,01351500,1999-04-09,A,39.64358524
21741,USGS,01351500,1999-04-10,A,35.679226716
21742,USGS,01351500,1999-04-11,A,29.449520464000003
21743,USGS,01351500,1999-04-12,A,26.90100427
21744,USGS,01351500,1999-04-13,A,30.299025862
21745,USGS,01351500,1999-04-14,A,25.711696712800002
21746,USGS,01351500,1999-04-15,A,19.878426313200002
21747,USGS,01351500,1999-04-16,A,15.8008004028
21748,USGS,01351500,1999-04-17,A,16.99010796
21749,USGS,01351500,1999-04-18,A,17.3865438124
21750,USGS,01351500,1999-04-19,A,16.0556520222
21751,USGS,01351500,1999-04-20,A,16.0273351756
21752,USGS,01351500,1999-04-21,A,16.3105036416
21753,USGS,01351500,1999-04-22,A,14.016839067000001
21754,USGS,01351500,1999-04-23,A,16.4520878746
21755,USGS,01351500,1999-04-24,A,29.166351998
21756,USGS,01351500,1999-04-25,A,21.9738729616
21757,USGS,01351500,1999-04-26,A,16.905157420200002
21758,USGS,01351500,1999-04-27,A,14.6398096922
21759,USGS,01351500,1999-04-28,A,13.6204032146
21760,USGS,01351500,1999-04-29,A,14.3283243796
21761,USGS,01351500,1999-04-30,A,12.4877293506
21762,USGS,01351500,1999-05-01,A,10.6471343216
21763,USGS,01351500,1999-05-02,A,9.8259457702
21764,USGS,01351500,1999-05-03,A,8.778222446000001
21765,USGS,01351500,1999-05-04,A,8.211885514
21766,USGS,01351500,1999-05-05,A,9.287925684800001
21767,USGS,01351500,1999-05-06,A,9.4578267644
21768,USGS,01351500,1999-05-07,A,8.5233708266
21769,USGS,01351500,1999-05-08,A,8.211885514
21770,USGS,01351500,1999-05-09,A,10.392282702200001
21771,USGS,01351500,1999-05-10,A,9.3728762246
21772,USGS,01351500,1999-05-11,A,7.5889148888
21773,USGS,01351500,1999-05-12,A,6.909310570400001
21774,USGS,01351500,1999-05-13,A,6.2013894054000005
21775,USGS,01351500,1999-05-14,A,5.66336932
21776,USGS,01351500,1999-05-15,A,5.3235671608
21777,USGS,01351500,1999-05-16,A,4.7855470754
21778,USGS,01351500,1999-05-17,A,4.2192101434
21779,USGS,01351500,1999-05-18,A,3.8794079842
21780,USGS,01351500,1999-05-19,A,4.0493090638
21781,USGS,01351500,1999-05-20,A,6.5978252578
21782,USGS,01351500,1999-05-21,A,7.4756475024
21783,USGS,01351500,1999-05-22,A,5.66336932
21784,USGS,01351500,1999-05-23,A,4.7855470754
21785,USGS,01351500,1999-05-24,A,5.097032388000001
21786,USGS,01351500,1999-05-25,A,21.4924865694
21787,USGS,01351500,1999-05-26,A,18.6041682162
21788,USGS,01351500,1999-05-27,A,12.74258097
21789,USGS,01351500,1999-05-28,A,10.4489163954
21790,USGS,01351500,1999-05-29,A,8.1552518208
21791,USGS,01351500,1999-05-30,A,6.5411915646
21792,USGS,01351500,1999-05-31,A,5.6067356268
21793,USGS,01351500,1999-06-01,A,4.9837650016
21794,USGS,01351500,1999-06-02,A,4.530695456
21795,USGS,01351500,1999-06-03,A,4.9271313084
21796,USGS,01351500,1999-06-04,A,3.9077248308000003
21797,USGS,01351500,1999-06-05,A,3.3697047454
21798,USGS,01351500,1999-06-06,A,3.0865362794
21799,USGS,01351500,1999-06-07,A,2.8600015066
21800,USGS,01351500,1999-06-08,A,2.5768330406
21801,USGS,01351500,1999-06-09,A,2.4352488076
21802,USGS,01351500,1999-06-10,A,2.2087140348
21803,USGS,01351500,1999-06-11,A,2.0671298018
21804,USGS,01351500,1999-06-12,A,1.8689118756
21805,USGS,01351500,1999-06-13,A,1.699010796
21806,USGS,01351500,1999-06-14,A,1.5857434096
21807,USGS,01351500,1999-06-15,A,1.5291097164
21808,USGS,01351500,1999-06-16,A,1.699010796
21809,USGS,01351500,1999-06-17,A,1.9255455688
21810,USGS,01351500,1999-06-18,A,1.7839613358
21811,USGS,01351500,1999-06-19,A,1.6423771028
21812,USGS,01351500,1999-06-20,A,1.557426563
21813,USGS,01351500,1999-06-21,A,1.4724760232
21814,USGS,01351500,1999-06-22,A,1.3875254834000001
21815,USGS,01351500,1999-06-23,A,1.2176244038
21816,USGS,01351500,1999-06-24,A,1.132673864
21817,USGS,01351500,1999-06-25,A,1.0477233242000001
21818,USGS,01351500,1999-06-26,A,1.0194064776
21819,USGS,01351500,1999-06-27,A,0.9627727844
21820,USGS,01351500,1999-06-28,A,0.991089631
21821,USGS,01351500,1999-06-29,A,1.3308917902
21822,USGS,01351500,1999-06-30,A,1.8405950290000002
21823,USGS,01351500,1999-07-01,A,2.123763495
21824,USGS,01351500,1999-07-02,A,1.8122781824
21825,USGS,01351500,1999-07-03,A,1.4441591766
21826,USGS,01351500,1999-07-04,A,14.7530770786
21827,USGS,01351500,1999-07-05,A,41.059427570000004
21828,USGS,01351500,1999-07-06,A,20.926149637400002
21829,USGS,01351500,1999-07-07,A,12.0629766516
21830,USGS,01351500,1999-07-08,A,12.317828271
21831,USGS,01351500,1999-07-09,A,7.8437665082
21832,USGS,01351500,1999-07-10,A,5.6916861666
21833,USGS,01351500,1999-07-11,A,5.804953553
21834,USGS,01351500,1999-07-12,A,4.672279689
21835,USGS,01351500,1999-07-13,A,3.822774291
21836,USGS,01351500,1999-07-14,A,3.7095069046
21837,USGS,01351500,1999-07-15,A,3.2281205124000003
21838,USGS,01351500,1999-07-16,A,3.3697047454
21839,USGS,01351500,1999-07-17,A,2.6334667338
21840,USGS,01351500,1999-07-18,A,2.123763495
21841,USGS,01351500,1999-07-19,A,1.982179262
21842,USGS,01351500,1999-07-20,A,1.8689118756
21843,USGS,01351500,1999-07-21,A,1.7556444892
21844,USGS,01351500,1999-07-22,A,1.7273276426000002
21845,USGS,01351500,1999-07-23,A,1.5291097164
21846,USGS,01351500,1999-07-24,A,1.3592086368
21847,USGS,01351500,1999-07-25,A,1.2459412504
21848,USGS,01351500,1999-07-26,A,1.1893075572
21849,USGS,01351500,1999-07-27,A,1.132673864
21850,USGS,01351500,1999-07-28,A,1.0477233242000001
21851,USGS,01351500,1999-07-29,A,1.0477233242000001
21852,USGS,01351500,1999-07-30,A,0.9627727844
21853,USGS,01351500,1999-07-31,A,0.8211885514
21854,USGS,01351500,1999-08-01,A,0.849505398
21855,USGS,01351500,1999-08-02,A,0.7928717048
21856,USGS,01351500,1999-08-03,A,0.7362380116
21857,USGS,01351500,1999-08-04,A,0.6796043184
21858,USGS,01351500,1999-08-05,A,0.6512874718
21859,USGS,01351500,1999-08-06,A,0.5946537786
21860,USGS,01351500,1999-08-07,A,0.566336932
21861,USGS,01351500,1999-08-08,A,0.5946537786
21862,USGS,01351500,1999-08-09,A,0.6512874718
21863,USGS,01351500,1999-08-10,A,0.5946537786
21864,USGS,01351500,1999-08-11,A,0.5946537786
21865,USGS,01351500,1999-08-12,A,0.5946537786
21866,USGS,01351500,1999-08-13,A,0.6229706252
21867,USGS,01351500,1999-08-14,A,0.7645548582
21868,USGS,01351500,1999-08-15,A,0.707921165
21869,USGS,01351500,1999-08-16,A,0.7362380116
21870,USGS,01351500,1999-08-17,A,1.132673864
21871,USGS,01351500,1999-08-18,A,1.1609907106000001
21872,USGS,01351500,1999-08-19,A,0.9627727844
21873,USGS,01351500,1999-08-20,A,0.849505398
21874,USGS,01351500,1999-08-21,A,0.8211885514
21875,USGS,01351500,1999-08-22,A,0.8211885514
21876,USGS,01351500,1999-08-23,A,0.8778222446
21877,USGS,01351500,1999-08-24,A,0.9627727844
21878,USGS,01351500,1999-08-25,A,0.9344559378
21879,USGS,01351500,1999-08-26,A,0.8778222446
21880,USGS,01351500,1999-08-27,A,0.9061390912
21881,USGS,01351500,1999-08-28,A,0.8778222446
21882,USGS,01351500,1999-08-29,A,0.9061390912
21883,USGS,01351500,1999-08-30,A,0.9344559378
21884,USGS,01351500,1999-08-31,A,0.9061390912
21885,USGS,01351500,1999-09-01,A,0.8211885514
21886,USGS,01351500,1999-09-02,A,0.707921165
21887,USGS,01351500,1999-09-03,A,0.6796043184
21888,USGS,01351500,1999-09-04,A,0.6229706252
21889,USGS,01351500,1999-09-05,A,0.5946537786
21890,USGS,01351500,1999-09-06,A,0.5946537786
21891,USGS,01351500,1999-09-07,A,0.566336932
21892,USGS,01351500,1999-09-08,A,0.707921165
21893,USGS,01351500,1999-09-09,A,1.4441591766
21894,USGS,01351500,1999-09-10,A,1.5857434096
21895,USGS,01351500,1999-09-11,A,1.132673864
21896,USGS,01351500,1999-09-12,A,0.9061390912
21897,USGS,01351500,1999-09-13,A,0.8211885514
21898,USGS,01351500,1999-09-14,A,0.7362380116
21899,USGS,01351500,1999-09-15,A,0.7362380116
21900,USGS,01351500,1999-09-16,A,7.645548582
21901,USGS,01351500,1999-09-17,A,580.4953553
21902,USGS,01351500,1999-09-18,A,267.311031904
21903,USGS,01351500,1999-09-19,A,108.736690944
21904,USGS,01351500,1999-09-20,A,63.71290485
21905,USGS,01351500,1999-09-21,A,58.615872462
21906,USGS,01351500,1999-09-22,A,58.899040928000005
21907,USGS,01351500,1999-09-23,A,81.55251820800001
21908,USGS,01351500,1999-09-24,A,53.518840074
21909,USGS,01351500,1999-09-25,A,37.944574444000004
21910,USGS,01351500,1999-09-26,A,31.998036658
21911,USGS,01351500,1999-09-27,A,27.2408064292
21912,USGS,01351500,1999-09-28,A,24.635656542
21913,USGS,01351500,1999-09-29,A,20.1899116258
21914,USGS,01351500,1999-09-30,A,22.738427819800002
21915,USGS,01351500,1999-10-01,A,38.22774291
21916,USGS,01351500,1999-10-02,A,33.697047454
21917,USGS,01351500,1999-10-03,A,15.3477308572
21918,USGS,01351500,1999-10-04,A,10.2506984692
21919,USGS,01351500,1999-10-05,A,21.9738729616
21920,USGS,01351500,1999-10-06,A,33.98021592
21921,USGS,01351500,1999-10-07,A,29.449520464000003
21922,USGS,01351500,1999-10-08,A,24.5223891556
21923,USGS,01351500,1999-10-09,A,21.7190213422
21924,USGS,01351500,1999-10-10,A,21.4075360296
21925,USGS,01351500,1999-10-11,A,22.8800120528
21926,USGS,01351500,1999-10-12,A,25.6550630196
21927,USGS,01351500,1999-10-13,A,21.0111001772
21928,USGS,01351500,1999-10-14,A,18.0944649774
21929,USGS,01351500,1999-10-15,A,23.927735377
21930,USGS,01351500,1999-10-16,A,21.6057539558
21931,USGS,01351500,1999-10-17,A,19.538624154
21932,USGS,01351500,1999-10-18,A,18.8590198356
21933,USGS,01351500,1999-10-19,A,20.0483273928
21934,USGS,01351500,1999-10-20,A,15.0362455446
21935,USGS,01351500,1999-10-21,A,17.3299101192
21936,USGS,01351500,1999-10-22,A,15.5176319368
21937,USGS,01351500,1999-10-23,A,20.9827833306
21938,USGS,01351500,1999-10-24,A,26.108132565200002
21939,USGS,01351500,1999-10-25,A,26.476251571000002
21940,USGS,01351500,1999-10-26,A,25.824964099200002
21941,USGS,01351500,1999-10-27,A,22.4835762004
21942,USGS,01351500,1999-10-28,A,20.246545319
21943,USGS,01351500,1999-10-29,A,18.462583983200002
21944,USGS,01351500,1999-10-30,A,19.227138841400002
21945,USGS,01351500,1999-10-31,A,12.912482049600001
21946,USGS,01351500,1999-11-01,A,11.949709265200001
21947,USGS,01351500,1999-11-02,A,14.2433738398
21948,USGS,01351500,1999-11-03,A,109.01985941000001
21949,USGS,01351500,1999-11-04,A,90.047572188
21950,USGS,01351500,1999-11-05,A,48.13863922
21951,USGS,01351500,1999-11-06,A,37.378237512
21952,USGS,01351500,1999-11-07,A,32.281205124
21953,USGS,01351500,1999-11-08,A,26.8160537302
21954,USGS,01351500,1999-11-09,A,28.600015066
21955,USGS,01351500,1999-11-10,A,20.133277932600002
21956,USGS,01351500,1999-11-11,A,24.805557621600002
21957,USGS,01351500,1999-11-12,A,24.3241712294
21958,USGS,01351500,1999-11-13,A,20.954466484
21959,USGS,01351500,1999-11-14,A,15.829117249400001
21960,USGS,01351500,1999-11-15,A,14.9796118514
21961,USGS,01351500,1999-11-16,A,18.320999750200002
21962,USGS,01351500,1999-11-17,A,10.2223816226
21963,USGS,01351500,1999-11-18,A,9.3728762246
21964,USGS,01351500,1999-11-19,A,8.5233708266
21965,USGS,01351500,1999-11-20,A,9.1180246052
21966,USGS,01351500,1999-11-21,A,9.5710941508
21967,USGS,01351500,1999-11-22,A,7.645548582
21968,USGS,01351500,1999-11-23,A,5.5217850870000005
21969,USGS,01351500,1999-11-24,A,7.1641621898
21970,USGS,01351500,1999-11-25,A,7.7871328150000005
21971,USGS,01351500,1999-11-26,A,8.5516876732
21972,USGS,01351500,1999-11-27,A,73.62380116
21973,USGS,01351500,1999-11-28,A,100.52480543
21974,USGS,01351500,1999-11-29,A,54.651513938
21975,USGS,01351500,1999-11-30,A,50.120818482000004
21976,USGS,01351500,1999-12-01,A,41.342596036
21977,USGS,01351500,1999-12-02,A,35.962395182
21978,USGS,01351500,1999-12-03,A,29.449520464000003
21979,USGS,01351500,1999-12-04,A,26.5612021108
21980,USGS,01351500,1999-12-05,A,32.281205124
21981,USGS,01351500,1999-12-06,A,25.315260860400002
21982,USGS,01351500,1999-12-07,A,28.3168466
21983,USGS,01351500,1999-12-08,A,23.4180321382
21984,USGS,01351500,1999-12-09,A,19.255455688
21985,USGS,01351500,1999-12-10,A,15.772483556200001
21986,USGS,01351500,1999-12-11,A,16.3388204882
21987,USGS,01351500,1999-12-12,A,15.149512931
21988,USGS,01351500,1999-12-13,A,13.5354526748
21989,USGS,01351500,1999-12-14,A,12.5443630438
21990,USGS,01351500,1999-12-15,A,16.6786226474
21991,USGS,01351500,1999-12-16,A,25.48516194
21992,USGS,01351500,1999-12-17,A,25.5134787866
21993,USGS,01351500,1999-12-18,A,20.529713785000002
21994,USGS,01351500,1999-12-19,A,14.7530770786
21995,USGS,01351500,1999-12-20,A,12.2611945778
21996,USGS,01351500,1999-12-21,A,21.1243675636
21997,USGS,01351500,1999-12-22,A,23.4746658314
21998,USGS,01351500,1999-12-23,A,16.565355261
21999,USGS,01351500,1999-12-24,A:e,14.1584233
22000,USGS,01351500,1999-12-25,A:e,12.74258097
22001,USGS,01351500,1999-12-26,A:e,11.32673864
22002,USGS,01351500,1999-12-27,A:e,11.32673864
22003,USGS,01351500,1999-12-28,A:e,11.893075572
22004,USGS,01351500,1999-12-29,A,12.7992146632
22005,USGS,01351500,1999-12-30,A,15.291097164
22006,USGS,01351500,1999-12-31,A,13.308917902000001
22007,USGS,01351500,2000-01-01,A,11.6948576458
22008,USGS,01351500,2000-01-02,A,10.9586196342
22009,USGS,01351500,2000-01-03,A,10.6471343216
22010,USGS,01351500,2000-01-04,A,45.023786094
22011,USGS,01351500,2000-01-05,A,79.853507412
22012,USGS,01351500,2000-01-06,A,33.130710522
22013,USGS,01351500,2000-01-07,A,28.1186286738
22014,USGS,01351500,2000-01-08,A,23.6728837576
22015,USGS,01351500,2000-01-09,A,19.0289209152
22016,USGS,01351500,2000-01-10,A,20.5863474782
22017,USGS,01351500,2000-01-11,A,74.473306558
22018,USGS,01351500,2000-01-12,A,51.536660812
22019,USGS,01351500,2000-01-13,A,33.98021592
22020,USGS,01351500,2000-01-14,A,22.5685267402
22021,USGS,01351500,2000-01-15,A,25.1170429342
22022,USGS,01351500,2000-01-16,A,29.732688930000002
22023,USGS,01351500,2000-01-17,A:e,18.122781824
22024,USGS,01351500,2000-01-18,A:e,19.255455688
22025,USGS,01351500,2000-01-19,A:e,20.388129552000002
22026,USGS,01351500,2000-01-20,A:e,18.122781824
22027,USGS,01351500,2000-01-21,A:e,19.255455688
22028,USGS,01351500,2000-01-22,A:e,19.82179262
22029,USGS,01351500,2000-01-23,A:e,15.291097164
22030,USGS,01351500,2000-01-24,A:e,14.724760232000001
22031,USGS,01351500,2000-01-25,A:e,15.291097164
22032,USGS,01351500,2000-01-26,A:e,15.291097164
22033,USGS,01351500,2000-01-27,A:e,15.857434096
22034,USGS,01351500,2000-01-28,A:e,14.724760232000001
22035,USGS,01351500,2000-01-29,A:e,15.291097164
22036,USGS,01351500,2000-01-30,A:e,14.724760232000001
22037,USGS,01351500,2000-01-31,A:e,11.32673864
22038,USGS,01351500,2000-02-01,A:e,31.148531260000002
22039,USGS,01351500,2000-02-02,A:e,18.689118756
22040,USGS,01351500,2000-02-03,A:e,20.388129552000002
22041,USGS,01351500,2000-02-04,A:e,19.255455688
22042,USGS,01351500,2000-02-05,A:e,13.875254834
22043,USGS,01351500,2000-02-06,A:e,12.74258097
22044,USGS,01351500,2000-02-07,A:e,12.176244038
22045,USGS,01351500,2000-02-08,A:e,10.194064776000001
22046,USGS,01351500,2000-02-09,A:e,11.043570174000001
22047,USGS,01351500,2000-02-10,A:e,12.74258097
22048,USGS,01351500,2000-02-11,A:e,16.99010796
22049,USGS,01351500,2000-02-12,A:e,13.025749436
22050,USGS,01351500,2000-02-13,A:e,11.609907106
22051,USGS,01351500,2000-02-14,A:e,18.122781824
22052,USGS,01351500,2000-02-15,A:e,70.7921165
22053,USGS,01351500,2000-02-16,A:e,48.13863922
22054,USGS,01351500,2000-02-17,A:e,31.148531260000002
22055,USGS,01351500,2000-02-18,A:e,27.750509668
22056,USGS,01351500,2000-02-19,A:e,24.918825008
22057,USGS,01351500,2000-02-20,A:e,19.82179262
22058,USGS,01351500,2000-02-21,A:e,15.857434096
22059,USGS,01351500,2000-02-22,A:e,27.184172736
22060,USGS,01351500,2000-02-23,A:e,24.352488076
22061,USGS,01351500,2000-02-24,A:e,42.4752699
22062,USGS,01351500,2000-02-25,A:e,93.44559378
22063,USGS,01351500,2000-02-26,A:e,130.25749436
22064,USGS,01351500,2000-02-27,A,220.87140348
22065,USGS,01351500,2000-02-28,A,577.66367064
22066,USGS,01351500,2000-02-29,A,362.45563648
22067,USGS,01351500,2000-03-01,A,193.404062278
22068,USGS,01351500,2000-03-02,A,153.760477038
22069,USGS,01351500,2000-03-03,A,122.04560884600001
22070,USGS,01351500,2000-03-04,A,91.46341451800001
22071,USGS,01351500,2000-03-05,A,76.738654286
22072,USGS,01351500,2000-03-06,A,65.411915646
22073,USGS,01351500,2000-03-07,A,61.730725588
22074,USGS,01351500,2000-03-08,A,89.764403722
22075,USGS,01351500,2000-03-09,A,102.506984692
22076,USGS,01351500,2000-03-10,A,151.49512931
22077,USGS,01351500,2000-03-11,A,121.196103448
22078,USGS,01351500,2000-03-12,A,288.83183532
22079,USGS,01351500,2000-03-13,A,205.58030631600002
22080,USGS,01351500,2000-03-14,A,135.354526748
22081,USGS,01351500,2000-03-15,A,109.869364808
22082,USGS,01351500,2000-03-16,A,93.44559378
22083,USGS,01351500,2000-03-17,A,167.352563406
22084,USGS,01351500,2000-03-18,A,129.691157428
22085,USGS,01351500,2000-03-19,A,102.223816226
22086,USGS,01351500,2000-03-20,A,94.01193071200001
22087,USGS,01351500,2000-03-21,A,85.23370826600001
22088,USGS,01351500,2000-03-22,A,73.340632694
22089,USGS,01351500,2000-03-23,A,62.863399452
22090,USGS,01351500,2000-03-24,A,56.6336932
22091,USGS,01351500,2000-03-25,A,50.97032388
22092,USGS,01351500,2000-03-26,A,61.164388656
22093,USGS,01351500,2000-03-27,A,53.80200854
22094,USGS,01351500,2000-03-28,A,197.368420802
22095,USGS,01351500,2000-03-29,A,227.667446664
22096,USGS,01351500,2000-03-30,A,131.67333669
22097,USGS,01351500,2000-03-31,A,99.958468498
22098,USGS,01351500,2000-04-01,A,80.419844344
22099,USGS,01351500,2000-04-02,A,65.695084112
22100,USGS,01351500,2000-04-03,A,73.62380116
22101,USGS,01351500,2000-04-04,A,223.70308814
22102,USGS,01351500,2000-04-05,A,214.358528762
22103,USGS,01351500,2000-04-06,A,130.54066282600002
22104,USGS,01351500,2000-04-07,A,99.1089631
22105,USGS,01351500,2000-04-08,A,82.968360538
22106,USGS,01351500,2000-04-09,A,128.275315098
22107,USGS,01351500,2000-04-10,A,122.611945778
22108,USGS,01351500,2000-04-11,A,103.922827022
22109,USGS,01351500,2000-04-12,A,107.320848614
22110,USGS,01351500,2000-04-13,A,101.657479294
22111,USGS,01351500,2000-04-14,A,102.79015315800001
22112,USGS,01351500,2000-04-15,A,103.073321624
22113,USGS,01351500,2000-04-16,A,86.932719062
22114,USGS,01351500,2000-04-17,A,75.03964349
22115,USGS,01351500,2000-04-18,A,99.958468498
22116,USGS,01351500,2000-04-19,A,102.506984692
22117,USGS,01351500,2000-04-20,A,80.419844344
22118,USGS,01351500,2000-04-21,A,85.800045198
22119,USGS,01351500,2000-04-22,A,183.493165968
22120,USGS,01351500,2000-04-23,A,206.71298018000002
22121,USGS,01351500,2000-04-24,A,162.82186795
22122,USGS,01351500,2000-04-25,A,113.833723332
22123,USGS,01351500,2000-04-26,A,88.065392926
22124,USGS,01351500,2000-04-27,A,84.66737133400001
22125,USGS,01351500,2000-04-28,A,83.251529004
22126,USGS,01351500,2000-04-29,A,65.695084112
22127,USGS,01351500,2000-04-30,A,50.687155414
22128,USGS,01351500,2000-05-01,A,43.041606832
22129,USGS,01351500,2000-05-02,A,40.493090638
22130,USGS,01351500,2000-05-03,A,35.39605825
22131,USGS,01351500,2000-05-04,A,25.060409241000002
22132,USGS,01351500,2000-05-05,A,21.7756550354
22133,USGS,01351500,2000-05-06,A,18.972287222000002
22134,USGS,01351500,2000-05-07,A,17.414860659000002
22135,USGS,01351500,2000-05-08,A,15.5459487834
22136,USGS,01351500,2000-05-09,A,14.3566412262
22137,USGS,01351500,2000-05-10,A,16.7352563406
22138,USGS,01351500,2000-05-11,A,35.112889784000004
22139,USGS,01351500,2000-05-12,A,26.617835804000002
22140,USGS,01351500,2000-05-13,A,84.384202868
22141,USGS,01351500,2000-05-14,A,162.82186795
22142,USGS,01351500,2000-05-15,A,101.94064776
22143,USGS,01351500,2000-05-16,A,62.013894054000005
22144,USGS,01351500,2000-05-17,A,46.156459958
22145,USGS,01351500,2000-05-18,A,39.077248308
22146,USGS,01351500,2000-05-19,A,70.22577956800001
22147,USGS,01351500,2000-05-20,A,85.516876732
22148,USGS,01351500,2000-05-21,A,62.863399452
22149,USGS,01351500,2000-05-22,A,50.403986948000004
22150,USGS,01351500,2000-05-23,A,46.439628424
22151,USGS,01351500,2000-05-24,A,65.411915646
22152,USGS,01351500,2000-05-25,A,96.843615372
22153,USGS,01351500,2000-05-26,A,88.914898324
22154,USGS,01351500,2000-05-27,A,65.411915646
22155,USGS,01351500,2000-05-28,A,53.80200854
22156,USGS,01351500,2000-05-29,A,47.005965356000004
22157,USGS,01351500,2000-05-30,A,41.908932968
22158,USGS,01351500,2000-05-31,A,38.510911376
22159,USGS,01351500,2000-06-01,A,33.130710522
22160,USGS,01351500,2000-06-02,A,26.476251571000002
22161,USGS,01351500,2000-06-03,A,32.847542056
22162,USGS,01351500,2000-06-04,A,19.1705051482
22163,USGS,01351500,2000-06-05,A,14.7813939252
22164,USGS,01351500,2000-06-06,A,127.992146632
22165,USGS,01351500,2000-06-07,A,858.00045198
22166,USGS,01351500,2000-06-08,A,325.6437359
22167,USGS,01351500,2000-06-09,A,155.176319368
22168,USGS,01351500,2000-06-10,A,96.27727844
22169,USGS,01351500,2000-06-11,A,67.394094908
22170,USGS,01351500,2000-06-12,A,96.560446906
22171,USGS,01351500,2000-06-13,A,109.869364808
22172,USGS,01351500,2000-06-14,A,146.114928456
22173,USGS,01351500,2000-06-15,A,92.02975145
22174,USGS,01351500,2000-06-16,A,67.677263374
22175,USGS,01351500,2000-06-17,A,54.934682404
22176,USGS,01351500,2000-06-18,A,47.005965356000004
22177,USGS,01351500,2000-06-19,A,55.21785087
22178,USGS,01351500,2000-06-20,A,45.590123026
22179,USGS,01351500,2000-06-21,A,37.661405978
22180,USGS,01351500,2000-06-22,A,46.72279689
22181,USGS,01351500,2000-06-23,A,44.457449162
22182,USGS,01351500,2000-06-24,A,30.582194328
22183,USGS,01351500,2000-06-25,A,25.8532809458
22184,USGS,01351500,2000-06-26,A,31.998036658
22185,USGS,01351500,2000-06-27,A,41.908932968
22186,USGS,01351500,2000-06-28,A,30.865362794
22187,USGS,01351500,2000-06-29,A,22.851695206200002
22188,USGS,01351500,2000-06-30,A,28.600015066
22189,USGS,01351500,2000-07-01,A,25.5417956332
22190,USGS,01351500,2000-07-02,A,18.3493165968
22191,USGS,01351500,2000-07-03,A,13.9885222204
22192,USGS,01351500,2000-07-04,A,17.4431775056
22193,USGS,01351500,2000-07-05,A,14.6964433854
22194,USGS,01351500,2000-07-06,A,13.4221852884
22195,USGS,01351500,2000-07-07,A,10.8170354012
22196,USGS,01351500,2000-07-08,A,8.5516876732
22197,USGS,01351500,2000-07-09,A,6.6261421044
22198,USGS,01351500,2000-07-10,A,5.8615872462
22199,USGS,01351500,2000-07-11,A,5.2669334676
22200,USGS,01351500,2000-07-12,A,4.4740617628
22201,USGS,01351500,2000-07-13,A,3.9926753706
22202,USGS,01351500,2000-07-14,A,3.6811900580000003
22203,USGS,01351500,2000-07-15,A,4.8421807686000005
22204,USGS,01351500,2000-07-16,A,55.501019336
22205,USGS,01351500,2000-07-17,A,93.728762246
22206,USGS,01351500,2000-07-18,A,44.174280696000004
22207,USGS,01351500,2000-07-19,A,31.714868192
22208,USGS,01351500,2000-07-20,A,21.6340708024
22209,USGS,01351500,2000-07-21,A,16.6219889542
22210,USGS,01351500,2000-07-22,A,14.3283243796
22211,USGS,01351500,2000-07-23,A,10.477233242
22212,USGS,01351500,2000-07-24,A,8.0419844344
22213,USGS,01351500,2000-07-25,A,7.1075284966000005
22214,USGS,01351500,2000-07-26,A,6.4279241782000005
22215,USGS,01351500,2000-07-27,A,5.6916861666
22216,USGS,01351500,2000-07-28,A,5.6350524734
22217,USGS,01351500,2000-07-29,A,5.6067356268
22218,USGS,01351500,2000-07-30,A,11.609907106
22219,USGS,01351500,2000-07-31,A,18.7457524492
22220,USGS,01351500,2000-08-01,A,21.8606055752
22221,USGS,01351500,2000-08-02,A,15.319414010600001
22222,USGS,01351500,2000-08-03,A,12.4310956574
22223,USGS,01351500,2000-08-04,A,12.8275315098
22224,USGS,01351500,2000-08-05,A,11.5532734128
22225,USGS,01351500,2000-08-06,A,8.0136675878
22226,USGS,01351500,2000-08-07,A,7.07921165
22227,USGS,01351500,2000-08-08,A,8.0419844344
22228,USGS,01351500,2000-08-09,A,7.0225779568
22229,USGS,01351500,2000-08-10,A,14.016839067000001
22230,USGS,01351500,2000-08-11,A,19.113871455
22231,USGS,01351500,2000-08-12,A,99.1089631
22232,USGS,01351500,2000-08-13,A,101.94064776
22233,USGS,01351500,2000-08-14,A,50.120818482000004
22234,USGS,01351500,2000-08-15,A,50.97032388
22235,USGS,01351500,2000-08-16,A,95.144604576
22236,USGS,01351500,2000-08-17,A,62.580230986000004
22237,USGS,01351500,2000-08-18,A,38.510911376
22238,USGS,01351500,2000-08-19,A,30.582194328
22239,USGS,01351500,2000-08-20,A,22.9083288994
22240,USGS,01351500,2000-08-21,A,17.273276426
22241,USGS,01351500,2000-08-22,A,16.140602562
22242,USGS,01351500,2000-08-23,A,14.7530770786
22243,USGS,01351500,2000-08-24,A,27.892093901
22244,USGS,01351500,2000-08-25,A,19.397039921
22245,USGS,01351500,2000-08-26,A,14.3566412262
22246,USGS,01351500,2000-08-27,A,11.5815902594
22247,USGS,01351500,2000-08-28,A,10.3639658556
22248,USGS,01351500,2000-08-29,A,9.0897077586
22249,USGS,01351500,2000-08-30,A,8.0986181276
22250,USGS,01351500,2000-08-31,A,7.4756475024
22251,USGS,01351500,2000-09-01,A,6.9942611102
22252,USGS,01351500,2000-09-02,A,8.9764403722
22253,USGS,01351500,2000-09-03,A,12.6859472768
22254,USGS,01351500,2000-09-04,A,10.901985941
22255,USGS,01351500,2000-09-05,A,15.829117249400001
22256,USGS,01351500,2000-09-06,A,11.0152533274
22257,USGS,01351500,2000-09-07,A,8.070301281
22258,USGS,01351500,2000-09-08,A,6.9942611102
22259,USGS,01351500,2000-09-09,A,7.220795883
22260,USGS,01351500,2000-09-10,A,12.855848356400001
22261,USGS,01351500,2000-09-11,A,10.0807973896
22262,USGS,01351500,2000-09-12,A,7.815449661600001
22263,USGS,01351500,2000-09-13,A,31.431699726
22264,USGS,01351500,2000-09-14,A,28.3168466
22265,USGS,01351500,2000-09-15,A,33.130710522
22266,USGS,01351500,2000-09-16,A,29.732688930000002
22267,USGS,01351500,2000-09-17,A,19.538624154
22268,USGS,01351500,2000-09-18,A,15.149512931
22269,USGS,01351500,2000-09-19,A,12.5443630438
22270,USGS,01351500,2000-09-20,A,11.8647587254
22271,USGS,01351500,2000-09-21,A,10.5055500886
22272,USGS,01351500,2000-09-22,A,9.202975145
22273,USGS,01351500,2000-09-23,A,8.5233708266
22274,USGS,01351500,2000-09-24,A,14.413274919400001
22275,USGS,01351500,2000-09-25,A,11.2417881002
22276,USGS,01351500,2000-09-26,A,9.344559378
22277,USGS,01351500,2000-09-27,A,8.070301281
22278,USGS,01351500,2000-09-28,A,7.4190138092
22279,USGS,01351500,2000-09-29,A,6.5978252578
22280,USGS,01351500,2000-09-30,A,5.9182209394
22281,USGS,01351500,2000-10-01,A,5.550101933600001
22282,USGS,01351500,2000-10-02,A,5.2952503142000005
22283,USGS,01351500,2000-10-03,A,5.6916861666
22284,USGS,01351500,2000-10-04,A,5.804953553
22285,USGS,01351500,2000-10-05,A,6.1447557122
22286,USGS,01351500,2000-10-06,A,18.717435602600002
22287,USGS,01351500,2000-10-07,A,21.3509023364
22288,USGS,01351500,2000-10-08,A,14.1301064534
22289,USGS,01351500,2000-10-09,A,11.4116891798
22290,USGS,01351500,2000-10-10,A,9.5144604576
22291,USGS,01351500,2000-10-11,A,8.7215887528
22292,USGS,01351500,2000-10-12,A,7.928717048
22293,USGS,01351500,2000-10-13,A,7.1075284966000005
22294,USGS,01351500,2000-10-14,A,6.0598051724
22295,USGS,01351500,2000-10-15,A,5.550101933600001
22296,USGS,01351500,2000-10-16,A,5.2669334676
22297,USGS,01351500,2000-10-17,A,6.088122019
22298,USGS,01351500,2000-10-18,A,15.630899323200001
22299,USGS,01351500,2000-10-19,A,34.829721318000004
22300,USGS,01351500,2000-10-20,A,20.926149637400002
22301,USGS,01351500,2000-10-21,A,14.9796118514
22302,USGS,01351500,2000-10-22,A,12.9691157428
22303,USGS,01351500,2000-10-23,A,11.8647587254
22304,USGS,01351500,2000-10-24,A,10.9586196342
22305,USGS,01351500,2000-10-25,A,11.6382239526
22306,USGS,01351500,2000-10-26,A,10.1657479294
22307,USGS,01351500,2000-10-27,A,9.202975145
22308,USGS,01351500,2000-10-28,A,8.7215887528
22309,USGS,01351500,2000-10-29,A,7.928717048
22310,USGS,01351500,2000-10-30,A,7.2774295762
22311,USGS,01351500,2000-10-31,A,6.937627417
22312,USGS,01351500,2000-11-01,A,6.8526768772
22313,USGS,01351500,2000-11-02,A,6.512874718
22314,USGS,01351500,2000-11-03,A,6.229706252
22315,USGS,01351500,2000-11-04,A,5.9182209394
22316,USGS,01351500,2000-11-05,A,5.7766367064
22317,USGS,01351500,2000-11-06,A,5.550101933600001
22318,USGS,01351500,2000-11-07,A,5.4085177006
22319,USGS,01351500,2000-11-08,A,5.238616621
22320,USGS,01351500,2000-11-09,A,5.0120818482
22321,USGS,01351500,2000-11-10,A,6.1164388656
22322,USGS,01351500,2000-11-11,A,10.1657479294
22323,USGS,01351500,2000-11-12,A,12.204560884600001
22324,USGS,01351500,2000-11-13,A,11.8647587254
22325,USGS,01351500,2000-11-14,A,11.0152533274
22326,USGS,01351500,2000-11-15,A,13.960205373800001
22327,USGS,01351500,2000-11-16,A,14.2433738398
22328,USGS,01351500,2000-11-17,A,11.893075572
22329,USGS,01351500,2000-11-18,A,10.477233242
22330,USGS,01351500,2000-11-19,A,9.5144604576
22331,USGS,01351500,2000-11-20,A,8.8348561392
22332,USGS,01351500,2000-11-21,A,8.5516876732
22333,USGS,01351500,2000-11-22,A,8.211885514
22334,USGS,01351500,2000-11-23,A,7.3906969626
22335,USGS,01351500,2000-11-24,A:e,7.07921165
22336,USGS,01351500,2000-11-25,A,6.512874718
22337,USGS,01351500,2000-11-26,A,7.3340632694000005
22338,USGS,01351500,2000-11-27,A,16.3671373348
22339,USGS,01351500,2000-11-28,A,18.5192176764
22340,USGS,01351500,2000-11-29,A,17.1033753464
22341,USGS,01351500,2000-11-30,A,15.9423846358
22342,USGS,01351500,2000-12-01,A,15.121196084400001
22343,USGS,01351500,2000-12-02,A,12.8275315098
22344,USGS,01351500,2000-12-03,A:e,9.344559378
22345,USGS,01351500,2000-12-04,A:e,8.49505398
22346,USGS,01351500,2000-12-05,A:e,9.061390912
22347,USGS,01351500,2000-12-06,A:e,9.061390912
22348,USGS,01351500,2000-12-07,A:e,12.176244038
22349,USGS,01351500,2000-12-08,A:e,11.32673864
22350,USGS,01351500,2000-12-09,A:e,10.194064776000001
22351,USGS,01351500,2000-12-10,A:e,9.627727844
22352,USGS,01351500,2000-12-11,A:e,10.194064776000001
22353,USGS,01351500,2000-12-12,A:e,11.32673864
22354,USGS,01351500,2000-12-13,A:e,14.1584233
22355,USGS,01351500,2000-12-14,A:e,13.025749436
22356,USGS,01351500,2000-12-15,A:e,13.592086368
22357,USGS,01351500,2000-12-16,A:e,14.1584233
22358,USGS,01351500,2000-12-17,A:e,243.52488076
22359,USGS,01351500,2000-12-18,A,228.516952062
22360,USGS,01351500,2000-12-19,A,83.251529004
22361,USGS,01351500,2000-12-20,A,56.6336932
22362,USGS,01351500,2000-12-21,A,44.174280696000004
22363,USGS,01351500,2000-12-22,A,36.81190058
22364,USGS,01351500,2000-12-23,A,27.920410747600002
22365,USGS,01351500,2000-12-24,A,27.127539042800002
22366,USGS,01351500,2000-12-25,A,26.4479347244
22367,USGS,01351500,2000-12-26,A,36.245563648
22368,USGS,01351500,2000-12-27,A,35.39605825
22369,USGS,01351500,2000-12-28,A:e,33.98021592
22370,USGS,01351500,2000-12-29,A:e,28.3168466
22371,USGS,01351500,2000-12-30,A:e,25.48516194
22372,USGS,01351500,2000-12-31,A:e,28.3168466
22373,USGS,01351500,2001-01-01,A:e,24.918825008
22374,USGS,01351500,2001-01-02,A:e,25.48516194
22375,USGS,01351500,2001-01-03,A:e,20.388129552000002
22376,USGS,01351500,2001-01-04,A:e,18.689118756
22377,USGS,01351500,2001-01-05,A:e,17.556444892000002
22378,USGS,01351500,2001-01-06,A:e,16.423771028
22379,USGS,01351500,2001-01-07,A:e,15.857434096
22380,USGS,01351500,2001-01-08,A:e,14.724760232000001
22381,USGS,01351500,2001-01-09,A:e,13.592086368
22382,USGS,01351500,2001-01-10,A:e,13.025749436
22383,USGS,01351500,2001-01-11,A:e,12.74258097
22384,USGS,01351500,2001-01-12,A:e,12.459412504
22385,USGS,01351500,2001-01-13,A:e,12.176244038
22386,USGS,01351500,2001-01-14,A:e,11.893075572
22387,USGS,01351500,2001-01-15,A:e,11.609907106
22388,USGS,01351500,2001-01-16,A:e,11.32673864
22389,USGS,01351500,2001-01-17,A:e,11.32673864
22390,USGS,01351500,2001-01-18,A:e,11.893075572
22391,USGS,01351500,2001-01-19,A:e,11.609907106
22392,USGS,01351500,2001-01-20,A:e,11.043570174000001
22393,USGS,01351500,2001-01-21,A:e,11.32673864
22394,USGS,01351500,2001-01-22,A:e,11.32673864
22395,USGS,01351500,2001-01-23,A:e,11.043570174000001
22396,USGS,01351500,2001-01-24,A:e,10.760401708
22397,USGS,01351500,2001-01-25,A:e,10.477233242
22398,USGS,01351500,2001-01-26,A:e,10.194064776000001
22399,USGS,01351500,2001-01-27,A:e,10.194064776000001
22400,USGS,01351500,2001-01-28,A:e,10.194064776000001
22401,USGS,01351500,2001-01-29,A:e,10.194064776000001
22402,USGS,01351500,2001-01-30,A:e,11.893075572
22403,USGS,01351500,2001-01-31,A:e,25.48516194
22404,USGS,01351500,2001-02-01,A:e,65.12874718
22405,USGS,01351500,2001-02-02,A,58.615872462
22406,USGS,01351500,2001-02-03,A,45.023786094
22407,USGS,01351500,2001-02-04,A:e,28.3168466
22408,USGS,01351500,2001-02-05,A:e,27.184172736
22409,USGS,01351500,2001-02-06,A:e,26.617835804000002
22410,USGS,01351500,2001-02-07,A:e,26.617835804000002
22411,USGS,01351500,2001-02-08,A:e,28.3168466
22412,USGS,01351500,2001-02-09,A:e,28.3168466
22413,USGS,01351500,2001-02-10,A,216.62387649000001
22414,USGS,01351500,2001-02-11,A,177.263459716
22415,USGS,01351500,2001-02-12,A:e,90.61390912
22416,USGS,01351500,2001-02-13,A:e,79.28717048
22417,USGS,01351500,2001-02-14,A,73.906969626
22418,USGS,01351500,2001-02-15,A,95.144604576
22419,USGS,01351500,2001-02-16,A,71.924790364
22420,USGS,01351500,2001-02-17,A,52.952503142000005
22421,USGS,01351500,2001-02-18,A:e,39.64358524
22422,USGS,01351500,2001-02-19,A:e,33.98021592
22423,USGS,01351500,2001-02-20,A,35.962395182
22424,USGS,01351500,2001-02-21,A,46.72279689
22425,USGS,01351500,2001-02-22,A:e,33.98021592
22426,USGS,01351500,2001-02-23,A:e,27.750509668
22427,USGS,01351500,2001-02-24,A:e,27.184172736
22428,USGS,01351500,2001-02-25,A:e,27.184172736
22429,USGS,01351500,2001-02-26,A,45.590123026
22430,USGS,01351500,2001-02-27,A,37.661405978
22431,USGS,01351500,2001-02-28,A:e,31.148531260000002
22432,USGS,01351500,2001-03-01,A:e,22.65347728
22433,USGS,01351500,2001-03-02,A:e,19.82179262
22434,USGS,01351500,2001-03-03,A:e,18.122781824
22435,USGS,01351500,2001-03-04,A:e,16.99010796
22436,USGS,01351500,2001-03-05,A:e,19.255455688
22437,USGS,01351500,2001-03-06,A:e,27.750509668
22438,USGS,01351500,2001-03-07,A:e,22.65347728
22439,USGS,01351500,2001-03-08,A:e,18.122781824
22440,USGS,01351500,2001-03-09,A:e,16.423771028
22441,USGS,01351500,2001-03-10,A:e,16.423771028
22442,USGS,01351500,2001-03-11,A:e,15.291097164
22443,USGS,01351500,2001-03-12,A:e,14.724760232000001
22444,USGS,01351500,2001-03-13,A:e,15.857434096
22445,USGS,01351500,2001-03-14,A,28.600015066
22446,USGS,01351500,2001-03-15,A,30.865362794
22447,USGS,01351500,2001-03-16,A,32.56437359
22448,USGS,01351500,2001-03-17,A,33.130710522
22449,USGS,01351500,2001-03-18,A,30.299025862
22450,USGS,01351500,2001-03-19,A,26.9859548098
22451,USGS,01351500,2001-03-20,A,30.582194328
22452,USGS,01351500,2001-03-21,A,40.209922172
22453,USGS,01351500,2001-03-22,A,64.562410248
22454,USGS,01351500,2001-03-23,A,76.172317354
22455,USGS,01351500,2001-03-24,A,63.429736384
22456,USGS,01351500,2001-03-25,A,54.651513938
22457,USGS,01351500,2001-03-26,A,44.174280696000004
22458,USGS,01351500,2001-03-27,A,37.661405978
22459,USGS,01351500,2001-03-28,A,36.528732114
22460,USGS,01351500,2001-03-29,A,31.148531260000002
22461,USGS,01351500,2001-03-30,A,37.095069046
22462,USGS,01351500,2001-03-31,A,48.421807686
22463,USGS,01351500,2001-04-01,A,44.740617628
22464,USGS,01351500,2001-04-02,A,39.64358524
22465,USGS,01351500,2001-04-03,A,44.457449162
22466,USGS,01351500,2001-04-04,A,58.615872462
22467,USGS,01351500,2001-04-05,A,82.968360538
22468,USGS,01351500,2001-04-06,A,108.736690944
22469,USGS,01351500,2001-04-07,A,140.16839067
22470,USGS,01351500,2001-04-08,A,390.77248308000003
22471,USGS,01351500,2001-04-09,A,512.53492346
22472,USGS,01351500,2001-04-10,A,648.45578714
22473,USGS,01351500,2001-04-11,A,492.71313084
22474,USGS,01351500,2001-04-12,A,421.92101434
22475,USGS,01351500,2001-04-13,A,588.99040928
22476,USGS,01351500,2001-04-14,A,504.03986948
22477,USGS,01351500,2001-04-15,A,314.31699726
22478,USGS,01351500,2001-04-16,A,221.154571946
22479,USGS,01351500,2001-04-17,A,179.24563897800002
22480,USGS,01351500,2001-04-18,A,136.487200612
22481,USGS,01351500,2001-04-19,A,106.47134321600001
22482,USGS,01351500,2001-04-20,A,87.78222446000001
22483,USGS,01351500,2001-04-21,A,78.437665082
22484,USGS,01351500,2001-04-22,A,95.994109974
22485,USGS,01351500,2001-04-23,A,114.966397196
22486,USGS,01351500,2001-04-24,A,100.24163696400001
22487,USGS,01351500,2001-04-25,A,76.738654286
22488,USGS,01351500,2001-04-26,A,61.730725588
22489,USGS,01351500,2001-04-27,A,50.120818482000004
22490,USGS,01351500,2001-04-28,A,42.758438366
22491,USGS,01351500,2001-04-29,A,37.661405978
22492,USGS,01351500,2001-04-30,A,33.98021592
22493,USGS,01351500,2001-05-01,A,30.582194328
22494,USGS,01351500,2001-05-02,A,26.6744694972
22495,USGS,01351500,2001-05-03,A,23.927735377
22496,USGS,01351500,2001-05-04,A,18.462583983200002
22497,USGS,01351500,2001-05-05,A,16.2255531018
22498,USGS,01351500,2001-05-06,A,13.3938684418
22499,USGS,01351500,2001-05-07,A,11.7798081856
22500,USGS,01351500,2001-05-08,A,10.845352247800001
22501,USGS,01351500,2001-05-09,A,9.8825794634
22502,USGS,01351500,2001-05-10,A,8.9764403722
22503,USGS,01351500,2001-05-11,A,8.353469747
22504,USGS,01351500,2001-05-12,A,7.645548582
22505,USGS,01351500,2001-05-13,A,6.8526768772
22506,USGS,01351500,2001-05-14,A,6.3996073316
22507,USGS,01351500,2001-05-15,A,5.6350524734
22508,USGS,01351500,2001-05-16,A,4.9837650016
22509,USGS,01351500,2001-05-17,A,4.672279689
22510,USGS,01351500,2001-05-18,A,4.5873291492
22511,USGS,01351500,2001-05-19,A,4.3324775298
22512,USGS,01351500,2001-05-20,A,4.1342596036
22513,USGS,01351500,2001-05-21,A,3.822774291
22514,USGS,01351500,2001-05-22,A,4.3324775298
22515,USGS,01351500,2001-05-23,A,10.052480543
22516,USGS,01351500,2001-05-24,A,13.6204032146
22517,USGS,01351500,2001-05-25,A,12.1479271914
22518,USGS,01351500,2001-05-26,A,8.4667371334
22519,USGS,01351500,2001-05-27,A,7.9004002014
22520,USGS,01351500,2001-05-28,A,11.6665407992
22521,USGS,01351500,2001-05-29,A,15.121196084400001
22522,USGS,01351500,2001-05-30,A,12.176244038
22523,USGS,01351500,2001-05-31,A,9.627727844
22524,USGS,01351500,2001-06-01,A,6.8526768772
22525,USGS,01351500,2001-06-02,A,8.353469747
22526,USGS,01351500,2001-06-03,A,16.9617911134
22527,USGS,01351500,2001-06-04,A,17.3015932726
22528,USGS,01351500,2001-06-05,A,14.1301064534
22529,USGS,01351500,2001-06-06,A,11.043570174000001
22530,USGS,01351500,2001-06-07,A,8.2402023606
22531,USGS,01351500,2001-06-08,A,6.7394094908
22532,USGS,01351500,2001-06-09,A,5.804953553
22533,USGS,01351500,2001-06-10,A,5.0687155414000005
22534,USGS,01351500,2001-06-11,A,4.9271313084
22535,USGS,01351500,2001-06-12,A,14.583175999
22536,USGS,01351500,2001-06-13,A,11.949709265200001
22537,USGS,01351500,2001-06-14,A,7.9853507412
22538,USGS,01351500,2001-06-15,A,5.9182209394
22539,USGS,01351500,2001-06-16,A,5.097032388000001
22540,USGS,01351500,2001-06-17,A,13.5354526748
22541,USGS,01351500,2001-06-18,A,16.253869948400002
22542,USGS,01351500,2001-06-19,A,10.2506984692
22543,USGS,01351500,2001-06-20,A,6.8809937238000005
22544,USGS,01351500,2001-06-21,A,5.6350524734
22545,USGS,01351500,2001-06-22,A,4.955448155
22546,USGS,01351500,2001-06-23,A,6.0314883258
22547,USGS,01351500,2001-06-24,A,12.5160461972
22548,USGS,01351500,2001-06-25,A,13.308917902000001
22549,USGS,01351500,2001-06-26,A,11.3833723332
22550,USGS,01351500,2001-06-27,A,9.3162425314
22551,USGS,01351500,2001-06-28,A,5.2952503142000005
22552,USGS,01351500,2001-06-29,A,4.0493090638
22553,USGS,01351500,2001-06-30,A,3.5962395182
22554,USGS,01351500,2001-07-01,A,3.5962395182
22555,USGS,01351500,2001-07-02,A,5.4085177006
22556,USGS,01351500,2001-07-03,A,5.097032388000001
22557,USGS,01351500,2001-07-04,A,4.24752699
22558,USGS,01351500,2001-07-05,A,3.964358524
22559,USGS,01351500,2001-07-06,A,3.6811900580000003
22560,USGS,01351500,2001-07-07,A,3.1714868192
22561,USGS,01351500,2001-07-08,A,2.8033678134
22562,USGS,01351500,2001-07-09,A,2.6334667338
22563,USGS,01351500,2001-07-10,A,2.406931961
22564,USGS,01351500,2001-07-11,A,2.406931961
22565,USGS,01351500,2001-07-12,A,2.3219814212000003
22566,USGS,01351500,2001-07-13,A,2.265347728
22567,USGS,01351500,2001-07-14,A,2.1520803416
22568,USGS,01351500,2001-07-15,A,1.9538624154000002
22569,USGS,01351500,2001-07-16,A,1.8405950290000002
22570,USGS,01351500,2001-07-17,A,1.9255455688
22571,USGS,01351500,2001-07-18,A,1.8972287222
22572,USGS,01351500,2001-07-19,A,1.8405950290000002
22573,USGS,01351500,2001-07-20,A,1.699010796
22574,USGS,01351500,2001-07-21,A,1.5007928698000002
22575,USGS,01351500,2001-07-22,A,1.3025749436
22576,USGS,01351500,2001-07-23,A,1.1893075572
22577,USGS,01351500,2001-07-24,A,1.0760401708
22578,USGS,01351500,2001-07-25,A,0.991089631
22579,USGS,01351500,2001-07-26,A,1.41584233
22580,USGS,01351500,2001-07-27,A,2.3786151144
22581,USGS,01351500,2001-07-28,A,2.690100427
22582,USGS,01351500,2001-07-29,A,2.123763495
22583,USGS,01351500,2001-07-30,A,1.6423771028
22584,USGS,01351500,2001-07-31,A,1.3592086368
22585,USGS,01351500,2001-08-01,A,1.2176244038
22586,USGS,01351500,2001-08-02,A,1.0760401708
22587,USGS,01351500,2001-08-03,A,0.991089631
22588,USGS,01351500,2001-08-04,A,0.991089631
22589,USGS,01351500,2001-08-05,A,1.0477233242000001
22590,USGS,01351500,2001-08-06,A,1.7839613358
22591,USGS,01351500,2001-08-07,A,1.8689118756
22592,USGS,01351500,2001-08-08,A,1.4441591766
22593,USGS,01351500,2001-08-09,A,1.1609907106000001
22594,USGS,01351500,2001-08-10,A,1.0477233242000001
22595,USGS,01351500,2001-08-11,A,0.9061390912
22596,USGS,01351500,2001-08-12,A,0.7928717048
22597,USGS,01351500,2001-08-13,A,0.7645548582
22598,USGS,01351500,2001-08-14,A,0.707921165
22599,USGS,01351500,2001-08-15,A,0.6796043184
22600,USGS,01351500,2001-08-16,A,0.6512874718
22601,USGS,01351500,2001-08-17,A,0.6796043184
22602,USGS,01351500,2001-08-18,A,0.6512874718
22603,USGS,01351500,2001-08-19,A,0.6229706252
22604,USGS,01351500,2001-08-20,A,0.6512874718
22605,USGS,01351500,2001-08-21,A,0.6512874718
22606,USGS,01351500,2001-08-22,A,0.6229706252
22607,USGS,01351500,2001-08-23,A,0.566336932
22608,USGS,01351500,2001-08-24,A,0.5380200854
22609,USGS,01351500,2001-08-25,A,0.4813863922
22610,USGS,01351500,2001-08-26,A,0.4813863922
22611,USGS,01351500,2001-08-27,A,0.4813863922
22612,USGS,01351500,2001-08-28,A,0.5097032388
22613,USGS,01351500,2001-08-29,A,0.566336932
22614,USGS,01351500,2001-08-30,A,0.5380200854
22615,USGS,01351500,2001-08-31,A,0.5097032388
22616,USGS,01351500,2001-09-01,A,0.5946537786
22617,USGS,01351500,2001-09-02,A,0.566336932
22618,USGS,01351500,2001-09-03,A,0.566336932
22619,USGS,01351500,2001-09-04,A,0.5097032388
22620,USGS,01351500,2001-09-05,A,0.4813863922
22621,USGS,01351500,2001-09-06,A,0.424752699
22622,USGS,01351500,2001-09-07,A,0.424752699
22623,USGS,01351500,2001-09-08,A,0.3964358524
22624,USGS,01351500,2001-09-09,A,0.3681190058
22625,USGS,01351500,2001-09-10,A,0.3398021592
22626,USGS,01351500,2001-09-11,A,0.3114853126
22627,USGS,01351500,2001-09-12,A,0.3114853126
22628,USGS,01351500,2001-09-13,A,0.283168466
22629,USGS,01351500,2001-09-14,A,0.3964358524
22630,USGS,01351500,2001-09-15,A,0.3964358524
22631,USGS,01351500,2001-09-16,A,0.4530695456
22632,USGS,01351500,2001-09-17,A,0.4813863922
22633,USGS,01351500,2001-09-18,A,0.4530695456
22634,USGS,01351500,2001-09-19,A,0.424752699
22635,USGS,01351500,2001-09-20,A,0.3964358524
22636,USGS,01351500,2001-09-21,A,0.424752699
22637,USGS,01351500,2001-09-22,A,0.3964358524
22638,USGS,01351500,2001-09-23,A,0.424752699
22639,USGS,01351500,2001-09-24,A,0.3964358524
22640,USGS,01351500,2001-09-25,A,0.5946537786
22641,USGS,01351500,2001-09-26,A,0.5946537786
22642,USGS,01351500,2001-09-27,A,0.7645548582
22643,USGS,01351500,2001-09-28,A,0.8778222446
22644,USGS,01351500,2001-09-29,A,0.9061390912
22645,USGS,01351500,2001-09-30,A,0.849505398
22646,USGS,01351500,2001-10-01,A,0.74756475024
22647,USGS,01351500,2001-10-02,A,0.66261421044
22648,USGS,01351500,2001-10-03,A,0.60598051724
22649,USGS,01351500,2001-10-04,A,0.52952503142
22650,USGS,01351500,2001-10-05,A,0.47289133822
22651,USGS,01351500,2001-10-06,A,0.4389111223
22652,USGS,01351500,2001-10-07,A,0.40209922172
22653,USGS,01351500,2001-10-08,A,0.37095069046
22654,USGS,01351500,2001-10-09,A,0.34829721318
22655,USGS,01351500,2001-10-10,A,0.34546552852
22656,USGS,01351500,2001-10-11,A,0.3681190058
22657,USGS,01351500,2001-10-12,A,0.3681190058
22658,USGS,01351500,2001-10-13,A,0.3681190058
22659,USGS,01351500,2001-10-14,A,0.35679226716
22660,USGS,01351500,2001-10-15,A,0.40776259104
22661,USGS,01351500,2001-10-16,A,0.3681190058
22662,USGS,01351500,2001-10-17,A,0.38794079842
22663,USGS,01351500,2001-10-18,A,0.39926753706
22664,USGS,01351500,2001-10-19,A,0.3539605825
22665,USGS,01351500,2001-10-20,A,0.424752699
22666,USGS,01351500,2001-10-21,A,0.4530695456
22667,USGS,01351500,2001-10-22,A,0.4530695456
22668,USGS,01351500,2001-10-23,A,0.4530695456
22669,USGS,01351500,2001-10-24,A,0.47572302288
22670,USGS,01351500,2001-10-25,A,0.47855470753999996
22671,USGS,01351500,2001-10-26,A,0.47572302288
22672,USGS,01351500,2001-10-27,A,0.48704976152
22673,USGS,01351500,2001-10-28,A,0.5125349234600001
22674,USGS,01351500,2001-10-29,A,0.8070301281000001
22675,USGS,01351500,2001-10-30,A,0.6796043184
22676,USGS,01351500,2001-10-31,A,0.54368345472
22677,USGS,01351500,2001-11-01,A,0.50120818482
22678,USGS,01351500,2001-11-02,A,0.49837650016000007
22679,USGS,01351500,2001-11-03,A,0.5097032388
22680,USGS,01351500,2001-11-04,A,0.44740617628
22681,USGS,01351500,2001-11-05,A,0.47289133822
22682,USGS,01351500,2001-11-06,A,0.48421807686000007
22683,USGS,01351500,2001-11-07,A,0.48988144618
22684,USGS,01351500,2001-11-08,A,0.50403986948
22685,USGS,01351500,2001-11-09,A,0.57200030132
22686,USGS,01351500,2001-11-10,A,0.57766367064
22687,USGS,01351500,2001-11-11,A,0.6088122019
22688,USGS,01351500,2001-11-12,A,0.5946537786
22689,USGS,01351500,2001-11-13,A,0.5804953553000001
22690,USGS,01351500,2001-11-14,A,0.57766367064
22691,USGS,01351500,2001-11-15,A,0.72774295762
22692,USGS,01351500,2001-11-16,A,0.66261421044
22693,USGS,01351500,2001-11-17,A,0.58332703996
22694,USGS,01351500,2001-11-18,A,0.5380200854
22695,USGS,01351500,2001-11-19,A,0.48704976152
22696,USGS,01351500,2001-11-20,A,0.566336932
22697,USGS,01351500,2001-11-21,A,0.55784187802
22698,USGS,01351500,2001-11-22,A,0.62863399452
22699,USGS,01351500,2001-11-23,A,0.79004002014
22700,USGS,01351500,2001-11-24,A,0.67110926442
22701,USGS,01351500,2001-11-25,A,0.6541191564600001
22702,USGS,01351500,2001-11-26,A,0.7107528496600001
22703,USGS,01351500,2001-11-27,A,0.79004002014
22704,USGS,01351500,2001-11-28,A,0.92312919916
22705,USGS,01351500,2001-11-29,A,1.0618817475
22706,USGS,01351500,2001-11-30,A,1.1893075572
22707,USGS,01351500,2001-12-01,A,1.29407988962
22708,USGS,01351500,2001-12-02,A,1.38186211408
22709,USGS,01351500,2001-12-03,A,1.59707014824
22710,USGS,01351500,2001-12-04,A,1.5914067789200002
22711,USGS,01351500,2001-12-05,A,1.35637695214
22712,USGS,01351500,2001-12-06,A,1.22328777312
22713,USGS,01351500,2001-12-07,A,1.10718870206
22714,USGS,01351500,2001-12-08,A,1.0392282702200002
22715,USGS,01351500,2001-12-09,A,1.1609907106000001
22716,USGS,01351500,2001-12-10,A,1.07887185546
22717,USGS,01351500,2001-12-11,A,1.0052480543
22718,USGS,01351500,2001-12-12,A,0.9542777304200001
22719,USGS,01351500,2001-12-13,A,0.9542777304200001
22720,USGS,01351500,2001-12-14,A,1.0760401708
22721,USGS,01351500,2001-12-15,A,1.46398096922
22722,USGS,01351500,2001-12-16,A,2.18889224218
22723,USGS,01351500,2001-12-17,A,2.8600015066
22724,USGS,01351500,2001-12-18,A,3.0015857396000003
22725,USGS,01351500,2001-12-19,A,3.7944574444
22726,USGS,01351500,2001-12-20,A,4.4174280696
22727,USGS,01351500,2001-12-21,A,3.822774291
22728,USGS,01351500,2001-12-22,A,3.2847542056
22729,USGS,01351500,2001-12-23,A,2.77788265146
22730,USGS,01351500,2001-12-24,A:e,2.5485161940000003
22731,USGS,01351500,2001-12-25,A:e,2.3786151144
22732,USGS,01351500,2001-12-26,A:e,2.2087140348
22733,USGS,01351500,2001-12-27,A:e,2.0388129552
22734,USGS,01351500,2001-12-28,A:e,1.9255455688
22735,USGS,01351500,2001-12-29,A:e,1.7556444892
22736,USGS,01351500,2001-12-30,A:e,1.6423771028
22737,USGS,01351500,2001-12-31,A,1.4724760232
22738,USGS,01351500,2002-01-01,A:e,1.3875254834000001
22739,USGS,01351500,2002-01-02,A:e,1.3025749436
22740,USGS,01351500,2002-01-03,A,1.2176244038
22741,USGS,01351500,2002-01-04,A,1.1496639719600001
22742,USGS,01351500,2002-01-05,A,1.1043570174
22743,USGS,01351500,2002-01-06,A,1.10718870206
22744,USGS,01351500,2002-01-07,A,1.51211960844
22745,USGS,01351500,2002-01-08,A,1.45548591524
22746,USGS,01351500,2002-01-09,A,1.38469379874
22747,USGS,01351500,2002-01-10,A,1.50645623912
22748,USGS,01351500,2002-01-11,A,1.66503058008
22749,USGS,01351500,2002-01-12,A,1.8972287222
22750,USGS,01351500,2002-01-13,A,2.1662387649
22751,USGS,01351500,2002-01-14,A,2.1379219183
22752,USGS,01351500,2002-01-15,A,2.04164463986
22753,USGS,01351500,2002-01-16,A,1.9397039921
22754,USGS,01351500,2002-01-17,A,1.8802386142400003
22755,USGS,01351500,2002-01-18,A,1.74714943522
22756,USGS,01351500,2002-01-19,A,1.57724835562
22757,USGS,01351500,2002-01-20,A,1.57441667096
22758,USGS,01351500,2002-01-21,A,1.66503058008
22759,USGS,01351500,2002-01-22,A,1.6480404721200002
22760,USGS,01351500,2002-01-23,A,1.5999018329
22761,USGS,01351500,2002-01-24,A,1.9227138841400002
22762,USGS,01351500,2002-01-25,A,5.5784187802
22763,USGS,01351500,2002-01-26,A,10.194064776000001
22764,USGS,01351500,2002-01-27,A,9.7409952304
22765,USGS,01351500,2002-01-28,A,8.8348561392
22766,USGS,01351500,2002-01-29,A,9.061390912
22767,USGS,01351500,2002-01-30,A,15.2344634708
22768,USGS,01351500,2002-01-31,A,25.1736766274
22769,USGS,01351500,2002-02-01,A,20.0483273928
22770,USGS,01351500,2002-02-02,A,39.64358524
22771,USGS,01351500,2002-02-03,A,25.8532809458
22772,USGS,01351500,2002-02-04,A,20.529713785000002
22773,USGS,01351500,2002-02-05,A,16.6219889542
22774,USGS,01351500,2002-02-06,A,14.0451559136
22775,USGS,01351500,2002-02-07,A:e,13.025749436
22776,USGS,01351500,2002-02-08,A,12.5160461972
22777,USGS,01351500,2002-02-09,A,11.7231744924
22778,USGS,01351500,2002-02-10,A,11.6948576458
22779,USGS,01351500,2002-02-11,A,50.403986948000004
22780,USGS,01351500,2002-02-12,A,41.908932968
22781,USGS,01351500,2002-02-13,A,36.81190058
22782,USGS,01351500,2002-02-14,A,20.5580306316
22783,USGS,01351500,2002-02-15,A,21.690704495600002
22784,USGS,01351500,2002-02-16,A,21.096050717
22785,USGS,01351500,2002-02-17,A,20.6996148646
22786,USGS,01351500,2002-02-18,A,17.7829796648
22787,USGS,01351500,2002-02-19,A,15.0645623912
22788,USGS,01351500,2002-02-20,A,15.5459487834
22789,USGS,01351500,2002-02-21,A,20.784565404400002
22790,USGS,01351500,2002-02-22,A,30.299025862
22791,USGS,01351500,2002-02-23,A,25.201993474000002
22792,USGS,01351500,2002-02-24,A,19.0572377618
22793,USGS,01351500,2002-02-25,A,17.9245638978
22794,USGS,01351500,2002-02-26,A,17.414860659000002
22795,USGS,01351500,2002-02-27,A,21.2659517966
22796,USGS,01351500,2002-02-28,A,20.0766442394
22797,USGS,01351500,2002-03-01,A,16.140602562
22798,USGS,01351500,2002-03-02,A,14.4982254592
22799,USGS,01351500,2002-03-03,A,15.630899323200001
22800,USGS,01351500,2002-03-04,A,20.1615947792
22801,USGS,01351500,2002-03-05,A,15.2061466242
22802,USGS,01351500,2002-03-06,A,13.9035716806
22803,USGS,01351500,2002-03-07,A,14.215056993200001
22804,USGS,01351500,2002-03-08,A,12.9407988962
22805,USGS,01351500,2002-03-09,A,12.7708978166
22806,USGS,01351500,2002-03-10,A,16.565355261
22807,USGS,01351500,2002-03-11,A,18.9439703754
22808,USGS,01351500,2002-03-12,A,15.857434096
22809,USGS,01351500,2002-03-13,A,15.0645623912
22810,USGS,01351500,2002-03-14,A,14.1301064534
22811,USGS,01351500,2002-03-15,A,13.507135828200001
22812,USGS,01351500,2002-03-16,A,12.855848356400001
22813,USGS,01351500,2002-03-17,A,12.4310956574
22814,USGS,01351500,2002-03-18,A,11.893075572
22815,USGS,01351500,2002-03-19,A,12.4310956574
22816,USGS,01351500,2002-03-20,A,14.6114928456
22817,USGS,01351500,2002-03-21,A,16.5936721076
22818,USGS,01351500,2002-03-22,A,18.2926829036
22819,USGS,01351500,2002-03-23,A,16.282186795
22820,USGS,01351500,2002-03-24,A,17.5281280454
22821,USGS,01351500,2002-03-25,A,16.99010796
22822,USGS,01351500,2002-03-26,A,25.456845093400002
22823,USGS,01351500,2002-03-27,A,205.863474782
22824,USGS,01351500,2002-03-28,A,115.24956566200001
22825,USGS,01351500,2002-03-29,A,93.162425314
22826,USGS,01351500,2002-03-30,A,99.1089631
22827,USGS,01351500,2002-03-31,A,83.817865936
22828,USGS,01351500,2002-04-01,A,65.695084112
22829,USGS,01351500,2002-04-02,A,53.518840074
22830,USGS,01351500,2002-04-03,A,46.72279689
22831,USGS,01351500,2002-04-04,A,43.041606832
22832,USGS,01351500,2002-04-05,A,35.112889784000004
22833,USGS,01351500,2002-04-06,A,30.582194328
22834,USGS,01351500,2002-04-07,A,25.909914639
22835,USGS,01351500,2002-04-08,A,23.8144679906
22836,USGS,01351500,2002-04-09,A,23.9843690702
22837,USGS,01351500,2002-04-10,A,24.9471418546
22838,USGS,01351500,2002-04-11,A,22.0021898082
22839,USGS,01351500,2002-04-12,A,19.1421883016
22840,USGS,01351500,2002-04-13,A,17.3865438124
22841,USGS,01351500,2002-04-14,A,17.698029125
22842,USGS,01351500,2002-04-15,A,27.2974401224
22843,USGS,01351500,2002-04-16,A,31.714868192
22844,USGS,01351500,2002-04-17,A,23.1065468256
22845,USGS,01351500,2002-04-18,A,21.096050717
22846,USGS,01351500,2002-04-19,A,18.8023861424
22847,USGS,01351500,2002-04-20,A,16.8202068804
22848,USGS,01351500,2002-04-21,A,16.2255531018
22849,USGS,01351500,2002-04-22,A,15.6592161698
22850,USGS,01351500,2002-04-23,A,16.4804047212
22851,USGS,01351500,2002-04-24,A,14.1584233
22852,USGS,01351500,2002-04-25,A,13.3938684418
22853,USGS,01351500,2002-04-26,A,22.65347728
22854,USGS,01351500,2002-04-27,A,20.6146643248
22855,USGS,01351500,2002-04-28,A,25.824964099200002
22856,USGS,01351500,2002-04-29,A,70.22577956800001
22857,USGS,01351500,2002-04-30,A,54.934682404
22858,USGS,01351500,2002-05-01,A,52.38616621
22859,USGS,01351500,2002-05-02,A,43.041606832
22860,USGS,01351500,2002-05-03,A,41.342596036
22861,USGS,01351500,2002-05-04,A,32.281205124
22862,USGS,01351500,2002-05-05,A,26.9576379632
22863,USGS,01351500,2002-05-06,A,25.0037755478
22864,USGS,01351500,2002-05-07,A,20.3031790122
22865,USGS,01351500,2002-05-08,A,18.40595029
22866,USGS,01351500,2002-05-09,A,17.4431775056
22867,USGS,01351500,2002-05-10,A,22.341991967400002
22868,USGS,01351500,2002-05-11,A,17.8962470512
22869,USGS,01351500,2002-05-12,A,16.565355261
22870,USGS,01351500,2002-05-13,A,49.271313084
22871,USGS,01351500,2002-05-14,A,152.91097164
22872,USGS,01351500,2002-05-15,A,92.596088382
22873,USGS,01351500,2002-05-16,A,57.766367064
22874,USGS,01351500,2002-05-17,A,47.289133822000004
22875,USGS,01351500,2002-05-18,A,69.093105704
22876,USGS,01351500,2002-05-19,A,100.52480543
22877,USGS,01351500,2002-05-20,A,68.243600306
22878,USGS,01351500,2002-05-21,A,52.38616621
22879,USGS,01351500,2002-05-22,A,44.174280696000004
22880,USGS,01351500,2002-05-23,A,35.679226716
22881,USGS,01351500,2002-05-24,A,31.998036658
22882,USGS,01351500,2002-05-25,A,28.3168466
22883,USGS,01351500,2002-05-26,A,23.8711016838
22884,USGS,01351500,2002-05-27,A,21.8606055752
22885,USGS,01351500,2002-05-28,A,20.784565404400002
22886,USGS,01351500,2002-05-29,A,19.3120893812
22887,USGS,01351500,2002-05-30,A,17.6697122784
22888,USGS,01351500,2002-05-31,A,17.6413954318
22889,USGS,01351500,2002-06-01,A,28.883183532
22890,USGS,01351500,2002-06-02,A,20.0766442394
22891,USGS,01351500,2002-06-03,A,16.3671373348
22892,USGS,01351500,2002-06-04,A,13.8469379874
22893,USGS,01351500,2002-06-05,A,19.9916936996
22894,USGS,01351500,2002-06-06,A,179.24563897800002
22895,USGS,01351500,2002-06-07,A,118.647587254
22896,USGS,01351500,2002-06-08,A,61.730725588
22897,USGS,01351500,2002-06-09,A,42.758438366
22898,USGS,01351500,2002-06-10,A,32.281205124
22899,USGS,01351500,2002-06-11,A,27.325756969
22900,USGS,01351500,2002-06-12,A,22.200407734400002
22901,USGS,01351500,2002-06-13,A,20.133277932600002
22902,USGS,01351500,2002-06-14,A,16.99010796
22903,USGS,01351500,2002-06-15,A,18.547534523
22904,USGS,01351500,2002-06-16,A,27.608925435
22905,USGS,01351500,2002-06-17,A,28.3168466
22906,USGS,01351500,2002-06-18,A,20.3031790122
22907,USGS,01351500,2002-06-19,A,16.140602562
22908,USGS,01351500,2002-06-20,A,12.9974325894
22909,USGS,01351500,2002-06-21,A,11.1568375604
22910,USGS,01351500,2002-06-22,A,9.9675300032
22911,USGS,01351500,2002-06-23,A,9.231291991600001
22912,USGS,01351500,2002-06-24,A,9.6560446906
22913,USGS,01351500,2002-06-25,A,7.0225779568
22914,USGS,01351500,2002-06-26,A,6.229706252
22915,USGS,01351500,2002-06-27,A,6.2863399452
22916,USGS,01351500,2002-06-28,A,20.8411990976
22917,USGS,01351500,2002-06-29,A,12.5443630438
22918,USGS,01351500,2002-06-30,A,7.5605980422000005
22919,USGS,01351500,2002-07-01,A,5.7483198598000005
22920,USGS,01351500,2002-07-02,A,4.9271313084
22921,USGS,01351500,2002-07-03,A,4.2758438366
22922,USGS,01351500,2002-07-04,A,3.7378237512
22923,USGS,01351500,2002-07-05,A,3.256437359
22924,USGS,01351500,2002-07-06,A,3.0299025862
22925,USGS,01351500,2002-07-07,A,2.7467341202
22926,USGS,01351500,2002-07-08,A,2.4210903843000002
22927,USGS,01351500,2002-07-09,A,2.2766744666400003
22928,USGS,01351500,2002-07-10,A,2.23419919674
22929,USGS,01351500,2002-07-11,A,2.0642981171400003
22930,USGS,01351500,2002-07-12,A,1.94819904608
22931,USGS,01351500,2002-07-13,A,1.75281280454
22932,USGS,01351500,2002-07-14,A,1.5149512931
22933,USGS,01351500,2002-07-15,A,1.39035716806
22934,USGS,01351500,2002-07-16,A,1.24027788108
22935,USGS,01351500,2002-07-17,A,1.1893075572
22936,USGS,01351500,2002-07-18,A,1.1468322873
22937,USGS,01351500,2002-07-19,A,1.3790304294200002
22938,USGS,01351500,2002-07-20,A,1.63105036416
22939,USGS,01351500,2002-07-21,A,2.21154571946
22940,USGS,01351500,2002-07-22,A,1.88590198356
22941,USGS,01351500,2002-07-23,A,1.5347730857200002
22942,USGS,01351500,2002-07-24,A,1.31106999758
22943,USGS,01351500,2002-07-25,A,1.39885222204
22944,USGS,01351500,2002-07-26,A,1.47530770786
22945,USGS,01351500,2002-07-27,A,1.3308917902
22946,USGS,01351500,2002-07-28,A,1.2176244038
22947,USGS,01351500,2002-07-29,A,1.17231744924
22948,USGS,01351500,2002-07-30,A,1.06471343216
22949,USGS,01351500,2002-07-31,A,0.9401193071200001
22950,USGS,01351500,2002-08-01,A,0.8523370826600001
22951,USGS,01351500,2002-08-02,A,0.97976289236
22952,USGS,01351500,2002-08-03,A,1.08736690944
22953,USGS,01351500,2002-08-04,A,1.30540662826
22954,USGS,01351500,2002-08-05,A,1.3082383129200001
22955,USGS,01351500,2002-08-06,A,1.12701049468
22956,USGS,01351500,2002-08-07,A,0.9627727844
22957,USGS,01351500,2002-08-08,A,0.9061390912
22958,USGS,01351500,2002-08-09,A,0.81269349742
22959,USGS,01351500,2002-08-10,A,0.7164162189800001
22960,USGS,01351500,2002-08-11,A,0.64279241782
22961,USGS,01351500,2002-08-12,A,0.6088122019
22962,USGS,01351500,2002-08-13,A,0.55784187802
22963,USGS,01351500,2002-08-14,A,0.51536660812
22964,USGS,01351500,2002-08-15,A,0.48704976152
22965,USGS,01351500,2002-08-16,A,0.46156459958
22966,USGS,01351500,2002-08-17,A,0.44174280696
22967,USGS,01351500,2002-08-18,A,0.5465151393800001
22968,USGS,01351500,2002-08-19,A,0.56350524734
22969,USGS,01351500,2002-08-20,A,0.5691686166600001
22970,USGS,01351500,2002-08-21,A,0.58615872462
22971,USGS,01351500,2002-08-22,A,0.57200030132
22972,USGS,01351500,2002-08-23,A,0.60031714792
22973,USGS,01351500,2002-08-24,A,0.84667371334
22974,USGS,01351500,2002-08-25,A,1.1496639719600001
22975,USGS,01351500,2002-08-26,A,1.2516046197200001
22976,USGS,01351500,2002-08-27,A,1.07887185546
22977,USGS,01351500,2002-08-28,A,0.90047572188
22978,USGS,01351500,2002-08-29,A,0.9571094150799999
22979,USGS,01351500,2002-08-30,A,1.07320848614
22980,USGS,01351500,2002-08-31,A,1.76413954318
22981,USGS,01351500,2002-09-01,A,1.79528807444
22982,USGS,01351500,2002-09-02,A,1.4300007533
22983,USGS,01351500,2002-09-03,A,1.2034659805
22984,USGS,01351500,2002-09-04,A,1.10718870206
22985,USGS,01351500,2002-09-05,A,0.9656044690600001
22986,USGS,01351500,2002-09-06,A,0.8778222446
22987,USGS,01351500,2002-09-07,A,0.7928717048
22988,USGS,01351500,2002-09-08,A,0.70508948034
22989,USGS,01351500,2002-09-09,A,0.6597825257800001
22990,USGS,01351500,2002-09-10,A,0.6229706252
22991,USGS,01351500,2002-09-11,A,0.55784187802
22992,USGS,01351500,2002-09-12,A,0.45873291492
22993,USGS,01351500,2002-09-13,A,0.38794079842
22994,USGS,01351500,2002-09-14,A,0.3681190058
22995,USGS,01351500,2002-09-15,A,0.66827757976
22996,USGS,01351500,2002-09-16,A,1.15815902594
22997,USGS,01351500,2002-09-17,A,0.8580004519800001
22998,USGS,01351500,2002-09-18,A,0.75889148888
22999,USGS,01351500,2002-09-19,A,0.6371290485000001
23000,USGS,01351500,2002-09-20,A,0.56067356268
23001,USGS,01351500,2002-09-21,A,0.5125349234600001
23002,USGS,01351500,2002-09-22,A,0.93162425314
23003,USGS,01351500,2002-09-23,A,2.29649625926
23004,USGS,01351500,2002-09-24,A,2.64196178778
23005,USGS,01351500,2002-09-25,A,2.3984369070200002
23006,USGS,01351500,2002-09-26,A,1.7981197591
23007,USGS,01351500,2002-09-27,A,1.73865438124
23008,USGS,01351500,2002-09-28,A,2.18889224218
23009,USGS,01351500,2002-09-29,A,2.70992221962
23010,USGS,01351500,2002-09-30,A,2.55701124798
23011,USGS,01351500,2002-10-01,A,2.0727931711200003
23012,USGS,01351500,2002-10-02,A,1.65370384144
23013,USGS,01351500,2002-10-03,A,1.42433738398
23014,USGS,01351500,2002-10-04,A,1.4724760232
23015,USGS,01351500,2002-10-05,A,1.80378312842
23016,USGS,01351500,2002-10-06,A,1.7358226965799999
23017,USGS,01351500,2002-10-07,A,1.68202068804
23018,USGS,01351500,2002-10-08,A,1.55176319368
23019,USGS,01351500,2002-10-09,A,1.34221852884
23020,USGS,01351500,2002-10-10,A,1.10152533274
23021,USGS,01351500,2002-10-11,A,1.12701049468
23022,USGS,01351500,2002-10-12,A,1.8830702989
23023,USGS,01351500,2002-10-13,A,7.7021822752
23024,USGS,01351500,2002-10-14,A,8.6932719062
23025,USGS,01351500,2002-10-15,A,5.550101933600001
23026,USGS,01351500,2002-10-16,A,7.8437665082
23027,USGS,01351500,2002-10-17,A,57.483198598
23028,USGS,01351500,2002-10-18,A,35.39605825
23029,USGS,01351500,2002-10-19,A,23.248131058600002
23030,USGS,01351500,2002-10-20,A,17.7546628182
23031,USGS,01351500,2002-10-21,A,15.007928698
23032,USGS,01351500,2002-10-22,A,11.9780261118
23033,USGS,01351500,2002-10-23,A,11.0152533274
23034,USGS,01351500,2002-10-24,A,10.845352247800001
23035,USGS,01351500,2002-10-25,A,9.6560446906
23036,USGS,01351500,2002-10-26,A,21.8889224218
23037,USGS,01351500,2002-10-27,A,33.98021592
23038,USGS,01351500,2002-10-28,A,23.3330815984
23039,USGS,01351500,2002-10-29,A,17.6413954318
23040,USGS,01351500,2002-10-30,A,14.8946613116
23041,USGS,01351500,2002-10-31,A,14.2433738398
23042,USGS,01351500,2002-11-01,A,12.7708978166
23043,USGS,01351500,2002-11-02,A,11.3550554866
23044,USGS,01351500,2002-11-03,A,10.4489163954
23045,USGS,01351500,2002-11-04,A,9.5710941508
23046,USGS,01351500,2002-11-05,A,9.1746582984
23047,USGS,01351500,2002-11-06,A,12.402778810800001
23048,USGS,01351500,2002-11-07,A,20.1899116258
23049,USGS,01351500,2002-11-08,A,17.8962470512
23050,USGS,01351500,2002-11-09,A,15.291097164
23051,USGS,01351500,2002-11-10,A,13.563769521400001
23052,USGS,01351500,2002-11-11,A,12.7142641234
23053,USGS,01351500,2002-11-12,A,13.0823831292
23054,USGS,01351500,2002-11-13,A,31.431699726
23055,USGS,01351500,2002-11-14,A,32.56437359
23056,USGS,01351500,2002-11-15,A,22.65347728
23057,USGS,01351500,2002-11-16,A,21.8889224218
23058,USGS,01351500,2002-11-17,A,29.732688930000002
23059,USGS,01351500,2002-11-18,A,51.819829278
23060,USGS,01351500,2002-11-19,A,46.156459958
23061,USGS,01351500,2002-11-20,A,50.120818482000004
23062,USGS,01351500,2002-11-21,A,56.067356268000005
23063,USGS,01351500,2002-11-22,A,64.562410248
23064,USGS,01351500,2002-11-23,A,144.132749194
23065,USGS,01351500,2002-11-24,A,109.869364808
23066,USGS,01351500,2002-11-25,A,82.968360538
23067,USGS,01351500,2002-11-26,A,66.827757976
23068,USGS,01351500,2002-11-27,A,54.085177006
23069,USGS,01351500,2002-11-28,A,45.30695456
23070,USGS,01351500,2002-11-29,A,35.679226716
23071,USGS,01351500,2002-11-30,A,32.847542056
23072,USGS,01351500,2002-12-01,A,34.546552852
23073,USGS,01351500,2002-12-02,A,27.042588503
23074,USGS,01351500,2002-12-03,A,22.4835762004
23075,USGS,01351500,2002-12-04,A,19.397039921
23076,USGS,01351500,2002-12-05,A,18.830702989
23077,USGS,01351500,2002-12-06,A:e,18.122781824
23078,USGS,01351500,2002-12-07,A:e,17.556444892000002
23079,USGS,01351500,2002-12-08,A,17.9528807444
23080,USGS,01351500,2002-12-09,A,15.999018329
23081,USGS,01351500,2002-12-10,A,14.8380276184
23082,USGS,01351500,2002-12-11,A,19.0855546084
23083,USGS,01351500,2002-12-12,A,19.8501094666
23084,USGS,01351500,2002-12-13,A,20.4164463986
23085,USGS,01351500,2002-12-14,A,24.8338744682
23086,USGS,01351500,2002-12-15,A,40.209922172
23087,USGS,01351500,2002-12-16,A,34.546552852
23088,USGS,01351500,2002-12-17,A,25.6550630196
23089,USGS,01351500,2002-12-18,A,20.4164463986
23090,USGS,01351500,2002-12-19,A,21.7756550354
23091,USGS,01351500,2002-12-20,A,37.095069046
23092,USGS,01351500,2002-12-21,A,89.764403722
23093,USGS,01351500,2002-12-22,A,54.368345472
23094,USGS,01351500,2002-12-23,A,44.740617628
23095,USGS,01351500,2002-12-24,A,39.926753706
23096,USGS,01351500,2002-12-25,A,36.528732114
23097,USGS,01351500,2002-12-26,A,30.015857396
23098,USGS,01351500,2002-12-27,A:e,28.3168466
23099,USGS,01351500,2002-12-28,A:e,27.184172736
23100,USGS,01351500,2002-12-29,A:e,26.051498872
23101,USGS,01351500,2002-12-30,A,25.4002114002
23102,USGS,01351500,2002-12-31,A,24.3808049226
23103,USGS,01351500,2003-01-01,A,43.607943764
23104,USGS,01351500,2003-01-02,A,58.899040928000005
23105,USGS,01351500,2003-01-03,A,47.572302288
23106,USGS,01351500,2003-01-04,A,47.855470754
23107,USGS,01351500,2003-01-05,A,41.625764502
23108,USGS,01351500,2003-01-06,A,44.740617628
23109,USGS,01351500,2003-01-07,A,51.253492346
23110,USGS,01351500,2003-01-08,A,46.72279689
23111,USGS,01351500,2003-01-09,A,46.439628424
23112,USGS,01351500,2003-01-10,A,47.855470754
23113,USGS,01351500,2003-01-11,A,42.4752699
23114,USGS,01351500,2003-01-12,A,37.944574444000004
23115,USGS,01351500,2003-01-13,A,36.245563648
23116,USGS,01351500,2003-01-14,A,32.847542056
23117,USGS,01351500,2003-01-15,A,26.8160537302
23118,USGS,01351500,2003-01-16,A:e,24.352488076
23119,USGS,01351500,2003-01-17,A:e,23.786151144
23120,USGS,01351500,2003-01-18,A:e,22.65347728
23121,USGS,01351500,2003-01-19,A:e,22.087140348000002
23122,USGS,01351500,2003-01-20,A:e,21.520803416
23123,USGS,01351500,2003-01-21,A:e,20.388129552000002
23124,USGS,01351500,2003-01-22,A:e,19.82179262
23125,USGS,01351500,2003-01-23,A:e,19.255455688
23126,USGS,01351500,2003-01-24,A:e,18.689118756
23127,USGS,01351500,2003-01-25,A:e,17.556444892000002
23128,USGS,01351500,2003-01-26,A:e,16.423771028
23129,USGS,01351500,2003-01-27,A:e,15.857434096
23130,USGS,01351500,2003-01-28,A:e,15.857434096
23131,USGS,01351500,2003-01-29,A:e,15.291097164
23132,USGS,01351500,2003-01-30,A:e,14.724760232000001
23133,USGS,01351500,2003-01-31,A:e,14.724760232000001
23134,USGS,01351500,2003-02-01,A:e,15.291097164
23135,USGS,01351500,2003-02-02,A:e,15.291097164
23136,USGS,01351500,2003-02-03,A:e,15.857434096
23137,USGS,01351500,2003-02-04,A:e,18.122781824
23138,USGS,01351500,2003-02-05,A:e,20.954466484
23139,USGS,01351500,2003-02-06,A:e,23.786151144
23140,USGS,01351500,2003-02-07,A:e,26.617835804000002
23141,USGS,01351500,2003-02-08,A:e,25.48516194
23142,USGS,01351500,2003-02-09,A:e,25.48516194
23143,USGS,01351500,2003-02-10,A:e,24.352488076
23144,USGS,01351500,2003-02-11,A:e,23.786151144
23145,USGS,01351500,2003-02-12,A:e,22.65347728
23146,USGS,01351500,2003-02-13,A:e,21.520803416
23147,USGS,01351500,2003-02-14,A:e,20.388129552000002
23148,USGS,01351500,2003-02-15,A:e,19.255455688
23149,USGS,01351500,2003-02-16,A:e,17.556444892000002
23150,USGS,01351500,2003-02-17,A:e,16.423771028
23151,USGS,01351500,2003-02-18,A:e,15.291097164
23152,USGS,01351500,2003-02-19,A:e,14.724760232000001
23153,USGS,01351500,2003-02-20,A:e,14.1584233
23154,USGS,01351500,2003-02-21,A:e,13.875254834
23155,USGS,01351500,2003-02-22,A:e,18.122781824
23156,USGS,01351500,2003-02-23,A:e,23.786151144
23157,USGS,01351500,2003-02-24,A:e,36.81190058
23158,USGS,01351500,2003-02-25,A:e,42.4752699
23159,USGS,01351500,2003-02-26,A:e,39.64358524
23160,USGS,01351500,2003-02-27,A:e,33.98021592
23161,USGS,01351500,2003-02-28,A:e,31.148531260000002
23162,USGS,01351500,2003-03-01,A:e,27.184172736
23163,USGS,01351500,2003-03-02,A:e,25.48516194
23164,USGS,01351500,2003-03-03,A:e,26.617835804000002
23165,USGS,01351500,2003-03-04,A:e,27.184172736
23166,USGS,01351500,2003-03-05,A:e,28.3168466
23167,USGS,01351500,2003-03-06,A:e,26.617835804000002
23168,USGS,01351500,2003-03-07,A:e,28.3168466
23169,USGS,01351500,2003-03-08,A:e,28.3168466
23170,USGS,01351500,2003-03-09,A:e,28.3168466
23171,USGS,01351500,2003-03-10,A:e,28.3168466
23172,USGS,01351500,2003-03-11,A:e,27.184172736
23173,USGS,01351500,2003-03-12,A:e,26.617835804000002
23174,USGS,01351500,2003-03-13,A:e,26.051498872
23175,USGS,01351500,2003-03-14,A:e,27.184172736
23176,USGS,01351500,2003-03-15,A:e,28.3168466
23177,USGS,01351500,2003-03-16,A:e,42.4752699
23178,USGS,01351500,2003-03-17,A:e,101.94064776
23179,USGS,01351500,2003-03-18,A,269.576379632
23180,USGS,01351500,2003-03-19,A,273.823906622
23181,USGS,01351500,2003-03-20,A,195.952578472
23182,USGS,01351500,2003-03-21,A,416.25764502
23183,USGS,01351500,2003-03-22,A,543.68345472
23184,USGS,01351500,2003-03-23,A,447.40617628
23185,USGS,01351500,2003-03-24,A,270.99222196200003
23186,USGS,01351500,2003-03-25,A,247.206070818
23187,USGS,01351500,2003-03-26,A,276.938759748
23188,USGS,01351500,2003-03-27,A,224.552593538
23189,USGS,01351500,2003-03-28,A,170.184248066
23190,USGS,01351500,2003-03-29,A,169.33474266800002
23191,USGS,01351500,2003-03-30,A,274.67341202
23192,USGS,01351500,2003-03-31,A,178.39613358
23193,USGS,01351500,2003-04-01,A,126.859472768
23194,USGS,01351500,2003-04-02,A,105.055500886
23195,USGS,01351500,2003-04-03,A,128.275315098
23196,USGS,01351500,2003-04-04,A,140.16839067
23197,USGS,01351500,2003-04-05,A,110.718870206
23198,USGS,01351500,2003-04-06,A,112.417881002
23199,USGS,01351500,2003-04-07,A,96.560446906
23200,USGS,01351500,2003-04-08,A,82.11885514000001
23201,USGS,01351500,2003-04-09,A,68.526768772
23202,USGS,01351500,2003-04-10,A,77.021822752
23203,USGS,01351500,2003-04-11,A,107.60401708
23204,USGS,01351500,2003-04-12,A,161.40602562
23205,USGS,01351500,2003-04-13,A,187.174356026
23206,USGS,01351500,2003-04-14,A,124.310956574
23207,USGS,01351500,2003-04-15,A,103.639658556
23208,USGS,01351500,2003-04-16,A,100.24163696400001
23209,USGS,01351500,2003-04-17,A,90.047572188
23210,USGS,01351500,2003-04-18,A,74.190138092
23211,USGS,01351500,2003-04-19,A,60.314883258
23212,USGS,01351500,2003-04-20,A,53.80200854
23213,USGS,01351500,2003-04-21,A,47.289133822000004
23214,USGS,01351500,2003-04-22,A,48.704976152
23215,USGS,01351500,2003-04-23,A,50.97032388
23216,USGS,01351500,2003-04-24,A,46.156459958
23217,USGS,01351500,2003-04-25,A,40.776259104000005
23218,USGS,01351500,2003-04-26,A,61.164388656
23219,USGS,01351500,2003-04-27,A,120.063429584
23220,USGS,01351500,2003-04-28,A,70.508948034
23221,USGS,01351500,2003-04-29,A,54.651513938
23222,USGS,01351500,2003-04-30,A,46.156459958
23223,USGS,01351500,2003-05-01,A,41.342596036
23224,USGS,01351500,2003-05-02,A,130.823831292
23225,USGS,01351500,2003-05-03,A,187.457524492
23226,USGS,01351500,2003-05-04,A,104.205995488
23227,USGS,01351500,2003-05-05,A,77.588159684
23228,USGS,01351500,2003-05-06,A,70.22577956800001
23229,USGS,01351500,2003-05-07,A,59.182209394000004
23230,USGS,01351500,2003-05-08,A,50.120818482000004
23231,USGS,01351500,2003-05-09,A,46.439628424
23232,USGS,01351500,2003-05-10,A,40.209922172
23233,USGS,01351500,2003-05-11,A,36.81190058
23234,USGS,01351500,2003-05-12,A,94.86143611
23235,USGS,01351500,2003-05-13,A,86.36638213
23236,USGS,01351500,2003-05-14,A,61.730725588
23237,USGS,01351500,2003-05-15,A,51.819829278
23238,USGS,01351500,2003-05-16,A,44.174280696000004
23239,USGS,01351500,2003-05-17,A,38.22774291
23240,USGS,01351500,2003-05-18,A,33.98021592
23241,USGS,01351500,2003-05-19,A,28.883183532
23242,USGS,01351500,2003-05-20,A,27.892093901
23243,USGS,01351500,2003-05-21,A,25.9948651788
23244,USGS,01351500,2003-05-22,A,23.3047647518
23245,USGS,01351500,2003-05-23,A,23.078229979
23246,USGS,01351500,2003-05-24,A,20.7279317112
23247,USGS,01351500,2003-05-25,A,24.6922902352
23248,USGS,01351500,2003-05-26,A,32.281205124
23249,USGS,01351500,2003-05-27,A,48.421807686
23250,USGS,01351500,2003-05-28,A,48.704976152
23251,USGS,01351500,2003-05-29,A,41.342596036
23252,USGS,01351500,2003-05-30,A,36.528732114
23253,USGS,01351500,2003-05-31,A,32.56437359
23254,USGS,01351500,2003-06-01,A,173.01593272600002
23255,USGS,01351500,2003-06-02,A,207.845654044
23256,USGS,01351500,2003-06-03,A,108.453522478
23257,USGS,01351500,2003-06-04,A,78.154496616
23258,USGS,01351500,2003-06-05,A,62.297062520000004
23259,USGS,01351500,2003-06-06,A,56.916861666
23260,USGS,01351500,2003-06-07,A,42.758438366
23261,USGS,01351500,2003-06-08,A,43.891112230000005
23262,USGS,01351500,2003-06-09,A,36.81190058
23263,USGS,01351500,2003-06-10,A,35.962395182
23264,USGS,01351500,2003-06-11,A,33.413878988
23265,USGS,01351500,2003-06-12,A,35.962395182
23266,USGS,01351500,2003-06-13,A,33.413878988
23267,USGS,01351500,2003-06-14,A,44.740617628
23268,USGS,01351500,2003-06-15,A,44.740617628
23269,USGS,01351500,2003-06-16,A,32.847542056
23270,USGS,01351500,2003-06-17,A,29.449520464000003
23271,USGS,01351500,2003-06-18,A,25.48516194
23272,USGS,01351500,2003-06-19,A,25.315260860400002
23273,USGS,01351500,2003-06-20,A,23.3897152916
23274,USGS,01351500,2003-06-21,A,26.3063504914
23275,USGS,01351500,2003-06-22,A,57.766367064
23276,USGS,01351500,2003-06-23,A,77.588159684
23277,USGS,01351500,2003-06-24,A,52.38616621
23278,USGS,01351500,2003-06-25,A,37.944574444000004
23279,USGS,01351500,2003-06-26,A,30.299025862
23280,USGS,01351500,2003-06-27,A,25.0320923944
23281,USGS,01351500,2003-06-28,A,19.878426313200002
23282,USGS,01351500,2003-06-29,A,18.2926829036
23283,USGS,01351500,2003-06-30,A,15.6875330164
23284,USGS,01351500,2003-07-01,A,15.121196084400001
23285,USGS,01351500,2003-07-02,A,8.6083213664
23286,USGS,01351500,2003-07-03,A,7.4473306558
23287,USGS,01351500,2003-07-04,A,6.796043184
23288,USGS,01351500,2003-07-05,A,4.8704976152
23289,USGS,01351500,2003-07-06,A,4.0209922172
23290,USGS,01351500,2003-07-07,A,3.7378237512
23291,USGS,01351500,2003-07-08,A,4.105942757
23292,USGS,01351500,2003-07-09,A,3.8794079842
23293,USGS,01351500,2003-07-10,A,3.5112889784
23294,USGS,01351500,2003-07-11,A,5.6067356268
23295,USGS,01351500,2003-07-12,A,18.40595029
23296,USGS,01351500,2003-07-13,A,9.033074065400001
23297,USGS,01351500,2003-07-14,A,5.946537786
23298,USGS,01351500,2003-07-15,A,4.7572302288
23299,USGS,01351500,2003-07-16,A,4.105942757
23300,USGS,01351500,2003-07-17,A,3.6811900580000003
23301,USGS,01351500,2003-07-18,A,4.7855470754
23302,USGS,01351500,2003-07-19,A,3.539605825
23303,USGS,01351500,2003-07-20,A,3.0582194328
23304,USGS,01351500,2003-07-21,A,3.0299025862
23305,USGS,01351500,2003-07-22,A,6.6261421044
23306,USGS,01351500,2003-07-23,A,12.657630430200001
23307,USGS,01351500,2003-07-24,A,8.580004519800001
23308,USGS,01351500,2003-07-25,A,6.7110926442
23309,USGS,01351500,2003-07-26,A,5.097032388000001
23310,USGS,01351500,2003-07-27,A,4.0776259104
23311,USGS,01351500,2003-07-28,A,3.5112889784
23312,USGS,01351500,2003-07-29,A,3.0299025862
23313,USGS,01351500,2003-07-30,A,2.65045684176
23314,USGS,01351500,2003-07-31,A,2.38144679906
23315,USGS,01351500,2003-08-01,A,5.3235671608
23316,USGS,01351500,2003-08-02,A,30.015857396
23317,USGS,01351500,2003-08-03,A,20.0200105462
23318,USGS,01351500,2003-08-04,A,12.6293135836
23319,USGS,01351500,2003-08-05,A,11.1285207138
23320,USGS,01351500,2003-08-06,A,11.3833723332
23321,USGS,01351500,2003-08-07,A,12.0629766516
23322,USGS,01351500,2003-08-08,A,10.1091142362
23323,USGS,01351500,2003-08-09,A,7.3340632694000005
23324,USGS,01351500,2003-08-10,A,8.1552518208
23325,USGS,01351500,2003-08-11,A,12.402778810800001
23326,USGS,01351500,2003-08-12,A,75.03964349
23327,USGS,01351500,2003-08-13,A,64.845578714
23328,USGS,01351500,2003-08-14,A,45.590123026
23329,USGS,01351500,2003-08-15,A,32.281205124
23330,USGS,01351500,2003-08-16,A,23.078229979
23331,USGS,01351500,2003-08-17,A,22.370308814
23332,USGS,01351500,2003-08-18,A,20.954466484
23333,USGS,01351500,2003-08-19,A,16.2255531018
23334,USGS,01351500,2003-08-20,A,17.1033753464
23335,USGS,01351500,2003-08-21,A,13.761987447600001
23336,USGS,01351500,2003-08-22,A,12.5726798904
23337,USGS,01351500,2003-08-23,A,10.1091142362
23338,USGS,01351500,2003-08-24,A,8.8914898324
23339,USGS,01351500,2003-08-25,A,6.5411915646
23340,USGS,01351500,2003-08-26,A,6.5978252578
23341,USGS,01351500,2003-08-27,A,4.8704976152
23342,USGS,01351500,2003-08-28,A,4.0493090638
23343,USGS,01351500,2003-08-29,A,4.9837650016
23344,USGS,01351500,2003-08-30,A,3.0865362794
23345,USGS,01351500,2003-08-31,A,3.822774291
23346,USGS,01351500,2003-09-01,A,4.2758438366
23347,USGS,01351500,2003-09-02,A,13.875254834
23348,USGS,01351500,2003-09-03,A,62.013894054000005
23349,USGS,01351500,2003-09-04,A,84.66737133400001
23350,USGS,01351500,2003-09-05,A,98.259457702
23351,USGS,01351500,2003-09-06,A,50.97032388
23352,USGS,01351500,2003-09-07,A,35.962395182
23353,USGS,01351500,2003-09-08,A,26.1364494118
23354,USGS,01351500,2003-09-09,A,25.3718945536
23355,USGS,01351500,2003-09-10,A,19.538624154
23356,USGS,01351500,2003-09-11,A,16.99010796
23357,USGS,01351500,2003-09-12,A,13.733670601
23358,USGS,01351500,2003-09-13,A,9.769312077
23359,USGS,01351500,2003-09-14,A,8.8914898324
23360,USGS,01351500,2003-09-15,A,16.282186795
23361,USGS,01351500,2003-09-16,A,36.81190058
23362,USGS,01351500,2003-09-17,A,28.600015066
23363,USGS,01351500,2003-09-18,A,20.0200105462
23364,USGS,01351500,2003-09-19,A,19.9916936996
23365,USGS,01351500,2003-09-20,A,24.409121769200002
23366,USGS,01351500,2003-09-21,A,26.0231820254
23367,USGS,01351500,2003-09-22,A,19.113871455
23368,USGS,01351500,2003-09-23,A,35.962395182
23369,USGS,01351500,2003-09-24,A,120.629766516
23370,USGS,01351500,2003-09-25,A,52.952503142000005
23371,USGS,01351500,2003-09-26,A,39.077248308
23372,USGS,01351500,2003-09-27,A,27.523974895200002
23373,USGS,01351500,2003-09-28,A,171.600090396
23374,USGS,01351500,2003-09-29,A,185.192176764
23375,USGS,01351500,2003-09-30,A,93.44559378
23376,USGS,01351500,2003-10-01,A,65.411915646
23377,USGS,01351500,2003-10-02,A,50.97032388
23378,USGS,01351500,2003-10-03,A,43.041606832
23379,USGS,01351500,2003-10-04,A,30.865362794
23380,USGS,01351500,2003-10-05,A,36.528732114
23381,USGS,01351500,2003-10-06,A,34.263384386
23382,USGS,01351500,2003-10-07,A,33.98021592
23383,USGS,01351500,2003-10-08,A,27.750509668
23384,USGS,01351500,2003-10-09,A,26.1364494118
23385,USGS,01351500,2003-10-10,A,21.520803416
23386,USGS,01351500,2003-10-11,A,18.264366057
23387,USGS,01351500,2003-10-12,A,17.7546628182
23388,USGS,01351500,2003-10-13,A,14.8946613116
23389,USGS,01351500,2003-10-14,A,13.4788189816
23390,USGS,01351500,2003-10-15,A,25.7400135594
23391,USGS,01351500,2003-10-16,A,57.766367064
23392,USGS,01351500,2003-10-17,A,32.281205124
23393,USGS,01351500,2003-10-18,A,25.4002114002
23394,USGS,01351500,2003-10-19,A,23.0499131324
23395,USGS,01351500,2003-10-20,A,23.1065468256
23396,USGS,01351500,2003-10-21,A,24.352488076
23397,USGS,01351500,2003-10-22,A,22.596843586800002
23398,USGS,01351500,2003-10-23,A,25.343577707
23399,USGS,01351500,2003-10-24,A,21.181001256800002
23400,USGS,01351500,2003-10-25,A,19.397039921
23401,USGS,01351500,2003-10-26,A,17.7829796648
23402,USGS,01351500,2003-10-27,A,45.30695456
23403,USGS,01351500,2003-10-28,A,314.31699726
23404,USGS,01351500,2003-10-29,A,404.93090638
23405,USGS,01351500,2003-10-30,A,379.44574444
23406,USGS,01351500,2003-10-31,A,163.10503641600002
23407,USGS,01351500,2003-11-01,A,111.85154407
23408,USGS,01351500,2003-11-02,A,87.215887528
23409,USGS,01351500,2003-11-03,A,72.20795883
23410,USGS,01351500,2003-11-04,A,63.146567918
23411,USGS,01351500,2003-11-05,A,54.934682404
23412,USGS,01351500,2003-11-06,A,55.784187802
23413,USGS,01351500,2003-11-07,A,51.253492346
23414,USGS,01351500,2003-11-08,A,43.324775298
23415,USGS,01351500,2003-11-09,A,37.661405978
23416,USGS,01351500,2003-11-10,A,33.413878988
23417,USGS,01351500,2003-11-11,A,32.56437359
23418,USGS,01351500,2003-11-12,A,34.829721318000004
23419,USGS,01351500,2003-11-13,A,35.112889784000004
23420,USGS,01351500,2003-11-14,A,34.829721318000004
23421,USGS,01351500,2003-11-15,A,28.883183532
23422,USGS,01351500,2003-11-16,A,26.051498872
23423,USGS,01351500,2003-11-17,A,23.4180321382
23424,USGS,01351500,2003-11-18,A,28.600015066
23425,USGS,01351500,2003-11-19,A,32.847542056
23426,USGS,01351500,2003-11-20,A,368.1190058
23427,USGS,01351500,2003-11-21,A,265.045684176
23428,USGS,01351500,2003-11-22,A,129.974325894
23429,USGS,01351500,2003-11-23,A,94.295099178
23430,USGS,01351500,2003-11-24,A,77.304991218
23431,USGS,01351500,2003-11-25,A,95.144604576
23432,USGS,01351500,2003-11-26,A,78.154496616
23433,USGS,01351500,2003-11-27,A,63.429736384
23434,USGS,01351500,2003-11-28,A,60.314883258
23435,USGS,01351500,2003-11-29,A,167.91890033800001
23436,USGS,01351500,2003-11-30,A,133.08917902000002
23437,USGS,01351500,2003-12-01,A,93.162425314
23438,USGS,01351500,2003-12-02,A,76.738654286
23439,USGS,01351500,2003-12-03,A,58.332703996
23440,USGS,01351500,2003-12-04,A,52.669334676
23441,USGS,01351500,2003-12-05,A,48.704976152
23442,USGS,01351500,2003-12-06,A,44.457449162
23443,USGS,01351500,2003-12-07,A,43.891112230000005
23444,USGS,01351500,2003-12-08,A,39.360416774
23445,USGS,01351500,2003-12-09,A,40.493090638
23446,USGS,01351500,2003-12-10,A,37.378237512
23447,USGS,01351500,2003-12-11,A,148.380276184
23448,USGS,01351500,2003-12-12,A,455.90123026000003
23449,USGS,01351500,2003-12-13,A,163.10503641600002
23450,USGS,01351500,2003-12-14,A,100.52480543
23451,USGS,01351500,2003-12-15,A,85.800045198
23452,USGS,01351500,2003-12-16,A,78.437665082
23453,USGS,01351500,2003-12-17,A,75.322811956
23454,USGS,01351500,2003-12-18,A,133.938684418
23455,USGS,01351500,2003-12-19,A,97.409952304
23456,USGS,01351500,2003-12-20,A,77.588159684
23457,USGS,01351500,2003-12-21,A,61.164388656
23458,USGS,01351500,2003-12-22,A,55.501019336
23459,USGS,01351500,2003-12-23,A,56.067356268000005
23460,USGS,01351500,2003-12-24,A,206.429811714
23461,USGS,01351500,2003-12-25,A,475.72302288000003
23462,USGS,01351500,2003-12-26,A,275.239748952
23463,USGS,01351500,2003-12-27,A,170.46741653200002
23464,USGS,01351500,2003-12-28,A,102.506984692
23465,USGS,01351500,2003-12-29,A,85.23370826600001
23466,USGS,01351500,2003-12-30,A,84.384202868
23467,USGS,01351500,2003-12-31,A,85.800045198
23468,USGS,01351500,2004-01-01,A,70.7921165
23469,USGS,01351500,2004-01-02,A,60.88122019
23470,USGS,01351500,2004-01-03,A,67.394094908
23471,USGS,01351500,2004-01-04,A,112.70104946800001
23472,USGS,01351500,2004-01-05,A,96.560446906
23473,USGS,01351500,2004-01-06,A,79.570338946
23474,USGS,01351500,2004-01-07,A,56.067356268000005
23475,USGS,01351500,2004-01-08,A,46.156459958
23476,USGS,01351500,2004-01-09,A,42.192101434
23477,USGS,01351500,2004-01-10,A,36.528732114
23478,USGS,01351500,2004-01-11,A,31.431699726
23479,USGS,01351500,2004-01-12,A,41.059427570000004
23480,USGS,01351500,2004-01-13,A,49.837650016
23481,USGS,01351500,2004-01-14,A,40.209922172
23482,USGS,01351500,2004-01-15,A,32.56437359
23483,USGS,01351500,2004-01-16,A,30.582194328
23484,USGS,01351500,2004-01-17,A:e,25.48516194
23485,USGS,01351500,2004-01-18,A:e,22.65347728
23486,USGS,01351500,2004-01-19,A:e,19.82179262
23487,USGS,01351500,2004-01-20,A:e,20.954466484
23488,USGS,01351500,2004-01-21,A:e,19.82179262
23489,USGS,01351500,2004-01-22,A:e,18.122781824
23490,USGS,01351500,2004-01-23,A:e,17.556444892000002
23491,USGS,01351500,2004-01-24,A:e,15.291097164
23492,USGS,01351500,2004-01-25,A:e,12.459412504
23493,USGS,01351500,2004-01-26,A:e,10.477233242
23494,USGS,01351500,2004-01-27,A:e,9.91089631
23495,USGS,01351500,2004-01-28,A:e,11.32673864
23496,USGS,01351500,2004-01-29,A:e,13.308917902000001
23497,USGS,01351500,2004-01-30,A:e,11.32673864
23498,USGS,01351500,2004-01-31,A:e,9.91089631
23499,USGS,01351500,2004-02-01,A:e,8.49505398
23500,USGS,01351500,2004-02-02,A:e,7.07921165
23501,USGS,01351500,2004-02-03,A:e,6.512874718
23502,USGS,01351500,2004-02-04,A:e,6.512874718
23503,USGS,01351500,2004-02-05,A:e,6.796043184
23504,USGS,01351500,2004-02-06,A:e,7.07921165
23505,USGS,01351500,2004-02-07,A:e,7.645548582
23506,USGS,01351500,2004-02-08,A:e,6.796043184
23507,USGS,01351500,2004-02-09,A:e,6.512874718
23508,USGS,01351500,2004-02-10,A:e,7.362380116000001
23509,USGS,01351500,2004-02-11,A:e,7.928717048
23510,USGS,01351500,2004-02-12,A:e,7.362380116000001
23511,USGS,01351500,2004-02-13,A:e,6.512874718
23512,USGS,01351500,2004-02-14,A:e,5.946537786
23513,USGS,01351500,2004-02-15,A:e,5.380200854
23514,USGS,01351500,2004-02-16,A:e,5.66336932
23515,USGS,01351500,2004-02-17,A:e,5.946537786
23516,USGS,01351500,2004-02-18,A:e,5.946537786
23517,USGS,01351500,2004-02-19,A:e,5.946537786
23518,USGS,01351500,2004-02-20,A:e,6.796043184
23519,USGS,01351500,2004-02-21,A:e,8.49505398
23520,USGS,01351500,2004-02-22,A:e,7.362380116000001
23521,USGS,01351500,2004-02-23,A:e,6.796043184
23522,USGS,01351500,2004-02-24,A:e,6.229706252
23523,USGS,01351500,2004-02-25,A:e,5.66336932
23524,USGS,01351500,2004-02-26,A:e,5.380200854
23525,USGS,01351500,2004-02-27,A:e,5.380200854
23526,USGS,01351500,2004-02-28,A:e,5.66336932
23527,USGS,01351500,2004-02-29,A:e,6.229706252
23528,USGS,01351500,2004-03-01,A:e,7.362380116000001
23529,USGS,01351500,2004-03-02,A:e,19.82179262
23530,USGS,01351500,2004-03-03,A:e,48.13863922
23531,USGS,01351500,2004-03-04,A:e,84.9505398
23532,USGS,01351500,2004-03-05,A,137.053537544
23533,USGS,01351500,2004-03-06,A,238.427848372
23534,USGS,01351500,2004-03-07,A,207.562485578
23535,USGS,01351500,2004-03-08,A,124.310956574
23536,USGS,01351500,2004-03-09,A,95.144604576
23537,USGS,01351500,2004-03-10,A,74.473306558
23538,USGS,01351500,2004-03-11,A,69.093105704
23539,USGS,01351500,2004-03-12,A,68.526768772
23540,USGS,01351500,2004-03-13,A,57.200030132
23541,USGS,01351500,2004-03-14,A,44.740617628
23542,USGS,01351500,2004-03-15,A,45.873291492
23543,USGS,01351500,2004-03-16,A,43.891112230000005
23544,USGS,01351500,2004-03-17,A,38.794079842
23545,USGS,01351500,2004-03-18,A,38.794079842
23546,USGS,01351500,2004-03-19,A,33.413878988
23547,USGS,01351500,2004-03-20,A,31.714868192
23548,USGS,01351500,2004-03-21,A,55.21785087
23549,USGS,01351500,2004-03-22,A,50.120818482000004
23550,USGS,01351500,2004-03-23,A,36.81190058
23551,USGS,01351500,2004-03-24,A,41.059427570000004
23552,USGS,01351500,2004-03-25,A,65.695084112
23553,USGS,01351500,2004-03-26,A,88.914898324
23554,USGS,01351500,2004-03-27,A,134.22185288400001
23555,USGS,01351500,2004-03-28,A,124.59412504000001
23556,USGS,01351500,2004-03-29,A,104.489163954
23557,USGS,01351500,2004-03-30,A,78.154496616
23558,USGS,01351500,2004-03-31,A,72.20795883
23559,USGS,01351500,2004-04-01,A,112.984217934
23560,USGS,01351500,2004-04-02,A,348.29721318
23561,USGS,01351500,2004-04-03,A,173.865438124
23562,USGS,01351500,2004-04-04,A,114.966397196
23563,USGS,01351500,2004-04-05,A,89.19806679
23564,USGS,01351500,2004-04-06,A,69.942611102
23565,USGS,01351500,2004-04-07,A,59.748546326
23566,USGS,01351500,2004-04-08,A,54.368345472
23567,USGS,01351500,2004-04-09,A,48.704976152
23568,USGS,01351500,2004-04-10,A,43.324775298
23569,USGS,01351500,2004-04-11,A,37.944574444000004
23570,USGS,01351500,2004-04-12,A,34.263384386
23571,USGS,01351500,2004-04-13,A,59.465377860000004
23572,USGS,01351500,2004-04-14,A,89.764403722
23573,USGS,01351500,2004-04-15,A,80.419844344
23574,USGS,01351500,2004-04-16,A,58.899040928000005
23575,USGS,01351500,2004-04-17,A,49.55448155
23576,USGS,01351500,2004-04-18,A,45.590123026
23577,USGS,01351500,2004-04-19,A,49.271313084
23578,USGS,01351500,2004-04-20,A,48.421807686
23579,USGS,01351500,2004-04-21,A,44.457449162
23580,USGS,01351500,2004-04-22,A,39.360416774
23581,USGS,01351500,2004-04-23,A,37.661405978
23582,USGS,01351500,2004-04-24,A,53.235671608000004
23583,USGS,01351500,2004-04-25,A,43.607943764
23584,USGS,01351500,2004-04-26,A,79.853507412
23585,USGS,01351500,2004-04-27,A,96.27727844
23586,USGS,01351500,2004-04-28,A,68.526768772
23587,USGS,01351500,2004-04-29,A,56.067356268000005
23588,USGS,01351500,2004-04-30,A,47.855470754
23589,USGS,01351500,2004-05-01,A,43.041606832
23590,USGS,01351500,2004-05-02,A,41.625764502
23591,USGS,01351500,2004-05-03,A,58.04953553
23592,USGS,01351500,2004-05-04,A,55.21785087
23593,USGS,01351500,2004-05-05,A,47.005965356000004
23594,USGS,01351500,2004-05-06,A,46.439628424
23595,USGS,01351500,2004-05-07,A,42.4752699
23596,USGS,01351500,2004-05-08,A,35.39605825
23597,USGS,01351500,2004-05-09,A,32.847542056
23598,USGS,01351500,2004-05-10,A,33.413878988
23599,USGS,01351500,2004-05-11,A,33.98021592
23600,USGS,01351500,2004-05-12,A,30.582194328
23601,USGS,01351500,2004-05-13,A,28.2318960602
23602,USGS,01351500,2004-05-14,A,31.714868192
23603,USGS,01351500,2004-05-15,A,28.600015066
23604,USGS,01351500,2004-05-16,A,31.148531260000002
23605,USGS,01351500,2004-05-17,A,26.90100427
23606,USGS,01351500,2004-05-18,A,24.3808049226
23607,USGS,01351500,2004-05-19,A,23.8711016838
23608,USGS,01351500,2004-05-20,A,23.3047647518
23609,USGS,01351500,2004-05-21,A,20.529713785000002
23610,USGS,01351500,2004-05-22,A,19.0289209152
23611,USGS,01351500,2004-05-23,A,24.4657554624
23612,USGS,01351500,2004-05-24,A,43.891112230000005
23613,USGS,01351500,2004-05-25,A,86.932719062
23614,USGS,01351500,2004-05-26,A,82.11885514000001
23615,USGS,01351500,2004-05-27,A,158.857509426
23616,USGS,01351500,2004-05-28,A,108.170354012
23617,USGS,01351500,2004-05-29,A,76.45548582
23618,USGS,01351500,2004-05-30,A,54.368345472
23619,USGS,01351500,2004-05-31,A,42.758438366
23620,USGS,01351500,2004-06-01,A,52.102997744
23621,USGS,01351500,2004-06-02,A,61.730725588
23622,USGS,01351500,2004-06-03,A,55.501019336
23623,USGS,01351500,2004-06-04,A,45.590123026
23624,USGS,01351500,2004-06-05,A,29.166351998
23625,USGS,01351500,2004-06-06,A,21.096050717
23626,USGS,01351500,2004-06-07,A,19.7651589268
23627,USGS,01351500,2004-06-08,A,23.9560522236
23628,USGS,01351500,2004-06-09,A,23.6162500644
23629,USGS,01351500,2004-06-10,A,30.299025862
23630,USGS,01351500,2004-06-11,A,24.2958543828
23631,USGS,01351500,2004-06-12,A,14.6964433854
23632,USGS,01351500,2004-06-13,A,11.6948576458
23633,USGS,01351500,2004-06-14,A,9.91089631
23634,USGS,01351500,2004-06-15,A,8.4667371334
23635,USGS,01351500,2004-06-16,A,7.3906969626
23636,USGS,01351500,2004-06-17,A,6.6261421044
23637,USGS,01351500,2004-06-18,A,6.5978252578
23638,USGS,01351500,2004-06-19,A,6.5695084112
23639,USGS,01351500,2004-06-20,A,5.66336932
23640,USGS,01351500,2004-06-21,A,4.8421807686000005
23641,USGS,01351500,2004-06-22,A,4.4174280696
23642,USGS,01351500,2004-06-23,A,3.9926753706
23643,USGS,01351500,2004-06-24,A,3.7095069046
23644,USGS,01351500,2004-06-25,A,3.3413878988
23645,USGS,01351500,2004-06-26,A,3.3130710522
23646,USGS,01351500,2004-06-27,A,4.105942757
23647,USGS,01351500,2004-06-28,A,3.8510911376
23648,USGS,01351500,2004-06-29,A,3.6245563648
23649,USGS,01351500,2004-06-30,A,4.3324775298
23650,USGS,01351500,2004-07-01,A,6.4279241782000005
23651,USGS,01351500,2004-07-02,A,5.7766367064
23652,USGS,01351500,2004-07-03,A,3.539605825
23653,USGS,01351500,2004-07-04,A,2.9449520464
23654,USGS,01351500,2004-07-05,A,2.59948651788
23655,USGS,01351500,2004-07-06,A,2.40126859168
23656,USGS,01351500,2004-07-07,A,2.6617835804
23657,USGS,01351500,2004-07-08,A,3.0582194328
23658,USGS,01351500,2004-07-09,A,3.7378237512
23659,USGS,01351500,2004-07-10,A,3.822774291
23660,USGS,01351500,2004-07-11,A,3.6528732114
23661,USGS,01351500,2004-07-12,A,2.7297440122400003
23662,USGS,01351500,2004-07-13,A,2.406931961
23663,USGS,01351500,2004-07-14,A,2.47206070818
23664,USGS,01351500,2004-07-15,A,3.9077248308000003
23665,USGS,01351500,2004-07-16,A,6.371290485
23666,USGS,01351500,2004-07-17,A,4.9271313084
23667,USGS,01351500,2004-07-18,A,4.1908932968000006
23668,USGS,01351500,2004-07-19,A,4.7005965356
23669,USGS,01351500,2004-07-20,A,9.8259457702
23670,USGS,01351500,2004-07-21,A,11.7798081856
23671,USGS,01351500,2004-07-22,A,7.1075284966000005
23672,USGS,01351500,2004-07-23,A,5.7200030132
23673,USGS,01351500,2004-07-24,A,8.6083213664
23674,USGS,01351500,2004-07-25,A,6.8243600306
23675,USGS,01351500,2004-07-26,A,4.8704976152
23676,USGS,01351500,2004-07-27,A,24.918825008
23677,USGS,01351500,2004-07-28,A,138.186211408
23678,USGS,01351500,2004-07-29,A,97.69312077000001
23679,USGS,01351500,2004-07-30,A,40.493090638
23680,USGS,01351500,2004-07-31,A,24.5223891556
23681,USGS,01351500,2004-08-01,A,19.538624154
23682,USGS,01351500,2004-08-02,A,15.6592161698
23683,USGS,01351500,2004-08-03,A,12.7142641234
23684,USGS,01351500,2004-08-04,A,11.2417881002
23685,USGS,01351500,2004-08-05,A,10.1091142362
23686,USGS,01351500,2004-08-06,A,9.769312077
23687,USGS,01351500,2004-08-07,A,7.815449661600001
23688,USGS,01351500,2004-08-08,A,7.362380116000001
23689,USGS,01351500,2004-08-09,A,6.7677263374
23690,USGS,01351500,2004-08-10,A,5.66336932
23691,USGS,01351500,2004-08-11,A,4.8988144618
23692,USGS,01351500,2004-08-12,A,7.5322811956
23693,USGS,01351500,2004-08-13,A,53.235671608000004
23694,USGS,01351500,2004-08-14,A,44.174280696000004
23695,USGS,01351500,2004-08-15,A,38.510911376
23696,USGS,01351500,2004-08-16,A,104.205995488
23697,USGS,01351500,2004-08-17,A,129.691157428
23698,USGS,01351500,2004-08-18,A,72.77429576200001
23699,USGS,01351500,2004-08-19,A,51.536660812
23700,USGS,01351500,2004-08-20,A,45.023786094
23701,USGS,01351500,2004-08-21,A,103.073321624
23702,USGS,01351500,2004-08-22,A,111.568375604
23703,USGS,01351500,2004-08-23,A,62.297062520000004
23704,USGS,01351500,2004-08-24,A,47.005965356000004
23705,USGS,01351500,2004-08-25,A,37.378237512
23706,USGS,01351500,2004-08-26,A,28.3168466
23707,USGS,01351500,2004-08-27,A,22.511893047
23708,USGS,01351500,2004-08-28,A,18.830702989
23709,USGS,01351500,2004-08-29,A,16.565355261
23710,USGS,01351500,2004-08-30,A,14.3849580728
23711,USGS,01351500,2004-08-31,A,13.3938684418
23712,USGS,01351500,2004-09-01,A,13.167333669
23713,USGS,01351500,2004-09-02,A,12.9691157428
23714,USGS,01351500,2004-09-03,A,10.4205995488
23715,USGS,01351500,2004-09-04,A,7.4473306558
23716,USGS,01351500,2004-09-05,A,6.2863399452
23717,USGS,01351500,2004-09-06,A,5.550101933600001
23718,USGS,01351500,2004-09-07,A,5.097032388000001
23719,USGS,01351500,2004-09-08,A,4.813863922
23720,USGS,01351500,2004-09-09,A,9.627727844
23721,USGS,01351500,2004-09-10,A,73.906969626
23722,USGS,01351500,2004-09-11,A,47.289133822000004
23723,USGS,01351500,2004-09-12,A,27.9770444408
23724,USGS,01351500,2004-09-13,A,21.1526844102
23725,USGS,01351500,2004-09-14,A,18.0944649774
23726,USGS,01351500,2004-09-15,A,15.319414010600001
23727,USGS,01351500,2004-09-16,A,13.875254834
23728,USGS,01351500,2004-09-17,A,12.176244038
23729,USGS,01351500,2004-09-18,A,450.23786094
23730,USGS,01351500,2004-09-19,A,492.71313084
23731,USGS,01351500,2004-09-20,A,206.71298018000002
23732,USGS,01351500,2004-09-21,A,122.611945778
23733,USGS,01351500,2004-09-22,A,67.96043184
23734,USGS,01351500,2004-09-23,A,50.97032388
23735,USGS,01351500,2004-09-24,A,41.342596036
23736,USGS,01351500,2004-09-25,A,32.56437359
23737,USGS,01351500,2004-09-26,A,32.847542056
23738,USGS,01351500,2004-09-27,A,27.7221928214
23739,USGS,01351500,2004-09-28,A,29.732688930000002
23740,USGS,01351500,2004-09-29,A,115.81590259400001
23741,USGS,01351500,2004-09-30,A,78.154496616
23742,USGS,01351500,2004-10-01,A,67.11092644200001
23743,USGS,01351500,2004-10-02,A,45.590123026
23744,USGS,01351500,2004-10-03,A,39.64358524
23745,USGS,01351500,2004-10-04,A,39.360416774
23746,USGS,01351500,2004-10-05,A,35.112889784000004
23747,USGS,01351500,2004-10-06,A,30.582194328
23748,USGS,01351500,2004-10-07,A,27.920410747600002
23749,USGS,01351500,2004-10-08,A,23.644566911000002
23750,USGS,01351500,2004-10-09,A,19.113871455
23751,USGS,01351500,2004-10-10,A,16.1972362552
23752,USGS,01351500,2004-10-11,A,14.300007533
23753,USGS,01351500,2004-10-12,A,12.1196103448
23754,USGS,01351500,2004-10-13,A,12.6293135836
23755,USGS,01351500,2004-10-14,A,13.3372347486
23756,USGS,01351500,2004-10-15,A,12.600996737000001
23757,USGS,01351500,2004-10-16,A,13.4788189816
23758,USGS,01351500,2004-10-17,A,20.3598127054
23759,USGS,01351500,2004-10-18,A,17.7263459716
23760,USGS,01351500,2004-10-19,A,20.4730800918
23761,USGS,01351500,2004-10-20,A,52.669334676
23762,USGS,01351500,2004-10-21,A,41.625764502
23763,USGS,01351500,2004-10-22,A,38.510911376
23764,USGS,01351500,2004-10-23,A,33.130710522
23765,USGS,01351500,2004-10-24,A,27.1558558894
23766,USGS,01351500,2004-10-25,A,24.494072309
23767,USGS,01351500,2004-10-26,A,22.087140348000002
23768,USGS,01351500,2004-10-27,A,20.133277932600002
23769,USGS,01351500,2004-10-28,A,18.2360492104
23770,USGS,01351500,2004-10-29,A,18.0944649774
23771,USGS,01351500,2004-10-30,A,16.848523727
23772,USGS,01351500,2004-10-31,A,15.772483556200001
23773,USGS,01351500,2004-11-01,A,17.0184248066
23774,USGS,01351500,2004-11-02,A,14.441591766
23775,USGS,01351500,2004-11-03,A,14.6964433854
23776,USGS,01351500,2004-11-04,A,15.772483556200001
23777,USGS,01351500,2004-11-05,A,23.9560522236
23778,USGS,01351500,2004-11-06,A,30.299025862
23779,USGS,01351500,2004-11-07,A,24.635656542
23780,USGS,01351500,2004-11-08,A,20.104961086
23781,USGS,01351500,2004-11-09,A,15.857434096
23782,USGS,01351500,2004-11-10,A,15.0362455446
23783,USGS,01351500,2004-11-11,A,14.016839067000001
23784,USGS,01351500,2004-11-12,A,13.3372347486
23785,USGS,01351500,2004-11-13,A,12.7142641234
23786,USGS,01351500,2004-11-14,A,12.0629766516
23787,USGS,01351500,2004-11-15,A,11.496639719600001
23788,USGS,01351500,2004-11-16,A,11.1568375604
23789,USGS,01351500,2004-11-17,A,10.8736690944
23790,USGS,01351500,2004-11-18,A,10.3073321624
23791,USGS,01351500,2004-11-19,A,9.8542626168
23792,USGS,01351500,2004-11-20,A,9.4295099178
23793,USGS,01351500,2004-11-21,A,9.8825794634
23794,USGS,01351500,2004-11-22,A,11.0718870206
23795,USGS,01351500,2004-11-23,A,10.6754511682
23796,USGS,01351500,2004-11-24,A,9.8825794634
23797,USGS,01351500,2004-11-25,A,14.1584233
23798,USGS,01351500,2004-11-26,A,28.3168466
23799,USGS,01351500,2004-11-27,A,29.166351998
23800,USGS,01351500,2004-11-28,A,42.192101434
23801,USGS,01351500,2004-11-29,A,208.695159442
23802,USGS,01351500,2004-11-30,A,94.86143611
23803,USGS,01351500,2004-12-01,A,130.54066282600002
23804,USGS,01351500,2004-12-02,A,159.140677892
23805,USGS,01351500,2004-12-03,A,92.879256848
23806,USGS,01351500,2004-12-04,A,70.508948034
23807,USGS,01351500,2004-12-05,A,57.200030132
23808,USGS,01351500,2004-12-06,A,49.837650016
23809,USGS,01351500,2004-12-07,A,47.005965356000004
23810,USGS,01351500,2004-12-08,A,74.756475024
23811,USGS,01351500,2004-12-09,A,63.996073316
23812,USGS,01351500,2004-12-10,A,103.639658556
23813,USGS,01351500,2004-12-11,A,314.31699726
23814,USGS,01351500,2004-12-12,A,165.370384144
23815,USGS,01351500,2004-12-13,A,109.01985941000001
23816,USGS,01351500,2004-12-14,A,88.065392926
23817,USGS,01351500,2004-12-15,A,64.845578714
23818,USGS,01351500,2004-12-16,A,52.669334676
23819,USGS,01351500,2004-12-17,A,43.041606832
23820,USGS,01351500,2004-12-18,A,40.209922172
23821,USGS,01351500,2004-12-19,A,36.245563648
23822,USGS,01351500,2004-12-20,A,31.431699726
23823,USGS,01351500,2004-12-21,A,23.078229979
23824,USGS,01351500,2004-12-22,A,26.9293211166
23825,USGS,01351500,2004-12-23,A,44.174280696000004
23826,USGS,01351500,2004-12-24,A,226.81794126600002
23827,USGS,01351500,2004-12-25,A,91.46341451800001
23828,USGS,01351500,2004-12-26,A,53.235671608000004
23829,USGS,01351500,2004-12-27,A,43.607943764
23830,USGS,01351500,2004-12-28,A,35.39605825
23831,USGS,01351500,2004-12-29,A,41.342596036
23832,USGS,01351500,2004-12-30,A,41.625764502
23833,USGS,01351500,2004-12-31,A,35.112889784000004
23834,USGS,01351500,2005-01-01,A,43.891112230000005
23835,USGS,01351500,2005-01-02,A,39.64358524
23836,USGS,01351500,2005-01-03,A,35.962395182
23837,USGS,01351500,2005-01-04,A,72.491127296
23838,USGS,01351500,2005-01-05,A,68.243600306
23839,USGS,01351500,2005-01-06,A,50.97032388
23840,USGS,01351500,2005-01-07,A,47.005965356000004
23841,USGS,01351500,2005-01-08,A,42.192101434
23842,USGS,01351500,2005-01-09,A,40.776259104000005
23843,USGS,01351500,2005-01-10,A,38.22774291
23844,USGS,01351500,2005-01-11,A,35.679226716
23845,USGS,01351500,2005-01-12,A,37.378237512
23846,USGS,01351500,2005-01-13,A,83.817865936
23847,USGS,01351500,2005-01-14,A,518.19829278
23848,USGS,01351500,2005-01-15,A,328.47542056000003
23849,USGS,01351500,2005-01-16,A,144.132749194
23850,USGS,01351500,2005-01-17,A,104.205995488
23851,USGS,01351500,2005-01-18,A,62.863399452
23852,USGS,01351500,2005-01-19,A:e,48.13863922
23853,USGS,01351500,2005-01-20,A:e,50.97032388
23854,USGS,01351500,2005-01-21,A:e,36.81190058
23855,USGS,01351500,2005-01-22,A:e,31.148531260000002
23856,USGS,01351500,2005-01-23,A:e,33.98021592
23857,USGS,01351500,2005-01-24,A:e,33.98021592
23858,USGS,01351500,2005-01-25,A:e,31.148531260000002
23859,USGS,01351500,2005-01-26,A:e,31.148531260000002
23860,USGS,01351500,2005-01-27,A:e,28.3168466
23861,USGS,01351500,2005-01-28,A:e,26.90100427
23862,USGS,01351500,2005-01-29,A:e,25.48516194
23863,USGS,01351500,2005-01-30,A:e,27.750509668
23864,USGS,01351500,2005-01-31,A,31.714868192
23865,USGS,01351500,2005-02-01,A,24.8621913148
23866,USGS,01351500,2005-02-02,A,24.8905081614
23867,USGS,01351500,2005-02-03,A,26.108132565200002
23868,USGS,01351500,2005-02-04,A,22.9649625926
23869,USGS,01351500,2005-02-05,A,22.0305066548
23870,USGS,01351500,2005-02-06,A,20.388129552000002
23871,USGS,01351500,2005-02-07,A,20.0766442394
23872,USGS,01351500,2005-02-08,A,18.972287222000002
23873,USGS,01351500,2005-02-09,A,22.2853582742
23874,USGS,01351500,2005-02-10,A,74.756475024
23875,USGS,01351500,2005-02-11,A,79.570338946
23876,USGS,01351500,2005-02-12,A,54.934682404
23877,USGS,01351500,2005-02-13,A,43.041606832
23878,USGS,01351500,2005-02-14,A,36.81190058
23879,USGS,01351500,2005-02-15,A,41.625764502
23880,USGS,01351500,2005-02-16,A,103.35649009000001
23881,USGS,01351500,2005-02-17,A,128.558483564
23882,USGS,01351500,2005-02-18,A,72.20795883
23883,USGS,01351500,2005-02-19,A,43.891112230000005
23884,USGS,01351500,2005-02-20,A,37.378237512
23885,USGS,01351500,2005-02-21,A,34.546552852
23886,USGS,01351500,2005-02-22,A,32.281205124
23887,USGS,01351500,2005-02-23,A,30.299025862
23888,USGS,01351500,2005-02-24,A,26.4196178778
23889,USGS,01351500,2005-02-25,A,24.777240775
23890,USGS,01351500,2005-02-26,A,21.803971882
23891,USGS,01351500,2005-02-27,A,22.4835762004
23892,USGS,01351500,2005-02-28,A,20.133277932600002
23893,USGS,01351500,2005-03-01,A,19.0572377618
23894,USGS,01351500,2005-03-02,A,21.2093181034
23895,USGS,01351500,2005-03-03,A:e,15.574265630000001
23896,USGS,01351500,2005-03-04,A:e,14.724760232000001
23897,USGS,01351500,2005-03-05,A:e,14.724760232000001
23898,USGS,01351500,2005-03-06,A:e,14.1584233
23899,USGS,01351500,2005-03-07,A,14.1867401466
23900,USGS,01351500,2005-03-08,A,39.64358524
23901,USGS,01351500,2005-03-09,A,46.439628424
23902,USGS,01351500,2005-03-10,A,29.449520464000003
23903,USGS,01351500,2005-03-11,A,25.0037755478
23904,USGS,01351500,2005-03-12,A,20.4447632452
23905,USGS,01351500,2005-03-13,A,22.341991967400002
23906,USGS,01351500,2005-03-14,A,20.8411990976
23907,USGS,01351500,2005-03-15,A,18.5192176764
23908,USGS,01351500,2005-03-16,A,17.7263459716
23909,USGS,01351500,2005-03-17,A,15.829117249400001
23910,USGS,01351500,2005-03-18,A,16.650305800800002
23911,USGS,01351500,2005-03-19,A,18.1794155172
23912,USGS,01351500,2005-03-20,A,19.0855546084
23913,USGS,01351500,2005-03-21,A,18.689118756
23914,USGS,01351500,2005-03-22,A,28.0053612874
23915,USGS,01351500,2005-03-23,A,32.281205124
23916,USGS,01351500,2005-03-24,A,26.3063504914
23917,USGS,01351500,2005-03-25,A,24.4657554624
23918,USGS,01351500,2005-03-26,A,23.3330815984
23919,USGS,01351500,2005-03-27,A,26.0231820254
23920,USGS,01351500,2005-03-28,A,266.17835804000003
23921,USGS,01351500,2005-03-29,A,577.66367064
23922,USGS,01351500,2005-03-30,A,416.25764502
23923,USGS,01351500,2005-03-31,A,268.726874234
23924,USGS,01351500,2005-04-01,A,252.303103206
23925,USGS,01351500,2005-04-02,A:e,396.4358524
23926,USGS,01351500,2005-04-03,A,1101.52533274
23927,USGS,01351500,2005-04-04,A,421.92101434
23928,USGS,01351500,2005-04-05,A,266.744694972
23929,USGS,01351500,2005-04-06,A,162.82186795
23930,USGS,01351500,2005-04-07,A,129.974325894
23931,USGS,01351500,2005-04-08,A,112.417881002
23932,USGS,01351500,2005-04-09,A,97.69312077000001
23933,USGS,01351500,2005-04-10,A,74.756475024
23934,USGS,01351500,2005-04-11,A,59.465377860000004
23935,USGS,01351500,2005-04-12,A,55.501019336
23936,USGS,01351500,2005-04-13,A,47.289133822000004
23937,USGS,01351500,2005-04-14,A,41.908932968
23938,USGS,01351500,2005-04-15,A,40.493090638
23939,USGS,01351500,2005-04-16,A,34.829721318000004
23940,USGS,01351500,2005-04-17,A,27.4390243554
23941,USGS,01351500,2005-04-18,A,30.015857396
23942,USGS,01351500,2005-04-19,A,29.732688930000002
23943,USGS,01351500,2005-04-20,A,24.154270149800002
23944,USGS,01351500,2005-04-21,A,27.6655591282
23945,USGS,01351500,2005-04-22,A,26.3913010312
23946,USGS,01351500,2005-04-23,A,33.413878988
23947,USGS,01351500,2005-04-24,A,78.720833548
23948,USGS,01351500,2005-04-25,A,117.51491339
23949,USGS,01351500,2005-04-26,A,62.863399452
23950,USGS,01351500,2005-04-27,A,45.873291492
23951,USGS,01351500,2005-04-28,A,64.562410248
23952,USGS,01351500,2005-04-29,A,55.784187802
23953,USGS,01351500,2005-04-30,A,45.30695456
23954,USGS,01351500,2005-05-01,A,42.758438366
23955,USGS,01351500,2005-05-02,A,39.926753706
23956,USGS,01351500,2005-05-03,A,36.528732114
23957,USGS,01351500,2005-05-04,A,34.263384386
23958,USGS,01351500,2005-05-05,A,28.1469455204
23959,USGS,01351500,2005-05-06,A,27.9487275942
23960,USGS,01351500,2005-05-07,A,25.824964099200002
23961,USGS,01351500,2005-05-08,A,23.644566911000002
23962,USGS,01351500,2005-05-09,A,21.7473381888
23963,USGS,01351500,2005-05-10,A,18.066148130800002
23964,USGS,01351500,2005-05-11,A,16.650305800800002
23965,USGS,01351500,2005-05-12,A,10.9586196342
23966,USGS,01351500,2005-05-13,A,8.4667371334
23967,USGS,01351500,2005-05-14,A,7.4473306558
23968,USGS,01351500,2005-05-15,A,8.126934974200001
23969,USGS,01351500,2005-05-16,A,10.4489163954
23970,USGS,01351500,2005-05-17,A,8.7499055994
23971,USGS,01351500,2005-05-18,A,7.362380116000001
23972,USGS,01351500,2005-05-19,A,7.0225779568
23973,USGS,01351500,2005-05-20,A,6.5695084112
23974,USGS,01351500,2005-05-21,A,6.1730725588
23975,USGS,01351500,2005-05-22,A,6.2013894054000005
23976,USGS,01351500,2005-05-23,A,7.2491127296
23977,USGS,01351500,2005-05-24,A,10.760401708
23978,USGS,01351500,2005-05-25,A,17.3582269658
23979,USGS,01351500,2005-05-26,A,19.963376853
23980,USGS,01351500,2005-05-27,A,15.574265630000001
23981,USGS,01351500,2005-05-28,A,12.4877293506
23982,USGS,01351500,2005-05-29,A,11.7798081856
23983,USGS,01351500,2005-05-30,A,25.8532809458
23984,USGS,01351500,2005-05-31,A,19.227138841400002
23985,USGS,01351500,2005-06-01,A,15.291097164
23986,USGS,01351500,2005-06-02,A,11.3550554866
23987,USGS,01351500,2005-06-03,A,9.202975145
23988,USGS,01351500,2005-06-04,A,6.8526768772
23989,USGS,01351500,2005-06-05,A,5.946537786
23990,USGS,01351500,2005-06-06,A,5.1536660812
23991,USGS,01351500,2005-06-07,A,4.8704976152
23992,USGS,01351500,2005-06-08,A,4.955448155
23993,USGS,01351500,2005-06-09,A,4.4740617628
23994,USGS,01351500,2005-06-10,A,4.0493090638
23995,USGS,01351500,2005-06-11,A,3.6528732114
23996,USGS,01351500,2005-06-12,A,3.4263384386
23997,USGS,01351500,2005-06-13,A,3.2847542056
23998,USGS,01351500,2005-06-14,A,3.2847542056
23999,USGS,01351500,2005-06-15,A,3.398021592
24000,USGS,01351500,2005-06-16,A,3.5112889784
24001,USGS,01351500,2005-06-17,A,4.7855470754
24002,USGS,01351500,2005-06-18,A,6.088122019
24003,USGS,01351500,2005-06-19,A,4.7005965356
24004,USGS,01351500,2005-06-20,A,4.105942757
24005,USGS,01351500,2005-06-21,A,3.5679226716
24006,USGS,01351500,2005-06-22,A,3.114853126
24007,USGS,01351500,2005-06-23,A,2.8883183532
24008,USGS,01351500,2005-06-24,A,2.57966472526
24009,USGS,01351500,2005-06-25,A,2.21720908878
24010,USGS,01351500,2005-06-26,A,2.04164463986
24011,USGS,01351500,2005-06-27,A,1.84342671366
24012,USGS,01351500,2005-06-28,A,1.62538699484
24013,USGS,01351500,2005-06-29,A,1.5914067789200002
24014,USGS,01351500,2005-06-30,A,10.9586196342
24015,USGS,01351500,2005-07-01,A,11.2417881002
24016,USGS,01351500,2005-07-02,A,6.7110926442
24017,USGS,01351500,2005-07-03,A,5.0403986948
24018,USGS,01351500,2005-07-04,A,3.8510911376
24019,USGS,01351500,2005-07-05,A,3.5112889784
24020,USGS,01351500,2005-07-06,A,3.6528732114
24021,USGS,01351500,2005-07-07,A,3.2281205124000003
24022,USGS,01351500,2005-07-08,A,3.6245563648
24023,USGS,01351500,2005-07-09,A,6.3429736384
24024,USGS,01351500,2005-07-10,A,7.3057464228
24025,USGS,01351500,2005-07-11,A,7.8437665082
24026,USGS,01351500,2005-07-12,A,5.0120818482
24027,USGS,01351500,2005-07-13,A,3.9926753706
24028,USGS,01351500,2005-07-14,A,3.964358524
24029,USGS,01351500,2005-07-15,A,11.9213924186
24030,USGS,01351500,2005-07-16,A,8.580004519800001
24031,USGS,01351500,2005-07-17,A,6.6544589510000005
24032,USGS,01351500,2005-07-18,A,5.4934682404
24033,USGS,01351500,2005-07-19,A,4.5023786094
24034,USGS,01351500,2005-07-20,A,3.7095069046
24035,USGS,01351500,2005-07-21,A,2.973268893
24036,USGS,01351500,2005-07-22,A,2.48055576216
24037,USGS,01351500,2005-07-23,A,2.3786151144
24038,USGS,01351500,2005-07-24,A,3.3413878988
24039,USGS,01351500,2005-07-25,A,2.5909914639
24040,USGS,01351500,2005-07-26,A,2.15774371092
24041,USGS,01351500,2005-07-27,A,1.97368420802
24042,USGS,01351500,2005-07-28,A,1.67635731872
24043,USGS,01351500,2005-07-29,A,1.46681265388
24044,USGS,01351500,2005-07-30,A,1.38469379874
24045,USGS,01351500,2005-07-31,A,1.48380276184
24046,USGS,01351500,2005-08-01,A,1.58008004028
24047,USGS,01351500,2005-08-02,A,1.41584233
24048,USGS,01351500,2005-08-03,A,1.3592086368
24049,USGS,01351500,2005-08-04,A,1.1751491339
24050,USGS,01351500,2005-08-05,A,1.0760401708
24051,USGS,01351500,2005-08-06,A,0.99958468498
24052,USGS,01351500,2005-08-07,A,0.9118024605200001
24053,USGS,01351500,2005-08-08,A,0.86932719062
24054,USGS,01351500,2005-08-09,A,0.87215887528
24055,USGS,01351500,2005-08-10,A,0.9344559378
24056,USGS,01351500,2005-08-11,A,1.0250698469200001
24057,USGS,01351500,2005-08-12,A,0.9061390912
24058,USGS,01351500,2005-08-13,A,0.89764403722
24059,USGS,01351500,2005-08-14,A,0.8353469747
24060,USGS,01351500,2005-08-15,A,0.86083213664
24061,USGS,01351500,2005-08-16,A,1.11002038672
24062,USGS,01351500,2005-08-17,A,1.2600996737
24063,USGS,01351500,2005-08-18,A,1.12417881002
24064,USGS,01351500,2005-08-19,A,1.01091142362
24065,USGS,01351500,2005-08-20,A,0.89481235256
24066,USGS,01351500,2005-08-21,A,1.0562183781799999
24067,USGS,01351500,2005-08-22,A,1.01091142362
24068,USGS,01351500,2005-08-23,A,1.0052480543
24069,USGS,01351500,2005-08-24,A,0.99958468498
24070,USGS,01351500,2005-08-25,A,0.84384202868
24071,USGS,01351500,2005-08-26,A,0.76172317354
24072,USGS,01351500,2005-08-27,A,0.707921165
24073,USGS,01351500,2005-08-28,A,0.6824360030600001
24074,USGS,01351500,2005-08-29,A,0.67394094908
24075,USGS,01351500,2005-08-30,A,0.8778222446
24076,USGS,01351500,2005-08-31,A,1.12134712536
24077,USGS,01351500,2005-09-01,A,1.2600996737
24078,USGS,01351500,2005-09-02,A,1.3308917902
24079,USGS,01351500,2005-09-03,A,1.2459412504
24080,USGS,01351500,2005-09-04,A,1.1185154407
24081,USGS,01351500,2005-09-05,A,0.98825794634
24082,USGS,01351500,2005-09-06,A,0.86649550596
24083,USGS,01351500,2005-09-07,A,0.78720833548
24084,USGS,01351500,2005-09-08,A,0.71358453432
24085,USGS,01351500,2005-09-09,A,0.65695084112
24086,USGS,01351500,2005-09-10,A,0.61447557122
24087,USGS,01351500,2005-09-11,A,0.5691686166600001
24088,USGS,01351500,2005-09-12,A,0.53235671608
24089,USGS,01351500,2005-09-13,A,0.50687155414
24090,USGS,01351500,2005-09-14,A,0.4955448155
24091,USGS,01351500,2005-09-15,A,0.6088122019
24092,USGS,01351500,2005-09-16,A,0.74756475024
24093,USGS,01351500,2005-09-17,A,0.87215887528
24094,USGS,01351500,2005-09-18,A,0.72491127296
24095,USGS,01351500,2005-09-19,A,0.60598051724
24096,USGS,01351500,2005-09-20,A,0.5748319859800001
24097,USGS,01351500,2005-09-21,A,0.5380200854
24098,USGS,01351500,2005-09-22,A,0.49837650016000007
24099,USGS,01351500,2005-09-23,A,0.47572302288
24100,USGS,01351500,2005-09-24,A,0.44457449162
24101,USGS,01351500,2005-09-25,A,0.43324775298
24102,USGS,01351500,2005-09-26,A,0.50120818482
24103,USGS,01351500,2005-09-27,A,0.53518840074
24104,USGS,01351500,2005-09-28,A,0.47005965356000007
24105,USGS,01351500,2005-09-29,A,0.56350524734
24106,USGS,01351500,2005-09-30,A,0.5946537786
24107,USGS,01351500,2005-10-01,A,0.61164388656
24108,USGS,01351500,2005-10-02,A,0.60031714792
24109,USGS,01351500,2005-10-03,A,0.58332703996
24110,USGS,01351500,2005-10-04,A,0.56350524734
24111,USGS,01351500,2005-10-05,A,0.5097032388
24112,USGS,01351500,2005-10-06,A,0.53518840074
24113,USGS,01351500,2005-10-07,A,0.61447557122
24114,USGS,01351500,2005-10-08,A,1.42716906864
24115,USGS,01351500,2005-10-09,A,7.1924790364
24116,USGS,01351500,2005-10-10,A,8.2685192072
24117,USGS,01351500,2005-10-11,A,5.0403986948
24118,USGS,01351500,2005-10-12,A,4.1342596036
24119,USGS,01351500,2005-10-13,A,8.580004519800001
24120,USGS,01351500,2005-10-14,A,23.9560522236
24121,USGS,01351500,2005-10-15,A,44.740617628
24122,USGS,01351500,2005-10-16,A,35.962395182
24123,USGS,01351500,2005-10-17,A,22.4835762004
24124,USGS,01351500,2005-10-18,A,15.9140677892
24125,USGS,01351500,2005-10-19,A,14.6398096922
24126,USGS,01351500,2005-10-20,A,24.7206070818
24127,USGS,01351500,2005-10-21,A,19.6518915404
24128,USGS,01351500,2005-10-22,A,19.680208387
24129,USGS,01351500,2005-10-23,A,188.590198356
24130,USGS,01351500,2005-10-24,A,171.31692193
24131,USGS,01351500,2005-10-25,A,275.239748952
24132,USGS,01351500,2005-10-26,A,407.76259104
24133,USGS,01351500,2005-10-27,A,202.46545319
24134,USGS,01351500,2005-10-28,A,126.293135836
24135,USGS,01351500,2005-10-29,A,91.46341451800001
24136,USGS,01351500,2005-10-30,A,70.7921165
24137,USGS,01351500,2005-10-31,A,66.261421044
24138,USGS,01351500,2005-11-01,A,56.916861666
24139,USGS,01351500,2005-11-02,A,43.607943764
24140,USGS,01351500,2005-11-03,A,39.077248308
24141,USGS,01351500,2005-11-04,A,30.299025862
24142,USGS,01351500,2005-11-05,A,38.794079842
24143,USGS,01351500,2005-11-06,A,32.281205124
24144,USGS,01351500,2005-11-07,A,35.679226716
24145,USGS,01351500,2005-11-08,A,37.944574444000004
24146,USGS,01351500,2005-11-09,A,32.281205124
24147,USGS,01351500,2005-11-10,A,60.88122019
24148,USGS,01351500,2005-11-11,A,53.80200854
24149,USGS,01351500,2005-11-12,A,47.855470754
24150,USGS,01351500,2005-11-13,A,29.732688930000002
24151,USGS,01351500,2005-11-14,A,17.6697122784
24152,USGS,01351500,2005-11-15,A,22.9083288994
24153,USGS,01351500,2005-11-16,A,51.536660812
24154,USGS,01351500,2005-11-17,A,112.13471253600001
24155,USGS,01351500,2005-11-18,A,77.304991218
24156,USGS,01351500,2005-11-19,A,53.80200854
24157,USGS,01351500,2005-11-20,A,39.926753706
24158,USGS,01351500,2005-11-21,A,32.847542056
24159,USGS,01351500,2005-11-22,A,35.679226716
24160,USGS,01351500,2005-11-23,A,42.192101434
24161,USGS,01351500,2005-11-24,A,31.998036658
24162,USGS,01351500,2005-11-25,A,23.9560522236
24163,USGS,01351500,2005-11-26,A,21.1526844102
24164,USGS,01351500,2005-11-27,A,19.0289209152
24165,USGS,01351500,2005-11-28,A,19.623574693800002
24166,USGS,01351500,2005-11-29,A,29.732688930000002
24167,USGS,01351500,2005-11-30,A,271.84172736
24168,USGS,01351500,2005-12-01,A,244.09121769200001
24169,USGS,01351500,2005-12-02,A,120.063429584
24170,USGS,01351500,2005-12-03,A,69.093105704
24171,USGS,01351500,2005-12-04,A,44.174280696000004
24172,USGS,01351500,2005-12-05,A,37.095069046
24173,USGS,01351500,2005-12-06,A,29.449520464000003
24174,USGS,01351500,2005-12-07,A:e,22.65347728
24175,USGS,01351500,2005-12-08,A:e,18.122781824
24176,USGS,01351500,2005-12-09,A,17.556444892000002
24177,USGS,01351500,2005-12-10,A,17.7829796648
24178,USGS,01351500,2005-12-11,A,17.9245638978
24179,USGS,01351500,2005-12-12,A,16.565355261
24180,USGS,01351500,2005-12-13,A,15.9423846358
24181,USGS,01351500,2005-12-14,A,15.0362455446
24182,USGS,01351500,2005-12-15,A,14.583175999
24183,USGS,01351500,2005-12-16,A:e,14.1584233
24184,USGS,01351500,2005-12-17,A:e,13.592086368
24185,USGS,01351500,2005-12-18,A:e,13.308917902000001
24186,USGS,01351500,2005-12-19,A:e,13.308917902000001
24187,USGS,01351500,2005-12-20,A:e,12.74258097
24188,USGS,01351500,2005-12-21,A:e,12.459412504
24189,USGS,01351500,2005-12-22,A:e,12.176244038
24190,USGS,01351500,2005-12-23,A,12.0912934982
24191,USGS,01351500,2005-12-24,A,12.3744619642
24192,USGS,01351500,2005-12-25,A,14.1584233
24193,USGS,01351500,2005-12-26,A,37.095069046
24194,USGS,01351500,2005-12-27,A,44.457449162
24195,USGS,01351500,2005-12-28,A,27.127539042800002
24196,USGS,01351500,2005-12-29,A,30.582194328
24197,USGS,01351500,2005-12-30,A,137.903042942
24198,USGS,01351500,2005-12-31,A,69.942611102
24199,USGS,01351500,2006-01-01,A,44.174280696000004
24200,USGS,01351500,2006-01-02,A,34.546552852
24201,USGS,01351500,2006-01-03,A,33.413878988
24202,USGS,01351500,2006-01-04,A,30.582194328
24203,USGS,01351500,2006-01-05,A,27.892093901
24204,USGS,01351500,2006-01-06,A,26.9293211166
24205,USGS,01351500,2006-01-07,A,25.4002114002
24206,USGS,01351500,2006-01-08,A,23.3330815984
24207,USGS,01351500,2006-01-09,A,20.784565404400002
24208,USGS,01351500,2006-01-10,A,25.909914639
24209,USGS,01351500,2006-01-11,A,26.5328852642
24210,USGS,01351500,2006-01-12,A,98.825794634
24211,USGS,01351500,2006-01-13,A,80.70301281
24212,USGS,01351500,2006-01-14,A,105.90500628400001
24213,USGS,01351500,2006-01-15,A,190.289209152
24214,USGS,01351500,2006-01-16,A,98.259457702
24215,USGS,01351500,2006-01-17,A,63.996073316
24216,USGS,01351500,2006-01-18,A,280.619949806
24217,USGS,01351500,2006-01-19,A,515.36660812
24218,USGS,01351500,2006-01-20,A,176.130785852
24219,USGS,01351500,2006-01-21,A,124.877293506
24220,USGS,01351500,2006-01-22,A,86.36638213
24221,USGS,01351500,2006-01-23,A,59.748546326
24222,USGS,01351500,2006-01-24,A,49.55448155
24223,USGS,01351500,2006-01-25,A,43.891112230000005
24224,USGS,01351500,2006-01-26,A,34.546552852
24225,USGS,01351500,2006-01-27,A,23.3047647518
24226,USGS,01351500,2006-01-28,A,23.899418530400002
24227,USGS,01351500,2006-01-29,A,24.635656542
24228,USGS,01351500,2006-01-30,A,39.077248308
24229,USGS,01351500,2006-01-31,A,58.04953553
24230,USGS,01351500,2006-02-01,A,58.615872462
24231,USGS,01351500,2006-02-02,A,42.4752699
24232,USGS,01351500,2006-02-03,A,68.243600306
24233,USGS,01351500,2006-02-04,A,106.47134321600001
24234,USGS,01351500,2006-02-05,A,111.002038672
24235,USGS,01351500,2006-02-06,A,101.374310828
24236,USGS,01351500,2006-02-07,A,63.429736384
24237,USGS,01351500,2006-02-08,A,46.156459958
24238,USGS,01351500,2006-02-09,A,33.413878988
24239,USGS,01351500,2006-02-10,A:e,28.3168466
24240,USGS,01351500,2006-02-11,A:e,26.051498872
24241,USGS,01351500,2006-02-12,A:e,24.918825008
24242,USGS,01351500,2006-02-13,A,22.4269425072
24243,USGS,01351500,2006-02-14,A,22.7667446664
24244,USGS,01351500,2006-02-15,A,19.113871455
24245,USGS,01351500,2006-02-16,A,20.5863474782
24246,USGS,01351500,2006-02-17,A,24.409121769200002
24247,USGS,01351500,2006-02-18,A,24.4374386158
24248,USGS,01351500,2006-02-19,A:e,13.025749436
24249,USGS,01351500,2006-02-20,A:e,12.459412504
24250,USGS,01351500,2006-02-21,A:e,11.893075572
24251,USGS,01351500,2006-02-22,A:e,11.043570174000001
24252,USGS,01351500,2006-02-23,A:e,11.043570174000001
24253,USGS,01351500,2006-02-24,A:e,10.760401708
24254,USGS,01351500,2006-02-25,A:e,10.477233242
24255,USGS,01351500,2006-02-26,A:e,10.194064776000001
24256,USGS,01351500,2006-02-27,A:e,9.344559378
24257,USGS,01351500,2006-02-28,A:e,10.194064776000001
24258,USGS,01351500,2006-03-01,A:e,9.627727844
24259,USGS,01351500,2006-03-02,A:e,9.344559378
24260,USGS,01351500,2006-03-03,A:e,8.778222446000001
24261,USGS,01351500,2006-03-04,A:e,8.211885514
24262,USGS,01351500,2006-03-05,A:e,7.645548582
24263,USGS,01351500,2006-03-06,A:e,6.512874718
24264,USGS,01351500,2006-03-07,A:e,5.097032388000001
24265,USGS,01351500,2006-03-08,A:e,3.964358524
24266,USGS,01351500,2006-03-09,A,4.105942757
24267,USGS,01351500,2006-03-10,A,4.813863922
24268,USGS,01351500,2006-03-11,A,10.052480543
24269,USGS,01351500,2006-03-12,A,9.061390912
24270,USGS,01351500,2006-03-13,A,11.3833723332
24271,USGS,01351500,2006-03-14,A,97.409952304
24272,USGS,01351500,2006-03-15,A,60.031714792
24273,USGS,01351500,2006-03-16,A,34.829721318000004
24274,USGS,01351500,2006-03-17,A,26.5328852642
24275,USGS,01351500,2006-03-18,A,20.3314958588
24276,USGS,01351500,2006-03-19,A,17.0184248066
24277,USGS,01351500,2006-03-20,A,14.7813939252
24278,USGS,01351500,2006-03-21,A,12.884165203
24279,USGS,01351500,2006-03-22,A,12.9407988962
24280,USGS,01351500,2006-03-23,A,11.5249565662
24281,USGS,01351500,2006-03-24,A,11.185154407
24282,USGS,01351500,2006-03-25,A,12.0629766516
24283,USGS,01351500,2006-03-26,A,13.7053537544
24284,USGS,01351500,2006-03-27,A,13.1956505156
24285,USGS,01351500,2006-03-28,A,12.176244038
24286,USGS,01351500,2006-03-29,A,11.3550554866
24287,USGS,01351500,2006-03-30,A,10.392282702200001
24288,USGS,01351500,2006-03-31,A,9.4011930712
24289,USGS,01351500,2006-04-01,A,9.2596088382
24290,USGS,01351500,2006-04-02,A,10.2790153158
24291,USGS,01351500,2006-04-03,A,9.3728762246
24292,USGS,01351500,2006-04-04,A,19.4536736142
24293,USGS,01351500,2006-04-05,A,26.5045684176
24294,USGS,01351500,2006-04-06,A,19.5952578472
24295,USGS,01351500,2006-04-07,A,17.6130785852
24296,USGS,01351500,2006-04-08,A,23.927735377
24297,USGS,01351500,2006-04-09,A,21.7473381888
24298,USGS,01351500,2006-04-10,A,17.3299101192
24299,USGS,01351500,2006-04-11,A,14.3566412262
24300,USGS,01351500,2006-04-12,A,13.563769521400001
24301,USGS,01351500,2006-04-13,A,13.025749436
24302,USGS,01351500,2006-04-14,A,11.8647587254
24303,USGS,01351500,2006-04-15,A,16.0273351756
24304,USGS,01351500,2006-04-16,A,15.5176319368
24305,USGS,01351500,2006-04-17,A,12.884165203
24306,USGS,01351500,2006-04-18,A,11.6382239526
24307,USGS,01351500,2006-04-19,A,10.137431082800001
24308,USGS,01351500,2006-04-20,A,8.778222446000001
24309,USGS,01351500,2006-04-21,A,7.8437665082
24310,USGS,01351500,2006-04-22,A,16.3671373348
24311,USGS,01351500,2006-04-23,A,237.578342974
24312,USGS,01351500,2006-04-24,A,174.431775056
24313,USGS,01351500,2006-04-25,A,85.516876732
24314,USGS,01351500,2006-04-26,A,54.651513938
24315,USGS,01351500,2006-04-27,A,40.493090638
24316,USGS,01351500,2006-04-28,A,30.865362794
24317,USGS,01351500,2006-04-29,A,25.1736766274
24318,USGS,01351500,2006-04-30,A,21.2659517966
24319,USGS,01351500,2006-05-01,A,18.6041682162
24320,USGS,01351500,2006-05-02,A,16.282186795
24321,USGS,01351500,2006-05-03,A,14.6114928456
24322,USGS,01351500,2006-05-04,A,13.507135828200001
24323,USGS,01351500,2006-05-05,A,11.9213924186
24324,USGS,01351500,2006-05-06,A,10.6471343216
24325,USGS,01351500,2006-05-07,A,9.91089631
24326,USGS,01351500,2006-05-08,A,8.8914898324
24327,USGS,01351500,2006-05-09,A,7.7021822752
24328,USGS,01351500,2006-05-10,A,7.2491127296
24329,USGS,01351500,2006-05-11,A,6.6544589510000005
24330,USGS,01351500,2006-05-12,A,12.5726798904
24331,USGS,01351500,2006-05-13,A,90.330740654
24332,USGS,01351500,2006-05-14,A,40.776259104000005
24333,USGS,01351500,2006-05-15,A,30.582194328
24334,USGS,01351500,2006-05-16,A,38.22774291
24335,USGS,01351500,2006-05-17,A,47.005965356000004
24336,USGS,01351500,2006-05-18,A,34.829721318000004
24337,USGS,01351500,2006-05-19,A,28.883183532
24338,USGS,01351500,2006-05-20,A,24.3808049226
24339,USGS,01351500,2006-05-21,A,21.803971882
24340,USGS,01351500,2006-05-22,A,30.015857396
24341,USGS,01351500,2006-05-23,A,22.65347728
24342,USGS,01351500,2006-05-24,A,19.1421883016
24343,USGS,01351500,2006-05-25,A,15.829117249400001
24344,USGS,01351500,2006-05-26,A,16.9617911134
24345,USGS,01351500,2006-05-27,A,35.112889784000004
24346,USGS,01351500,2006-05-28,A,24.0976364566
24347,USGS,01351500,2006-05-29,A,17.1033753464
24348,USGS,01351500,2006-05-30,A,21.9172392684
24349,USGS,01351500,2006-05-31,A,76.738654286
24350,USGS,01351500,2006-06-01,A,67.394094908
24351,USGS,01351500,2006-06-02,A,81.55251820800001
24352,USGS,01351500,2006-06-03,A,288.83183532
24353,USGS,01351500,2006-06-04,A,267.027863438
24354,USGS,01351500,2006-06-05,A,120.063429584
24355,USGS,01351500,2006-06-06,A,73.340632694
24356,USGS,01351500,2006-06-07,A,80.136675878
24357,USGS,01351500,2006-06-08,A,268.44370576800003
24358,USGS,01351500,2006-06-09,A,184.34267136600002
24359,USGS,01351500,2006-06-10,A,158.291172494
24360,USGS,01351500,2006-06-11,A,103.922827022
24361,USGS,01351500,2006-06-12,A,70.22577956800001
24362,USGS,01351500,2006-06-13,A,50.97032388
24363,USGS,01351500,2006-06-14,A,36.245563648
24364,USGS,01351500,2006-06-15,A,34.829721318000004
24365,USGS,01351500,2006-06-16,A,32.56437359
24366,USGS,01351500,2006-06-17,A,30.015857396
24367,USGS,01351500,2006-06-18,A,31.998036658
24368,USGS,01351500,2006-06-19,A,19.3120893812
24369,USGS,01351500,2006-06-20,A,17.1033753464
24370,USGS,01351500,2006-06-21,A,16.3388204882
24371,USGS,01351500,2006-06-22,A,12.9407988962
24372,USGS,01351500,2006-06-23,A,11.2134712536
24373,USGS,01351500,2006-06-24,A,9.91089631
24374,USGS,01351500,2006-06-25,A,17.9245638978
24375,USGS,01351500,2006-06-26,A,52.952503142000005
24376,USGS,01351500,2006-06-27,A,253.43577707
24377,USGS,01351500,2006-06-28,A,509.7032388
24378,USGS,01351500,2006-06-29,A,461.56459958
24379,USGS,01351500,2006-06-30,A,180.944649774
24380,USGS,01351500,2006-07-01,A,93.44559378
24381,USGS,01351500,2006-07-02,A,63.146567918
24382,USGS,01351500,2006-07-03,A,51.253492346
24383,USGS,01351500,2006-07-04,A,50.120818482000004
24384,USGS,01351500,2006-07-05,A,45.30695456
24385,USGS,01351500,2006-07-06,A,37.378237512
24386,USGS,01351500,2006-07-07,A,21.5774371092
24387,USGS,01351500,2006-07-08,A,14.668126538800001
24388,USGS,01351500,2006-07-09,A,12.884165203
24389,USGS,01351500,2006-07-10,A,12.034659805
24390,USGS,01351500,2006-07-11,A,12.2328777312
24391,USGS,01351500,2006-07-12,A,12.204560884600001
24392,USGS,01351500,2006-07-13,A,16.8202068804
24393,USGS,01351500,2006-07-14,A,15.149512931
24394,USGS,01351500,2006-07-15,A,11.3550554866
24395,USGS,01351500,2006-07-16,A,10.7037680148
24396,USGS,01351500,2006-07-17,A,9.5144604576
24397,USGS,01351500,2006-07-18,A,7.362380116000001
24398,USGS,01351500,2006-07-19,A,6.1447557122
24399,USGS,01351500,2006-07-20,A,5.2102997744
24400,USGS,01351500,2006-07-21,A,4.4740617628
24401,USGS,01351500,2006-07-22,A,4.7005965356
24402,USGS,01351500,2006-07-23,A,11.6382239526
24403,USGS,01351500,2006-07-24,A,11.2417881002
24404,USGS,01351500,2006-07-25,A,7.928717048
24405,USGS,01351500,2006-07-26,A,5.9748546326000005
24406,USGS,01351500,2006-07-27,A,4.5023786094
24407,USGS,01351500,2006-07-28,A,4.0776259104
24408,USGS,01351500,2006-07-29,A,5.5784187802
24409,USGS,01351500,2006-07-30,A,7.645548582
24410,USGS,01351500,2006-07-31,A,7.0225779568
24411,USGS,01351500,2006-08-01,A,5.2102997744
24412,USGS,01351500,2006-08-02,A,4.1908932968000006
24413,USGS,01351500,2006-08-03,A,3.539605825
24414,USGS,01351500,2006-08-04,A,5.0403986948
24415,USGS,01351500,2006-08-05,A,8.381786593600001
24416,USGS,01351500,2006-08-06,A,5.550101933600001
24417,USGS,01351500,2006-08-07,A,4.105942757
24418,USGS,01351500,2006-08-08,A,3.5112889784
24419,USGS,01351500,2006-08-09,A,3.2281205124000003
24420,USGS,01351500,2006-08-10,A,2.8883183532
24421,USGS,01351500,2006-08-11,A,2.50037755478
24422,USGS,01351500,2006-08-12,A,2.25968435868
24423,USGS,01351500,2006-08-13,A,2.0246545319
24424,USGS,01351500,2006-08-14,A,1.89439703754
24425,USGS,01351500,2006-08-15,A,1.80944649774
24426,USGS,01351500,2006-08-16,A,1.73015932726
24427,USGS,01351500,2006-08-17,A,1.63671373348
24428,USGS,01351500,2006-08-18,A,1.52627803174
24429,USGS,01351500,2006-08-19,A,1.34788189816
24430,USGS,01351500,2006-08-20,A,9.231291991600001
24431,USGS,01351500,2006-08-21,A,9.4578267644
24432,USGS,01351500,2006-08-22,A,4.7289133822
24433,USGS,01351500,2006-08-23,A,3.0582194328
24434,USGS,01351500,2006-08-24,A,2.265347728
24435,USGS,01351500,2006-08-25,A,1.9878426313200002
24436,USGS,01351500,2006-08-26,A,1.8887336682200002
24437,USGS,01351500,2006-08-27,A,2.15491202626
24438,USGS,01351500,2006-08-28,A,2.72691232758
24439,USGS,01351500,2006-08-29,A,17.556444892000002
24440,USGS,01351500,2006-08-30,A,46.72279689
24441,USGS,01351500,2006-08-31,A,20.671298018
24442,USGS,01351500,2006-09-01,A,12.7708978166
24443,USGS,01351500,2006-09-02,A,11.893075572
24444,USGS,01351500,2006-09-03,A,10.8736690944
24445,USGS,01351500,2006-09-04,A,7.8720833548
24446,USGS,01351500,2006-09-05,A,6.2863399452
24447,USGS,01351500,2006-09-06,A,5.4368345472
24448,USGS,01351500,2006-09-07,A,4.9837650016
24449,USGS,01351500,2006-09-08,A,4.4740617628
24450,USGS,01351500,2006-09-09,A,4.0776259104
24451,USGS,01351500,2006-09-10,A,4.1908932968000006
24452,USGS,01351500,2006-09-11,A,3.7944574444
24453,USGS,01351500,2006-09-12,A,3.1998036658
24454,USGS,01351500,2006-09-13,A,2.8600015066
24455,USGS,01351500,2006-09-14,A,2.9449520464
24456,USGS,01351500,2006-09-15,A,9.033074065400001
24457,USGS,01351500,2006-09-16,A,12.884165203
24458,USGS,01351500,2006-09-17,A,15.4609982436
24459,USGS,01351500,2006-09-18,A,13.8469379874
24460,USGS,01351500,2006-09-19,A,13.054066282600001
24461,USGS,01351500,2006-09-20,A,13.9035716806
24462,USGS,01351500,2006-09-21,A,15.4609982436
24463,USGS,01351500,2006-09-22,A,14.6964433854
24464,USGS,01351500,2006-09-23,A,14.8097107718
24465,USGS,01351500,2006-09-24,A,12.7708978166
24466,USGS,01351500,2006-09-25,A,6.1164388656
24467,USGS,01351500,2006-09-26,A,4.8704976152
24468,USGS,01351500,2006-09-27,A,4.1908932968000006
24469,USGS,01351500,2006-09-28,A,3.5679226716
24470,USGS,01351500,2006-09-29,A,9.5994109974
24471,USGS,01351500,2006-09-30,A,14.3283243796
24472,USGS,01351500,2006-10-01,A,14.7530770786
24473,USGS,01351500,2006-10-02,A,31.148531260000002
24474,USGS,01351500,2006-10-03,A,17.9245638978
24475,USGS,01351500,2006-10-04,A,13.761987447600001
24476,USGS,01351500,2006-10-05,A,12.5726798904
24477,USGS,01351500,2006-10-06,A,11.5532734128
24478,USGS,01351500,2006-10-07,A,9.5427773042
24479,USGS,01351500,2006-10-08,A,7.7871328150000005
24480,USGS,01351500,2006-10-09,A,6.9942611102
24481,USGS,01351500,2006-10-10,A,6.796043184
24482,USGS,01351500,2006-10-11,A,6.7110926442
24483,USGS,01351500,2006-10-12,A,7.503964349
24484,USGS,01351500,2006-10-13,A,9.3162425314
24485,USGS,01351500,2006-10-14,A,7.4756475024
24486,USGS,01351500,2006-10-15,A,6.6827757976
24487,USGS,01351500,2006-10-16,A,6.088122019
24488,USGS,01351500,2006-10-17,A,6.088122019
24489,USGS,01351500,2006-10-18,A,10.5055500886
24490,USGS,01351500,2006-10-19,A,11.7231744924
24491,USGS,01351500,2006-10-20,A,26.617835804000002
24492,USGS,01351500,2006-10-21,A,59.748546326
24493,USGS,01351500,2006-10-22,A,31.714868192
24494,USGS,01351500,2006-10-23,A,21.520803416
24495,USGS,01351500,2006-10-24,A,17.414860659000002
24496,USGS,01351500,2006-10-25,A,16.0839688688
24497,USGS,01351500,2006-10-26,A,14.2433738398
24498,USGS,01351500,2006-10-27,A,12.7708978166
24499,USGS,01351500,2006-10-28,A,76.45548582
24500,USGS,01351500,2006-10-29,A,127.4258097
24501,USGS,01351500,2006-10-30,A,54.651513938
24502,USGS,01351500,2006-10-31,A,39.64358524
24503,USGS,01351500,2006-11-01,A,32.281205124
24504,USGS,01351500,2006-11-02,A,35.39605825
24505,USGS,01351500,2006-11-03,A,37.378237512
24506,USGS,01351500,2006-11-04,A,28.883183532
24507,USGS,01351500,2006-11-05,A,23.502982678000002
24508,USGS,01351500,2006-11-06,A,20.5013969384
24509,USGS,01351500,2006-11-07,A,18.0095144376
24510,USGS,01351500,2006-11-08,A,31.998036658
24511,USGS,01351500,2006-11-09,A,153.760477038
24512,USGS,01351500,2006-11-10,A,71.075284966
24513,USGS,01351500,2006-11-11,A,49.55448155
24514,USGS,01351500,2006-11-12,A,40.493090638
24515,USGS,01351500,2006-11-13,A,43.607943764
24516,USGS,01351500,2006-11-14,A,44.457449162
24517,USGS,01351500,2006-11-15,A,47.572302288
24518,USGS,01351500,2006-11-16,A,43.891112230000005
24519,USGS,01351500,2006-11-17,A,167.635731872
24520,USGS,01351500,2006-11-18,A,159.140677892
24521,USGS,01351500,2006-11-19,A,99.675300032
24522,USGS,01351500,2006-11-20,A,69.093105704
24523,USGS,01351500,2006-11-21,A,55.501019336
24524,USGS,01351500,2006-11-22,A,46.439628424
24525,USGS,01351500,2006-11-23,A,43.607943764
24526,USGS,01351500,2006-11-24,A,44.740617628
24527,USGS,01351500,2006-11-25,A,38.510911376
24528,USGS,01351500,2006-11-26,A,36.245563648
24529,USGS,01351500,2006-11-27,A,31.714868192
24530,USGS,01351500,2006-11-28,A,25.456845093400002
24531,USGS,01351500,2006-11-29,A,19.538624154
24532,USGS,01351500,2006-11-30,A,18.122781824
24533,USGS,01351500,2006-12-01,A,24.8338744682
24534,USGS,01351500,2006-12-02,A,64.279241782
24535,USGS,01351500,2006-12-03,A,34.829721318000004
24536,USGS,01351500,2006-12-04,A,26.759420037
24537,USGS,01351500,2006-12-05,A,23.757834297400002
24538,USGS,01351500,2006-12-06,A,20.784565404400002
24539,USGS,01351500,2006-12-07,A,20.1615947792
24540,USGS,01351500,2006-12-08,A,18.830702989
24541,USGS,01351500,2006-12-09,A,16.706939494
24542,USGS,01351500,2006-12-10,A,16.282186795
24543,USGS,01351500,2006-12-11,A,15.715849863
24544,USGS,01351500,2006-12-12,A,16.4804047212
24545,USGS,01351500,2006-12-13,A,17.131692193
24546,USGS,01351500,2006-12-14,A,17.5847617386
24547,USGS,01351500,2006-12-15,A,15.8008004028
24548,USGS,01351500,2006-12-16,A,14.5265423058
24549,USGS,01351500,2006-12-17,A,13.507135828200001
24550,USGS,01351500,2006-12-18,A,12.6859472768
24551,USGS,01351500,2006-12-19,A,12.7142641234
24552,USGS,01351500,2006-12-20,A,12.9974325894
24553,USGS,01351500,2006-12-21,A,12.6859472768
24554,USGS,01351500,2006-12-22,A,12.5726798904
24555,USGS,01351500,2006-12-23,A,20.3314958588
24556,USGS,01351500,2006-12-24,A,22.4269425072
24557,USGS,01351500,2006-12-25,A,17.556444892000002
24558,USGS,01351500,2006-12-26,A,32.847542056
24559,USGS,01351500,2006-12-27,A,33.697047454
24560,USGS,01351500,2006-12-28,A,24.7206070818
24561,USGS,01351500,2006-12-29,A,20.5580306316
24562,USGS,01351500,2006-12-30,A,18.2077323638
24563,USGS,01351500,2006-12-31,A,17.160009039600002
24564,USGS,01351500,2007-01-01,A,21.7190213422
24565,USGS,01351500,2007-01-02,A,26.7311031904
24566,USGS,01351500,2007-01-03,A,21.6340708024
24567,USGS,01351500,2007-01-04,A,19.397039921
24568,USGS,01351500,2007-01-05,A,18.40595029
24569,USGS,01351500,2007-01-06,A,27.4390243554
24570,USGS,01351500,2007-01-07,A,32.847542056
24571,USGS,01351500,2007-01-08,A,50.403986948000004
24572,USGS,01351500,2007-01-09,A,94.57826764400001
24573,USGS,01351500,2007-01-10,A,78.720833548
24574,USGS,01351500,2007-01-11,A,63.429736384
24575,USGS,01351500,2007-01-12,A,53.80200854
24576,USGS,01351500,2007-01-13,A,59.748546326
24577,USGS,01351500,2007-01-14,A,62.580230986000004
24578,USGS,01351500,2007-01-15,A,96.843615372
24579,USGS,01351500,2007-01-16,A,179.81197591
24580,USGS,01351500,2007-01-17,A,108.736690944
24581,USGS,01351500,2007-01-18,A,74.756475024
24582,USGS,01351500,2007-01-19,A,67.96043184
24583,USGS,01351500,2007-01-20,A,59.465377860000004
24584,USGS,01351500,2007-01-21,A,50.97032388
24585,USGS,01351500,2007-01-22,A,47.005965356000004
24586,USGS,01351500,2007-01-23,A,44.457449162
24587,USGS,01351500,2007-01-24,A,38.794079842
24588,USGS,01351500,2007-01-25,A:e,34.546552852
24589,USGS,01351500,2007-01-26,A:e,28.3168466
24590,USGS,01351500,2007-01-27,A:e,28.3168466
24591,USGS,01351500,2007-01-28,A:e,25.5984293264
24592,USGS,01351500,2007-01-29,A:e,25.8815977924
24593,USGS,01351500,2007-01-30,A:e,24.663973388600002
24594,USGS,01351500,2007-01-31,A:e,21.0111001772
24595,USGS,01351500,2007-02-01,A:e,17.0750584998
24596,USGS,01351500,2007-02-02,A:e,13.733670601
24597,USGS,01351500,2007-02-03,A:e,11.8081250322
24598,USGS,01351500,2007-02-04,A:e,10.4489163954
24599,USGS,01351500,2007-02-05,A:e,10.1657479294
24600,USGS,01351500,2007-02-06,A:e,8.8348561392
24601,USGS,01351500,2007-02-07,A:e,8.0986181276
24602,USGS,01351500,2007-02-08,A:e,7.5322811956
24603,USGS,01351500,2007-02-09,A:e,6.909310570400001
24604,USGS,01351500,2007-02-10,A:e,6.5411915646
24605,USGS,01351500,2007-02-11,A:e,6.1730725588
24606,USGS,01351500,2007-02-12,A:e,6.003171479200001
24607,USGS,01351500,2007-02-13,A:e,5.7766367064
24608,USGS,01351500,2007-02-14,A:e,5.66336932
24609,USGS,01351500,2007-02-15,A:e,5.550101933600001
24610,USGS,01351500,2007-02-16,A:e,5.4085177006
24611,USGS,01351500,2007-02-17,A:e,5.2102997744
24612,USGS,01351500,2007-02-18,A:e,5.0687155414000005
24613,USGS,01351500,2007-02-19,A:e,4.9271313084
24614,USGS,01351500,2007-02-20,A:e,4.7855470754
24615,USGS,01351500,2007-02-21,A:e,4.7005965356
24616,USGS,01351500,2007-02-22,A:e,4.6156459958000005
24617,USGS,01351500,2007-02-23,A:e,4.643962842400001
24618,USGS,01351500,2007-02-24,A:e,4.5590123026
24619,USGS,01351500,2007-02-25,A:e,4.530695456
24620,USGS,01351500,2007-02-26,A:e,4.3891112230000005
24621,USGS,01351500,2007-02-27,A:e,4.2758438366
24622,USGS,01351500,2007-02-28,A:e,4.1908932968000006
24623,USGS,01351500,2007-03-01,A:e,4.4740617628
24624,USGS,01351500,2007-03-02,A:e,8.1835686674
24625,USGS,01351500,2007-03-03,A:e,13.733670601
24626,USGS,01351500,2007-03-04,A:e,9.0897077586
24627,USGS,01351500,2007-03-05,A:e,7.4473306558
24628,USGS,01351500,2007-03-06,A:e,5.7766367064
24629,USGS,01351500,2007-03-07,A:e,4.530695456
24630,USGS,01351500,2007-03-08,A:e,22.3136751208
24631,USGS,01351500,2007-03-09,A:e,49.271313084
24632,USGS,01351500,2007-03-10,A:e,50.687155414
24633,USGS,01351500,2007-03-11,A:e,44.174280696000004
24634,USGS,01351500,2007-03-12,A:e,42.758438366
24635,USGS,01351500,2007-03-13,A:e,60.031714792
24636,USGS,01351500,2007-03-14,A:e,149.22978158200002
24637,USGS,01351500,2007-03-15,A,424.752699
24638,USGS,01351500,2007-03-16,A,297.3268893
24639,USGS,01351500,2007-03-17,A,170.46741653200002
24640,USGS,01351500,2007-03-18,A,120.34659805
24641,USGS,01351500,2007-03-19,A,92.879256848
24642,USGS,01351500,2007-03-20,A,74.473306558
24643,USGS,01351500,2007-03-21,A,58.899040928000005
24644,USGS,01351500,2007-03-22,A,91.746582984
24645,USGS,01351500,2007-03-23,A,305.82194328
24646,USGS,01351500,2007-03-24,A,238.994185304
24647,USGS,01351500,2007-03-25,A,288.83183532
24648,USGS,01351500,2007-03-26,A,250.32092394400001
24649,USGS,01351500,2007-03-27,A,390.77248308000003
24650,USGS,01351500,2007-03-28,A,365.28732114
24651,USGS,01351500,2007-03-29,A,268.726874234
24652,USGS,01351500,2007-03-30,A,168.768405736
24653,USGS,01351500,2007-03-31,A,127.992146632
24654,USGS,01351500,2007-04-01,A,106.47134321600001
24655,USGS,01351500,2007-04-02,A,111.285207138
24656,USGS,01351500,2007-04-03,A,102.79015315800001
24657,USGS,01351500,2007-04-04,A,113.550554866
24658,USGS,01351500,2007-04-05,A,146.398096922
24659,USGS,01351500,2007-04-06,A,105.055500886
24660,USGS,01351500,2007-04-07,A,80.136675878
24661,USGS,01351500,2007-04-08,A,65.12874718
24662,USGS,01351500,2007-04-09,A,59.465377860000004
24663,USGS,01351500,2007-04-10,A,52.952503142000005
24664,USGS,01351500,2007-04-11,A,48.988144618
24665,USGS,01351500,2007-04-12,A,58.615872462
24666,USGS,01351500,2007-04-13,A,73.340632694
24667,USGS,01351500,2007-04-14,A,68.243600306
24668,USGS,01351500,2007-04-15,A,72.20795883
24669,USGS,01351500,2007-04-16,A,583.32703996
24670,USGS,01351500,2007-04-17,A,937.2876224600001
24671,USGS,01351500,2007-04-18,A,504.03986948
24672,USGS,01351500,2007-04-19,A,387.94079842
24673,USGS,01351500,2007-04-20,A,351.12889784000004
24674,USGS,01351500,2007-04-21,A,276.655591282
24675,USGS,01351500,2007-04-22,A,224.26942507200002
24676,USGS,01351500,2007-04-23,A,184.909008298
24677,USGS,01351500,2007-04-24,A,167.06939494
24678,USGS,01351500,2007-04-25,A,141.584233
24679,USGS,01351500,2007-04-26,A,133.655515952
24680,USGS,01351500,2007-04-27,A,109.869364808
24681,USGS,01351500,2007-04-28,A,91.46341451800001
24682,USGS,01351500,2007-04-29,A,82.402023606
24683,USGS,01351500,2007-04-30,A,74.190138092
24684,USGS,01351500,2007-05-01,A,65.978252578
24685,USGS,01351500,2007-05-02,A,61.730725588
24686,USGS,01351500,2007-05-03,A,56.350524734000004
24687,USGS,01351500,2007-05-04,A,46.72279689
24688,USGS,01351500,2007-05-05,A,40.209922172
24689,USGS,01351500,2007-05-06,A,37.944574444000004
24690,USGS,01351500,2007-05-07,A,39.077248308
24691,USGS,01351500,2007-05-08,A,26.4479347244
24692,USGS,01351500,2007-05-09,A,20.954466484
24693,USGS,01351500,2007-05-10,A,16.8202068804
24694,USGS,01351500,2007-05-11,A,131.956505156
24695,USGS,01351500,2007-05-12,A,90.330740654
24696,USGS,01351500,2007-05-13,A,57.766367064
24697,USGS,01351500,2007-05-14,A,43.607943764
24698,USGS,01351500,2007-05-15,A,34.829721318000004
24699,USGS,01351500,2007-05-16,A,37.378237512
24700,USGS,01351500,2007-05-17,A,48.421807686
24701,USGS,01351500,2007-05-18,A,30.865362794
24702,USGS,01351500,2007-05-19,A,25.570112479800002
24703,USGS,01351500,2007-05-20,A,74.756475024
24704,USGS,01351500,2007-05-21,A,62.297062520000004
24705,USGS,01351500,2007-05-22,A,42.4752699
24706,USGS,01351500,2007-05-23,A,33.98021592
24707,USGS,01351500,2007-05-24,A,25.5417956332
24708,USGS,01351500,2007-05-25,A,19.397039921
24709,USGS,01351500,2007-05-26,A,16.565355261
24710,USGS,01351500,2007-05-27,A,15.4893150902
24711,USGS,01351500,2007-05-28,A,27.0709053496
24712,USGS,01351500,2007-05-29,A,17.839613358
24713,USGS,01351500,2007-05-30,A,14.016839067000001
24714,USGS,01351500,2007-05-31,A,12.2611945778
24715,USGS,01351500,2007-06-01,A,12.402778810800001
24716,USGS,01351500,2007-06-02,A,11.4400060264
24717,USGS,01351500,2007-06-03,A,9.769312077
24718,USGS,01351500,2007-06-04,A,16.8202068804
24719,USGS,01351500,2007-06-05,A,68.243600306
24720,USGS,01351500,2007-06-06,A,64.279241782
24721,USGS,01351500,2007-06-07,A,43.324775298
24722,USGS,01351500,2007-06-08,A,29.449520464000003
24723,USGS,01351500,2007-06-09,A,21.2093181034
24724,USGS,01351500,2007-06-10,A,18.0378312842
24725,USGS,01351500,2007-06-11,A,15.9707014824
24726,USGS,01351500,2007-06-12,A,13.9885222204
24727,USGS,01351500,2007-06-13,A,11.949709265200001
24728,USGS,01351500,2007-06-14,A,12.7142641234
24729,USGS,01351500,2007-06-15,A,7.7021822752
24730,USGS,01351500,2007-06-16,A,5.8899040928
24731,USGS,01351500,2007-06-17,A,4.8988144618
24732,USGS,01351500,2007-06-18,A,4.105942757
24733,USGS,01351500,2007-06-19,A,3.7378237512
24734,USGS,01351500,2007-06-20,A,5.6067356268
24735,USGS,01351500,2007-06-21,A,6.2863399452
24736,USGS,01351500,2007-06-22,A,4.6156459958000005
24737,USGS,01351500,2007-06-23,A,4.2192101434
24738,USGS,01351500,2007-06-24,A,3.5962395182
24739,USGS,01351500,2007-06-25,A,3.1714868192
24740,USGS,01351500,2007-06-26,A,2.83168466
24741,USGS,01351500,2007-06-27,A,2.58815977924
24742,USGS,01351500,2007-06-28,A,2.3502982678
24743,USGS,01351500,2007-06-29,A,2.28233783596
24744,USGS,01351500,2007-06-30,A,2.21720908878
24745,USGS,01351500,2007-07-01,A,1.99067431598
24746,USGS,01351500,2007-07-02,A,1.8802386142400003
24747,USGS,01351500,2007-07-03,A,1.79528807444
24748,USGS,01351500,2007-07-04,A,1.8151098670599999
24749,USGS,01351500,2007-07-05,A,1.91705051482
24750,USGS,01351500,2007-07-06,A,1.8887336682200002
24751,USGS,01351500,2007-07-07,A,1.8887336682200002
24752,USGS,01351500,2007-07-08,A,1.78962470512
24753,USGS,01351500,2007-07-09,A,1.8519217676400002
24754,USGS,01351500,2007-07-10,A,1.7924563897799999
24755,USGS,01351500,2007-07-11,A,1.78679302046
24756,USGS,01351500,2007-07-12,A,1.8887336682200002
24757,USGS,01351500,2007-07-13,A,1.82077323638
24758,USGS,01351500,2007-07-14,A,1.66503058008
24759,USGS,01351500,2007-07-15,A,1.4724760232
24760,USGS,01351500,2007-07-16,A,1.41301064534
24761,USGS,01351500,2007-07-17,A,1.3195650515600001
24762,USGS,01351500,2007-07-18,A,1.4526542305799999
24763,USGS,01351500,2007-07-19,A,1.7726345971600002
24764,USGS,01351500,2007-07-20,A,2.265347728
24765,USGS,01351500,2007-07-21,A,2.7439024355400004
24766,USGS,01351500,2007-07-22,A,2.5173676627400003
24767,USGS,01351500,2007-07-23,A,2.0529713785
24768,USGS,01351500,2007-07-24,A,2.1096050717
24769,USGS,01351500,2007-07-25,A,2.8033678134
24770,USGS,01351500,2007-07-26,A,3.3130710522
24771,USGS,01351500,2007-07-27,A,2.9166351998
24772,USGS,01351500,2007-07-28,A,2.55701124798
24773,USGS,01351500,2007-07-29,A,2.3389715291599997
24774,USGS,01351500,2007-07-30,A,2.11526844102
24775,USGS,01351500,2007-07-31,A,1.7726345971600002
24776,USGS,01351500,2007-08-01,A,1.50362455446
24777,USGS,01351500,2007-08-02,A,1.38186211408
24778,USGS,01351500,2007-08-03,A,1.2629313583600001
24779,USGS,01351500,2007-08-04,A,1.1949709265200001
24780,USGS,01351500,2007-08-05,A,1.0901985941
24781,USGS,01351500,2007-08-06,A,1.04205995488
24782,USGS,01351500,2007-08-07,A,0.97409952304
24783,USGS,01351500,2007-08-08,A,1.1468322873
24784,USGS,01351500,2007-08-09,A,1.0194064776
24785,USGS,01351500,2007-08-10,A,1.8689118756
24786,USGS,01351500,2007-08-11,A,5.4368345472
24787,USGS,01351500,2007-08-12,A,4.105942757
24788,USGS,01351500,2007-08-13,A,2.7580608588400004
24789,USGS,01351500,2007-08-14,A,2.12093181034
24790,USGS,01351500,2007-08-15,A,1.7613078585200002
24791,USGS,01351500,2007-08-16,A,1.52061466242
24792,USGS,01351500,2007-08-17,A,1.38186211408
24793,USGS,01351500,2007-08-18,A,1.24877293506
24794,USGS,01351500,2007-08-19,A,1.15532734128
24795,USGS,01351500,2007-08-20,A,1.1383372333200001
24796,USGS,01351500,2007-08-21,A,1.0760401708
24797,USGS,01351500,2007-08-22,A,1.04205995488
24798,USGS,01351500,2007-08-23,A,1.0250698469200001
24799,USGS,01351500,2007-08-24,A,1.02223816226
24800,USGS,01351500,2007-08-25,A,1.03073321624
24801,USGS,01351500,2007-08-26,A,1.07037680148
24802,USGS,01351500,2007-08-27,A,1.00807973896
24803,USGS,01351500,2007-08-28,A,0.97126783838
24804,USGS,01351500,2007-08-29,A,0.94578267644
24805,USGS,01351500,2007-08-30,A,0.93162425314
24806,USGS,01351500,2007-08-31,A,0.87499055994
24807,USGS,01351500,2007-09-01,A,0.81835686674
24808,USGS,01351500,2007-09-02,A,0.7730499121800001
24809,USGS,01351500,2007-09-03,A,0.7673865428600001
24810,USGS,01351500,2007-09-04,A,0.7447330655800001
24811,USGS,01351500,2007-09-05,A,0.7107528496600001
24812,USGS,01351500,2007-09-06,A,0.6880993723800001
24813,USGS,01351500,2007-09-07,A,0.63996073316
24814,USGS,01351500,2007-09-08,A,0.61730725588
24815,USGS,01351500,2007-09-09,A,0.6371290485000001
24816,USGS,01351500,2007-09-10,A,1.17798081856
24817,USGS,01351500,2007-09-11,A,2.8600015066
24818,USGS,01351500,2007-09-12,A,10.4489163954
24819,USGS,01351500,2007-09-13,A,6.3429736384
24820,USGS,01351500,2007-09-14,A,3.9077248308000003
24821,USGS,01351500,2007-09-15,A,3.3413878988
24822,USGS,01351500,2007-09-16,A,12.5726798904
24823,USGS,01351500,2007-09-17,A,14.300007533
24824,USGS,01351500,2007-09-18,A,14.668126538800001
24825,USGS,01351500,2007-09-19,A,14.866344465000001
24826,USGS,01351500,2007-09-20,A,14.7530770786
24827,USGS,01351500,2007-09-21,A,11.5532734128
24828,USGS,01351500,2007-09-22,A,5.66336932
24829,USGS,01351500,2007-09-23,A,2.68726874234
24830,USGS,01351500,2007-09-24,A,2.09827833306
24831,USGS,01351500,2007-09-25,A,2.03314958588
24832,USGS,01351500,2007-09-26,A,1.7414860659
24833,USGS,01351500,2007-09-27,A,1.7358226965799999
24834,USGS,01351500,2007-09-28,A,3.9360416774
24835,USGS,01351500,2007-09-29,A,5.238616621
24836,USGS,01351500,2007-09-30,A,3.6245563648
24837,USGS,01351500,2007-10-01,A,2.6306350491400003
24838,USGS,01351500,2007-10-02,A,2.20588235014
24839,USGS,01351500,2007-10-03,A,2.24269425072
24840,USGS,01351500,2007-10-04,A,2.12093181034
24841,USGS,01351500,2007-10-05,A,2.00766442394
24842,USGS,01351500,2007-10-06,A,1.8972287222
24843,USGS,01351500,2007-10-07,A,1.9057237761799999
24844,USGS,01351500,2007-10-08,A,1.8575851369599998
24845,USGS,01351500,2007-10-09,A,3.8794079842
24846,USGS,01351500,2007-10-10,A,14.215056993200001
24847,USGS,01351500,2007-10-11,A,10.9303027876
24848,USGS,01351500,2007-10-12,A,9.769312077
24849,USGS,01351500,2007-10-13,A,12.0629766516
24850,USGS,01351500,2007-10-14,A,9.0047572188
24851,USGS,01351500,2007-10-15,A,7.1924790364
24852,USGS,01351500,2007-10-16,A,6.003171479200001
24853,USGS,01351500,2007-10-17,A,5.2102997744
24854,USGS,01351500,2007-10-18,A,4.643962842400001
24855,USGS,01351500,2007-10-19,A,3.822774291
24856,USGS,01351500,2007-10-20,A,4.0493090638
24857,USGS,01351500,2007-10-21,A,7.3340632694000005
24858,USGS,01351500,2007-10-22,A,6.5978252578
24859,USGS,01351500,2007-10-23,A,5.5217850870000005
24860,USGS,01351500,2007-10-24,A,6.456241024800001
24861,USGS,01351500,2007-10-25,A,10.3073321624
24862,USGS,01351500,2007-10-26,A,8.7499055994
24863,USGS,01351500,2007-10-27,A,12.9691157428
24864,USGS,01351500,2007-10-28,A,45.590123026
24865,USGS,01351500,2007-10-29,A,24.9754587012
24866,USGS,01351500,2007-10-30,A,17.556444892000002
24867,USGS,01351500,2007-10-31,A,13.761987447600001
24868,USGS,01351500,2007-11-01,A,11.8647587254
24869,USGS,01351500,2007-11-02,A,10.7887185546
24870,USGS,01351500,2007-11-03,A,9.061390912
24871,USGS,01351500,2007-11-04,A,8.0419844344
24872,USGS,01351500,2007-11-05,A,7.4190138092
24873,USGS,01351500,2007-11-06,A,7.815449661600001
24874,USGS,01351500,2007-11-07,A,12.2611945778
24875,USGS,01351500,2007-11-08,A,10.1091142362
24876,USGS,01351500,2007-11-09,A,8.325152900400001
24877,USGS,01351500,2007-11-10,A,7.5889148888
24878,USGS,01351500,2007-11-11,A,7.4190138092
24879,USGS,01351500,2007-11-12,A,7.0225779568
24880,USGS,01351500,2007-11-13,A,7.0225779568
24881,USGS,01351500,2007-11-14,A,8.5516876732
24882,USGS,01351500,2007-11-15,A,23.3330815984
24883,USGS,01351500,2007-11-16,A,60.031714792
24884,USGS,01351500,2007-11-17,A,34.546552852
24885,USGS,01351500,2007-11-18,A,25.5134787866
24886,USGS,01351500,2007-11-19,A,20.274862165600002
24887,USGS,01351500,2007-11-20,A,22.4552593538
24888,USGS,01351500,2007-11-21,A,36.528732114
24889,USGS,01351500,2007-11-22,A,29.166351998
24890,USGS,01351500,2007-11-23,A,25.966548332200002
24891,USGS,01351500,2007-11-24,A,20.8411990976
24892,USGS,01351500,2007-11-25,A,18.0944649774
24893,USGS,01351500,2007-11-26,A,17.8962470512
24894,USGS,01351500,2007-11-27,A,61.730725588
24895,USGS,01351500,2007-11-28,A,52.669334676
24896,USGS,01351500,2007-11-29,A,38.510911376
24897,USGS,01351500,2007-11-30,A,33.98021592
24898,USGS,01351500,2007-12-01,A,25.2586271672
24899,USGS,01351500,2007-12-02,A,18.6608019094
24900,USGS,01351500,2007-12-03,A,30.015857396
24901,USGS,01351500,2007-12-04,A,40.209922172
24902,USGS,01351500,2007-12-05,A,29.732688930000002
24903,USGS,01351500,2007-12-06,A,23.4463489848
24904,USGS,01351500,2007-12-07,A,20.3031790122
24905,USGS,01351500,2007-12-08,A,19.9916936996
24906,USGS,01351500,2007-12-09,A,17.556444892000002
24907,USGS,01351500,2007-12-10,A,16.3954541814
24908,USGS,01351500,2007-12-11,A,16.508721567800002
24909,USGS,01351500,2007-12-12,A,33.98021592
24910,USGS,01351500,2007-12-13,A,42.192101434
24911,USGS,01351500,2007-12-14,A,32.56437359
24912,USGS,01351500,2007-12-15,A,25.7966472526
24913,USGS,01351500,2007-12-16,A,22.8233783596
24914,USGS,01351500,2007-12-17,A:e,21.2093181034
24915,USGS,01351500,2007-12-18,A:e,20.784565404400002
24916,USGS,01351500,2007-12-19,A:e,20.3598127054
24917,USGS,01351500,2007-12-20,A:e,19.82179262
24918,USGS,01351500,2007-12-21,A,23.6162500644
24919,USGS,01351500,2007-12-22,A,34.263384386
24920,USGS,01351500,2007-12-23,A,43.041606832
24921,USGS,01351500,2007-12-24,A,174.431775056
24922,USGS,01351500,2007-12-25,A,92.312919916
24923,USGS,01351500,2007-12-26,A,83.53469747
24924,USGS,01351500,2007-12-27,A,79.00400201400001
24925,USGS,01351500,2007-12-28,A,69.093105704
24926,USGS,01351500,2007-12-29,A,71.075284966
24927,USGS,01351500,2007-12-30,A,82.11885514000001
24928,USGS,01351500,2007-12-31,A,73.62380116
24929,USGS,01351500,2008-01-01,A,61.730725588
24930,USGS,01351500,2008-01-02,A,57.200030132
24931,USGS,01351500,2008-01-03,A,38.794079842
24932,USGS,01351500,2008-01-04,A:e,36.245563648
24933,USGS,01351500,2008-01-05,A:e,35.39605825
24934,USGS,01351500,2008-01-06,A,47.855470754
24935,USGS,01351500,2008-01-07,A,79.570338946
24936,USGS,01351500,2008-01-08,A,166.78622647400002
24937,USGS,01351500,2008-01-09,A,206.429811714
24938,USGS,01351500,2008-01-10,A,173.299101192
24939,USGS,01351500,2008-01-11,A,191.988219948
24940,USGS,01351500,2008-01-12,A,204.447632452
24941,USGS,01351500,2008-01-13,A,132.806010554
24942,USGS,01351500,2008-01-14,A,100.80797389600001
24943,USGS,01351500,2008-01-15,A,88.34856139200001
24944,USGS,01351500,2008-01-16,A,71.924790364
24945,USGS,01351500,2008-01-17,A,56.350524734000004
24946,USGS,01351500,2008-01-18,A,56.067356268000005
24947,USGS,01351500,2008-01-19,A,49.837650016
24948,USGS,01351500,2008-01-20,A,42.4752699
24949,USGS,01351500,2008-01-21,A,32.56437359
24950,USGS,01351500,2008-01-22,A,31.431699726
24951,USGS,01351500,2008-01-23,A:e,30.299025862
24952,USGS,01351500,2008-01-24,A:e,28.0903118272
24953,USGS,01351500,2008-01-25,A,25.7400135594
24954,USGS,01351500,2008-01-26,A:e,24.352488076
24955,USGS,01351500,2008-01-27,A:e,23.1914973654
24956,USGS,01351500,2008-01-28,A:e,22.851695206200002
24957,USGS,01351500,2008-01-29,A,22.341991967400002
24958,USGS,01351500,2008-01-30,A,19.4536736142
24959,USGS,01351500,2008-01-31,A,25.0320923944
24960,USGS,01351500,2008-02-01,A,21.5491202626
24961,USGS,01351500,2008-02-02,A,28.600015066
24962,USGS,01351500,2008-02-03,A,30.865362794
24963,USGS,01351500,2008-02-04,A,27.4956580486
24964,USGS,01351500,2008-02-05,A,39.360416774
24965,USGS,01351500,2008-02-06,A,254.568450934
24966,USGS,01351500,2008-02-07,A,311.4853126
24967,USGS,01351500,2008-02-08,A,217.473381888
24968,USGS,01351500,2008-02-09,A,133.938684418
24969,USGS,01351500,2008-02-10,A,101.94064776
24970,USGS,01351500,2008-02-11,A,71.075284966
24971,USGS,01351500,2008-02-12,A,50.403986948000004
24972,USGS,01351500,2008-02-13,A,65.695084112
24973,USGS,01351500,2008-02-14,A,142.150569932
24974,USGS,01351500,2008-02-15,A,107.320848614
24975,USGS,01351500,2008-02-16,A,75.322811956
24976,USGS,01351500,2008-02-17,A,57.766367064
24977,USGS,01351500,2008-02-18,A,231.914973654
24978,USGS,01351500,2008-02-19,A,273.823906622
24979,USGS,01351500,2008-02-20,A,143.849580728
24980,USGS,01351500,2008-02-21,A,96.843615372
24981,USGS,01351500,2008-02-22,A,64.562410248
24982,USGS,01351500,2008-02-23,A,63.71290485
24983,USGS,01351500,2008-02-24,A,50.403986948000004
24984,USGS,01351500,2008-02-25,A,48.13863922
24985,USGS,01351500,2008-02-26,A,47.572302288
24986,USGS,01351500,2008-02-27,A,44.457449162
24987,USGS,01351500,2008-02-28,A,39.926753706
24988,USGS,01351500,2008-02-29,A,34.546552852
24989,USGS,01351500,2008-03-01,A,38.22774291
24990,USGS,01351500,2008-03-02,A,34.829721318000004
24991,USGS,01351500,2008-03-03,A,34.829721318000004
24992,USGS,01351500,2008-03-04,A,63.146567918
24993,USGS,01351500,2008-03-05,A,481.3863922
24994,USGS,01351500,2008-03-06,A,489.88144618
24995,USGS,01351500,2008-03-07,A,249.754587012
24996,USGS,01351500,2008-03-08,A,424.752699
24997,USGS,01351500,2008-03-09,A,586.15872462
24998,USGS,01351500,2008-03-10,A,244.94072309
24999,USGS,01351500,2008-03-11,A,148.66344465
25000,USGS,01351500,2008-03-12,A,114.116891798
25001,USGS,01351500,2008-03-13,A,86.649550596
25002,USGS,01351500,2008-03-14,A,73.906969626
25003,USGS,01351500,2008-03-15,A,92.596088382
25004,USGS,01351500,2008-03-16,A,97.69312077000001
25005,USGS,01351500,2008-03-17,A,80.419844344
25006,USGS,01351500,2008-03-18,A,66.827757976
25007,USGS,01351500,2008-03-19,A,71.358453432
25008,USGS,01351500,2008-03-20,A,252.86944013800002
25009,USGS,01351500,2008-03-21,A,167.352563406
25010,USGS,01351500,2008-03-22,A,106.18817475
25011,USGS,01351500,2008-03-23,A,83.251529004
25012,USGS,01351500,2008-03-24,A,65.411915646
25013,USGS,01351500,2008-03-25,A,53.80200854
25014,USGS,01351500,2008-03-26,A,57.200030132
25015,USGS,01351500,2008-03-27,A,53.518840074
25016,USGS,01351500,2008-03-28,A,54.368345472
25017,USGS,01351500,2008-03-29,A,55.501019336
25018,USGS,01351500,2008-03-30,A,49.55448155
25019,USGS,01351500,2008-03-31,A,58.615872462
25020,USGS,01351500,2008-04-01,A,206.996148646
25021,USGS,01351500,2008-04-02,A,259.948651788
25022,USGS,01351500,2008-04-03,A,151.211960844
25023,USGS,01351500,2008-04-04,A,124.310956574
25024,USGS,01351500,2008-04-05,A,157.15849863
25025,USGS,01351500,2008-04-06,A,132.806010554
25026,USGS,01351500,2008-04-07,A,101.94064776
25027,USGS,01351500,2008-04-08,A,84.101034402
25028,USGS,01351500,2008-04-09,A,75.322811956
25029,USGS,01351500,2008-04-10,A,68.243600306
25030,USGS,01351500,2008-04-11,A,65.12874718
25031,USGS,01351500,2008-04-12,A,73.057464228
25032,USGS,01351500,2008-04-13,A,71.924790364
25033,USGS,01351500,2008-04-14,A,61.447557122
25034,USGS,01351500,2008-04-15,A,61.447557122
25035,USGS,01351500,2008-04-16,A,47.005965356000004
25036,USGS,01351500,2008-04-17,A,42.192101434
25037,USGS,01351500,2008-04-18,A,40.776259104000005
25038,USGS,01351500,2008-04-19,A,32.847542056
25039,USGS,01351500,2008-04-20,A,31.431699726
25040,USGS,01351500,2008-04-21,A,29.732688930000002
25041,USGS,01351500,2008-04-22,A,20.954466484
25042,USGS,01351500,2008-04-23,A,13.2522842088
25043,USGS,01351500,2008-04-24,A,12.3744619642
25044,USGS,01351500,2008-04-25,A,12.9407988962
25045,USGS,01351500,2008-04-26,A,13.167333669
25046,USGS,01351500,2008-04-27,A,13.6487200612
25047,USGS,01351500,2008-04-28,A,14.922978158200001
25048,USGS,01351500,2008-04-29,A,34.263384386
25049,USGS,01351500,2008-04-30,A,33.413878988
25050,USGS,01351500,2008-05-01,A,25.4002114002
25051,USGS,01351500,2008-05-02,A,22.087140348000002
25052,USGS,01351500,2008-05-03,A,21.4924865694
25053,USGS,01351500,2008-05-04,A,27.8071433612
25054,USGS,01351500,2008-05-05,A,32.281205124
25055,USGS,01351500,2008-05-06,A,26.5045684176
25056,USGS,01351500,2008-05-07,A,18.9439703754
25057,USGS,01351500,2008-05-08,A,18.4342671366
25058,USGS,01351500,2008-05-09,A,18.4342671366
25059,USGS,01351500,2008-05-10,A,14.4982254592
25060,USGS,01351500,2008-05-11,A,12.9407988962
25061,USGS,01351500,2008-05-12,A,13.2239673622
25062,USGS,01351500,2008-05-13,A,11.5249565662
25063,USGS,01351500,2008-05-14,A,7.7588159684
25064,USGS,01351500,2008-05-15,A,6.7110926442
25065,USGS,01351500,2008-05-16,A,6.456241024800001
25066,USGS,01351500,2008-05-17,A,6.5695084112
25067,USGS,01351500,2008-05-18,A,7.0225779568
25068,USGS,01351500,2008-05-19,A,7.4190138092
25069,USGS,01351500,2008-05-20,A,6.8809937238000005
25070,USGS,01351500,2008-05-21,A,6.003171479200001
25071,USGS,01351500,2008-05-22,A,6.2013894054000005
25072,USGS,01351500,2008-05-23,A,5.8615872462
25073,USGS,01351500,2008-05-24,A,5.3518840074
25074,USGS,01351500,2008-05-25,A,4.7005965356
25075,USGS,01351500,2008-05-26,A,4.2192101434
25076,USGS,01351500,2008-05-27,A,3.7378237512
25077,USGS,01351500,2008-05-28,A,3.398021592
25078,USGS,01351500,2008-05-29,A,3.1431699726
25079,USGS,01351500,2008-05-30,A,2.973268893
25080,USGS,01351500,2008-05-31,A,2.9449520464
25081,USGS,01351500,2008-06-01,A,3.4263384386
25082,USGS,01351500,2008-06-02,A,3.8794079842
25083,USGS,01351500,2008-06-03,A,3.3130710522
25084,USGS,01351500,2008-06-04,A,2.9449520464
25085,USGS,01351500,2008-06-05,A,2.74956580486
25086,USGS,01351500,2008-06-06,A,10.4489163954
25087,USGS,01351500,2008-06-07,A,12.2895114244
25088,USGS,01351500,2008-06-08,A,8.9481235256
25089,USGS,01351500,2008-06-09,A,18.7740692958
25090,USGS,01351500,2008-06-10,A,11.185154407
25091,USGS,01351500,2008-06-11,A,7.9004002014
25092,USGS,01351500,2008-06-12,A,5.7483198598000005
25093,USGS,01351500,2008-06-13,A,4.3607943764
25094,USGS,01351500,2008-06-14,A,10.8736690944
25095,USGS,01351500,2008-06-15,A,30.015857396
25096,USGS,01351500,2008-06-16,A,12.912482049600001
25097,USGS,01351500,2008-06-17,A,20.1615947792
25098,USGS,01351500,2008-06-18,A,13.6487200612
25099,USGS,01351500,2008-06-19,A,10.1091142362
25100,USGS,01351500,2008-06-20,A,8.070301281
25101,USGS,01351500,2008-06-21,A,6.456241024800001
25102,USGS,01351500,2008-06-22,A,6.2863399452
25103,USGS,01351500,2008-06-23,A,10.9303027876
25104,USGS,01351500,2008-06-24,A,10.8736690944
25105,USGS,01351500,2008-06-25,A,7.6172317354
25106,USGS,01351500,2008-06-26,A,5.7766367064
25107,USGS,01351500,2008-06-27,A,5.097032388000001
25108,USGS,01351500,2008-06-28,A,4.7005965356
25109,USGS,01351500,2008-06-29,A,6.0314883258
25110,USGS,01351500,2008-06-30,A,5.1536660812
25111,USGS,01351500,2008-07-01,A,4.3324775298
25112,USGS,01351500,2008-07-02,A,3.6245563648
25113,USGS,01351500,2008-07-03,A,3.114853126
25114,USGS,01351500,2008-07-04,A,2.9166351998
25115,USGS,01351500,2008-07-05,A,2.6249716798200002
25116,USGS,01351500,2008-07-06,A,2.3644566911
25117,USGS,01351500,2008-07-07,A,2.14075360296
25118,USGS,01351500,2008-07-08,A,1.99916936996
25119,USGS,01351500,2008-07-09,A,1.8972287222
25120,USGS,01351500,2008-07-10,A,1.80095144376
25121,USGS,01351500,2008-07-11,A,1.7726345971600002
25122,USGS,01351500,2008-07-12,A,1.63671373348
25123,USGS,01351500,2008-07-13,A,3.6811900580000003
25124,USGS,01351500,2008-07-14,A,36.245563648
25125,USGS,01351500,2008-07-15,A,12.0912934982
25126,USGS,01351500,2008-07-16,A,5.7766367064
25127,USGS,01351500,2008-07-17,A,3.8510911376
25128,USGS,01351500,2008-07-18,A,3.0015857396000003
25129,USGS,01351500,2008-07-19,A,3.3413878988
25130,USGS,01351500,2008-07-20,A,3.539605825
25131,USGS,01351500,2008-07-21,A,9.91089631
25132,USGS,01351500,2008-07-22,A,20.5580306316
25133,USGS,01351500,2008-07-23,A,144.41591766
25134,USGS,01351500,2008-07-24,A,225.11893047
25135,USGS,01351500,2008-07-25,A,98.825794634
25136,USGS,01351500,2008-07-26,A,42.758438366
25137,USGS,01351500,2008-07-27,A,37.661405978
25138,USGS,01351500,2008-07-28,A,34.546552852
25139,USGS,01351500,2008-07-29,A,22.370308814
25140,USGS,01351500,2008-07-30,A,15.1778297776
25141,USGS,01351500,2008-07-31,A,11.949709265200001
25142,USGS,01351500,2008-08-01,A,10.335649009
25143,USGS,01351500,2008-08-02,A,9.1463414518
25144,USGS,01351500,2008-08-03,A,11.8364418788
25145,USGS,01351500,2008-08-04,A,10.392282702200001
25146,USGS,01351500,2008-08-05,A,8.2402023606
25147,USGS,01351500,2008-08-06,A,6.7110926442
25148,USGS,01351500,2008-08-07,A,5.8332703996
25149,USGS,01351500,2008-08-08,A,5.8332703996
25150,USGS,01351500,2008-08-09,A,6.6261421044
25151,USGS,01351500,2008-08-10,A,5.804953553
25152,USGS,01351500,2008-08-11,A,12.7708978166
25153,USGS,01351500,2008-08-12,A,27.3540738156
25154,USGS,01351500,2008-08-13,A,14.724760232000001
25155,USGS,01351500,2008-08-14,A,10.0241636964
25156,USGS,01351500,2008-08-15,A,7.7304991218
25157,USGS,01351500,2008-08-16,A,6.8526768772
25158,USGS,01351500,2008-08-17,A,6.5978252578
25159,USGS,01351500,2008-08-18,A,5.4651513938
25160,USGS,01351500,2008-08-19,A,4.643962842400001
25161,USGS,01351500,2008-08-20,A,4.2192101434
25162,USGS,01351500,2008-08-21,A,3.7378237512
25163,USGS,01351500,2008-08-22,A,3.3413878988
25164,USGS,01351500,2008-08-23,A,3.0865362794
25165,USGS,01351500,2008-08-24,A,2.9449520464
25166,USGS,01351500,2008-08-25,A,2.75522917418
25167,USGS,01351500,2008-08-26,A,2.5201993474
25168,USGS,01351500,2008-08-27,A,2.31631805188
25169,USGS,01351500,2008-08-28,A,2.1520803416
25170,USGS,01351500,2008-08-29,A,2.02182284724
25171,USGS,01351500,2008-08-30,A,1.93404062278
25172,USGS,01351500,2008-08-31,A,1.8689118756
25173,USGS,01351500,2008-09-01,A,1.80095144376
25174,USGS,01351500,2008-09-02,A,1.80095144376
25175,USGS,01351500,2008-09-03,A,1.68768405736
25176,USGS,01351500,2008-09-04,A,1.52344634708
25177,USGS,01351500,2008-09-05,A,1.38469379874
25178,USGS,01351500,2008-09-06,A,1.6621988954200002
25179,USGS,01351500,2008-09-07,A,2.8600015066
25180,USGS,01351500,2008-09-08,A,4.1625764502000004
25181,USGS,01351500,2008-09-09,A,3.2847542056
25182,USGS,01351500,2008-09-10,A,3.9926753706
25183,USGS,01351500,2008-09-11,A,3.822774291
25184,USGS,01351500,2008-09-12,A,3.0299025862
25185,USGS,01351500,2008-09-13,A,2.83168466
25186,USGS,01351500,2008-09-14,A,9.627727844
25187,USGS,01351500,2008-09-15,A,10.845352247800001
25188,USGS,01351500,2008-09-16,A,11.5249565662
25189,USGS,01351500,2008-09-17,A,12.1196103448
25190,USGS,01351500,2008-09-18,A,12.2611945778
25191,USGS,01351500,2008-09-19,A,12.2895114244
25192,USGS,01351500,2008-09-20,A,11.609907106
25193,USGS,01351500,2008-09-21,A,4.5873291492
25194,USGS,01351500,2008-09-22,A,2.83168466
25195,USGS,01351500,2008-09-23,A,2.4182586996400004
25196,USGS,01351500,2008-09-24,A,2.03314958588
25197,USGS,01351500,2008-09-25,A,1.7414860659
25198,USGS,01351500,2008-09-26,A,1.69334742668
25199,USGS,01351500,2008-09-27,A,2.00200105462
25200,USGS,01351500,2008-09-28,A,3.114853126
25201,USGS,01351500,2008-09-29,A,6.1730725588
25202,USGS,01351500,2008-09-30,A,6.796043184
25203,USGS,01351500,2008-10-01,A,5.380200854
25204,USGS,01351500,2008-10-02,A,5.4368345472
25205,USGS,01351500,2008-10-03,A,4.7572302288
25206,USGS,01351500,2008-10-04,A,4.3324775298
25207,USGS,01351500,2008-10-05,A,3.8794079842
25208,USGS,01351500,2008-10-06,A,3.8794079842
25209,USGS,01351500,2008-10-07,A,3.3697047454
25210,USGS,01351500,2008-10-08,A,3.0865362794
25211,USGS,01351500,2008-10-09,A,2.973268893
25212,USGS,01351500,2008-10-10,A,2.973268893
25213,USGS,01351500,2008-10-11,A,2.8600015066
25214,USGS,01351500,2008-10-12,A,2.8600015066
25215,USGS,01351500,2008-10-13,A,2.75522917418
25216,USGS,01351500,2008-10-14,A,2.72691232758
25217,USGS,01351500,2008-10-15,A,2.64196178778
25218,USGS,01351500,2008-10-16,A,2.55417956332
25219,USGS,01351500,2008-10-17,A,2.973268893
25220,USGS,01351500,2008-10-18,A,3.0299025862
25221,USGS,01351500,2008-10-19,A,2.79770444408
25222,USGS,01351500,2008-10-20,A,2.3899418530400003
25223,USGS,01351500,2008-10-21,A,2.09827833306
25224,USGS,01351500,2008-10-22,A,2.03314958588
25225,USGS,01351500,2008-10-23,A,1.9793475773400002
25226,USGS,01351500,2008-10-24,A,1.95669410006
25227,USGS,01351500,2008-10-25,A,3.6245563648
25228,USGS,01351500,2008-10-26,A,46.156459958
25229,USGS,01351500,2008-10-27,A,25.966548332200002
25230,USGS,01351500,2008-10-28,A,67.677263374
25231,USGS,01351500,2008-10-29,A,82.685192072
25232,USGS,01351500,2008-10-30,A,43.891112230000005
25233,USGS,01351500,2008-10-31,A,33.130710522
25234,USGS,01351500,2008-11-01,A,45.590123026
25235,USGS,01351500,2008-11-02,A,48.421807686
25236,USGS,01351500,2008-11-03,A,58.04953553
25237,USGS,01351500,2008-11-04,A,48.704976152
25238,USGS,01351500,2008-11-05,A,64.562410248
25239,USGS,01351500,2008-11-06,A,63.146567918
25240,USGS,01351500,2008-11-07,A,71.075284966
25241,USGS,01351500,2008-11-08,A,74.756475024
25242,USGS,01351500,2008-11-09,A,74.473306558
25243,USGS,01351500,2008-11-10,A,54.651513938
25244,USGS,01351500,2008-11-11,A,39.64358524
25245,USGS,01351500,2008-11-12,A,41.625764502
25246,USGS,01351500,2008-11-13,A,32.56437359
25247,USGS,01351500,2008-11-14,A,32.847542056
25248,USGS,01351500,2008-11-15,A,29.732688930000002
25249,USGS,01351500,2008-11-16,A,50.687155414
25250,USGS,01351500,2008-11-17,A,61.447557122
25251,USGS,01351500,2008-11-18,A,47.855470754
25252,USGS,01351500,2008-11-19,A,38.794079842
25253,USGS,01351500,2008-11-20,A,25.6550630196
25254,USGS,01351500,2008-11-21,A,19.963376853
25255,USGS,01351500,2008-11-22,A,15.4609982436
25256,USGS,01351500,2008-11-23,A,12.1196103448
25257,USGS,01351500,2008-11-24,A,10.8736690944
25258,USGS,01351500,2008-11-25,A,13.6487200612
25259,USGS,01351500,2008-11-26,A,20.2182284724
25260,USGS,01351500,2008-11-27,A,17.131692193
25261,USGS,01351500,2008-11-28,A,15.4609982436
25262,USGS,01351500,2008-11-29,A,13.875254834
25263,USGS,01351500,2008-11-30,A,12.9691157428
25264,USGS,01351500,2008-12-01,A,23.1065468256
25265,USGS,01351500,2008-12-02,A,34.829721318000004
25266,USGS,01351500,2008-12-03,A,24.8338744682
25267,USGS,01351500,2008-12-04,A,19.538624154
25268,USGS,01351500,2008-12-05,A,21.8606055752
25269,USGS,01351500,2008-12-06,A,17.6130785852
25270,USGS,01351500,2008-12-07,A,16.423771028
25271,USGS,01351500,2008-12-08,A,14.8097107718
25272,USGS,01351500,2008-12-09,A:e,12.459412504
25273,USGS,01351500,2008-12-10,A,23.3047647518
25274,USGS,01351500,2008-12-11,A,41.908932968
25275,USGS,01351500,2008-12-12,A,134.50502135
25276,USGS,01351500,2008-12-13,A,172.73276426
25277,USGS,01351500,2008-12-14,A,104.489163954
25278,USGS,01351500,2008-12-15,A,124.02778810800001
25279,USGS,01351500,2008-12-16,A,191.70505148200002
25280,USGS,01351500,2008-12-17,A,121.196103448
25281,USGS,01351500,2008-12-18,A,95.994109974
25282,USGS,01351500,2008-12-19,A,72.491127296
25283,USGS,01351500,2008-12-20,A,60.598051724
25284,USGS,01351500,2008-12-21,A:e,53.80200854
25285,USGS,01351500,2008-12-22,A:e,47.572302288
25286,USGS,01351500,2008-12-23,A:e,41.625764502
25287,USGS,01351500,2008-12-24,A,42.758438366
25288,USGS,01351500,2008-12-25,A,184.625839832
25289,USGS,01351500,2008-12-26,A,138.75254834
25290,USGS,01351500,2008-12-27,A,126.00996737
25291,USGS,01351500,2008-12-28,A,250.887260876
25292,USGS,01351500,2008-12-29,A,246.073396954
25293,USGS,01351500,2008-12-30,A,154.609982436
25294,USGS,01351500,2008-12-31,A,107.887185546
25295,USGS,01351500,2009-01-01,A,73.057464228
25296,USGS,01351500,2009-01-02,A:e,69.093105704
25297,USGS,01351500,2009-01-03,A,65.695084112
25298,USGS,01351500,2009-01-04,A,56.916861666
25299,USGS,01351500,2009-01-05,A,53.235671608000004
25300,USGS,01351500,2009-01-06,A,47.572302288
25301,USGS,01351500,2009-01-07,A,42.192101434
25302,USGS,01351500,2009-01-08,A,48.988144618
25303,USGS,01351500,2009-01-09,A:e,35.962395182
25304,USGS,01351500,2009-01-10,A:e,27.8354602078
25305,USGS,01351500,2009-01-11,A:e,21.2093181034
25306,USGS,01351500,2009-01-12,A:e,22.993279439200002
25307,USGS,01351500,2009-01-13,A:e,20.8978327908
25308,USGS,01351500,2009-01-14,A:e,16.5370384144
25309,USGS,01351500,2009-01-15,A:e,13.7903042942
25310,USGS,01351500,2009-01-16,A:e,12.204560884600001
25311,USGS,01351500,2009-01-17,A:e,11.100203867200001
25312,USGS,01351500,2009-01-18,A:e,10.194064776000001
25313,USGS,01351500,2009-01-19,A:e,9.344559378
25314,USGS,01351500,2009-01-20,A:e,9.202975145
25315,USGS,01351500,2009-01-21,A:e,9.4295099178
25316,USGS,01351500,2009-01-22,A:e,9.8825794634
25317,USGS,01351500,2009-01-23,A:e,10.3073321624
25318,USGS,01351500,2009-01-24,A:e,10.477233242
25319,USGS,01351500,2009-01-25,A:e,10.137431082800001
25320,USGS,01351500,2009-01-26,A:e,9.5144604576
25321,USGS,01351500,2009-01-27,A:e,8.6932719062
25322,USGS,01351500,2009-01-28,A:e,7.6738654286
25323,USGS,01351500,2009-01-29,A:e,6.5978252578
25324,USGS,01351500,2009-01-30,A:e,6.6544589510000005
25325,USGS,01351500,2009-01-31,A:e,6.9659442636
25326,USGS,01351500,2009-02-01,A:e,6.6544589510000005
25327,USGS,01351500,2009-02-02,A:e,6.4845578714
25328,USGS,01351500,2009-02-03,A:e,6.2580230986
25329,USGS,01351500,2009-02-04,A:e,6.3146567918
25330,USGS,01351500,2009-02-05,A:e,6.8243600306
25331,USGS,01351500,2009-02-06,A:e,6.6544589510000005
25332,USGS,01351500,2009-02-07,A:e,8.49505398
25333,USGS,01351500,2009-02-08,A:e,25.48516194
25334,USGS,01351500,2009-02-09,A:e,36.245563648
25335,USGS,01351500,2009-02-10,A:e,66.261421044
25336,USGS,01351500,2009-02-11,A,78.154496616
25337,USGS,01351500,2009-02-12,A:e,112.984217934
25338,USGS,01351500,2009-02-13,A:e,122.328777312
25339,USGS,01351500,2009-02-14,A,103.639658556
25340,USGS,01351500,2009-02-15,A,66.827757976
25341,USGS,01351500,2009-02-16,A,50.120818482000004
25342,USGS,01351500,2009-02-17,A,42.192101434
25343,USGS,01351500,2009-02-18,A,36.528732114
25344,USGS,01351500,2009-02-19,A,37.661405978
25345,USGS,01351500,2009-02-20,A,34.829721318000004
25346,USGS,01351500,2009-02-21,A,33.130710522
25347,USGS,01351500,2009-02-22,A,31.431699726
25348,USGS,01351500,2009-02-23,A,30.015857396
25349,USGS,01351500,2009-02-24,A,25.909914639
25350,USGS,01351500,2009-02-25,A:e,24.6922902352
25351,USGS,01351500,2009-02-26,A,25.2586271672
25352,USGS,01351500,2009-02-27,A,38.794079842
25353,USGS,01351500,2009-02-28,A,91.746582984
25354,USGS,01351500,2009-03-01,A,41.342596036
25355,USGS,01351500,2009-03-02,A,28.288529753400002
25356,USGS,01351500,2009-03-03,A:e,18.4342671366
25357,USGS,01351500,2009-03-04,A:e,16.6786226474
25358,USGS,01351500,2009-03-05,A:e,17.5281280454
25359,USGS,01351500,2009-03-06,A,18.8023861424
25360,USGS,01351500,2009-03-07,A,39.077248308
25361,USGS,01351500,2009-03-08,A,122.895114244
25362,USGS,01351500,2009-03-09,A,286.00015066000003
25363,USGS,01351500,2009-03-10,A,261.364494118
25364,USGS,01351500,2009-03-11,A,215.774371092
25365,USGS,01351500,2009-03-12,A,159.707014824
25366,USGS,01351500,2009-03-13,A,99.675300032
25367,USGS,01351500,2009-03-14,A,77.588159684
25368,USGS,01351500,2009-03-15,A,64.279241782
25369,USGS,01351500,2009-03-16,A,57.483198598
25370,USGS,01351500,2009-03-17,A,55.21785087
25371,USGS,01351500,2009-03-18,A,51.253492346
25372,USGS,01351500,2009-03-19,A,69.942611102
25373,USGS,01351500,2009-03-20,A,60.598051724
25374,USGS,01351500,2009-03-21,A,52.952503142000005
25375,USGS,01351500,2009-03-22,A,41.625764502
25376,USGS,01351500,2009-03-23,A,35.962395182
25377,USGS,01351500,2009-03-24,A,30.865362794
25378,USGS,01351500,2009-03-25,A,28.600015066
25379,USGS,01351500,2009-03-26,A,25.0320923944
25380,USGS,01351500,2009-03-27,A,28.1469455204
25381,USGS,01351500,2009-03-28,A,27.608925435
25382,USGS,01351500,2009-03-29,A,25.456845093400002
25383,USGS,01351500,2009-03-30,A,34.546552852
25384,USGS,01351500,2009-03-31,A,38.22774291
25385,USGS,01351500,2009-04-01,A,42.4752699
25386,USGS,01351500,2009-04-02,A,36.245563648
25387,USGS,01351500,2009-04-03,A,32.56437359
25388,USGS,01351500,2009-04-04,A,62.580230986000004
25389,USGS,01351500,2009-04-05,A,71.075284966
25390,USGS,01351500,2009-04-06,A,53.235671608000004
25391,USGS,01351500,2009-04-07,A,52.38616621
25392,USGS,01351500,2009-04-08,A,48.988144618
25393,USGS,01351500,2009-04-09,A,42.758438366
25394,USGS,01351500,2009-04-10,A,37.944574444000004
25395,USGS,01351500,2009-04-11,A,35.112889784000004
25396,USGS,01351500,2009-04-12,A,37.661405978
25397,USGS,01351500,2009-04-13,A,33.697047454
25398,USGS,01351500,2009-04-14,A,27.920410747600002
25399,USGS,01351500,2009-04-15,A,24.8905081614
25400,USGS,01351500,2009-04-16,A,19.538624154
25401,USGS,01351500,2009-04-17,A,15.630899323200001
25402,USGS,01351500,2009-04-18,A,12.9974325894
25403,USGS,01351500,2009-04-19,A,11.100203867200001
25404,USGS,01351500,2009-04-20,A,9.1180246052
25405,USGS,01351500,2009-04-21,A,10.6471343216
25406,USGS,01351500,2009-04-22,A,14.1301064534
25407,USGS,01351500,2009-04-23,A,12.7992146632
25408,USGS,01351500,2009-04-24,A,11.8647587254
25409,USGS,01351500,2009-04-25,A,10.6754511682
25410,USGS,01351500,2009-04-26,A,8.5516876732
25411,USGS,01351500,2009-04-27,A,7.7304991218
25412,USGS,01351500,2009-04-28,A,7.1075284966000005
25413,USGS,01351500,2009-04-29,A,6.3996073316
25414,USGS,01351500,2009-04-30,A,5.9182209394
25415,USGS,01351500,2009-05-01,A,5.550101933600001
25416,USGS,01351500,2009-05-02,A,5.4085177006
25417,USGS,01351500,2009-05-03,A,5.5217850870000005
25418,USGS,01351500,2009-05-04,A,5.1819829278
25419,USGS,01351500,2009-05-05,A,5.0120818482
25420,USGS,01351500,2009-05-06,A,5.097032388000001
25421,USGS,01351500,2009-05-07,A,6.512874718
25422,USGS,01351500,2009-05-08,A,7.2774295762
25423,USGS,01351500,2009-05-09,A,6.3146567918
25424,USGS,01351500,2009-05-10,A,6.6261421044
25425,USGS,01351500,2009-05-11,A,6.5411915646
25426,USGS,01351500,2009-05-12,A,5.3235671608
25427,USGS,01351500,2009-05-13,A,4.6156459958000005
25428,USGS,01351500,2009-05-14,A,4.24752699
25429,USGS,01351500,2009-05-15,A,5.4934682404
25430,USGS,01351500,2009-05-16,A,6.4845578714
25431,USGS,01351500,2009-05-17,A,22.370308814
25432,USGS,01351500,2009-05-18,A,15.2344634708
25433,USGS,01351500,2009-05-19,A,10.4489163954
25434,USGS,01351500,2009-05-20,A,8.0136675878
25435,USGS,01351500,2009-05-21,A,6.3996073316
25436,USGS,01351500,2009-05-22,A,5.4368345472
25437,USGS,01351500,2009-05-23,A,5.3518840074
25438,USGS,01351500,2009-05-24,A,6.796043184
25439,USGS,01351500,2009-05-25,A,8.2968360538
25440,USGS,01351500,2009-05-26,A,8.8065392926
25441,USGS,01351500,2009-05-27,A,26.6461526506
25442,USGS,01351500,2009-05-28,A,29.449520464000003
25443,USGS,01351500,2009-05-29,A,37.661405978
25444,USGS,01351500,2009-05-30,A,45.30695456
25445,USGS,01351500,2009-05-31,A,31.148531260000002
25446,USGS,01351500,2009-06-01,A,21.662387649
25447,USGS,01351500,2009-06-02,A,18.6324850628
25448,USGS,01351500,2009-06-03,A,15.2061466242
25449,USGS,01351500,2009-06-04,A,11.751491339000001
25450,USGS,01351500,2009-06-05,A,11.1568375604
25451,USGS,01351500,2009-06-06,A,8.4384202868
25452,USGS,01351500,2009-06-07,A,5.4368345472
25453,USGS,01351500,2009-06-08,A,4.5590123026
25454,USGS,01351500,2009-06-09,A,4.4457449162
25455,USGS,01351500,2009-06-10,A,6.9659442636
25456,USGS,01351500,2009-06-11,A,5.7483198598000005
25457,USGS,01351500,2009-06-12,A,5.7483198598000005
25458,USGS,01351500,2009-06-13,A,7.2491127296
25459,USGS,01351500,2009-06-14,A,17.131692193
25460,USGS,01351500,2009-06-15,A,27.2974401224
25461,USGS,01351500,2009-06-16,A,18.2360492104
25462,USGS,01351500,2009-06-17,A,17.9528807444
25463,USGS,01351500,2009-06-18,A,57.200030132
25464,USGS,01351500,2009-06-19,A,103.35649009000001
25465,USGS,01351500,2009-06-20,A,79.570338946
25466,USGS,01351500,2009-06-21,A,207.845654044
25467,USGS,01351500,2009-06-22,A,210.39417023800002
25468,USGS,01351500,2009-06-23,A,118.93075572000001
25469,USGS,01351500,2009-06-24,A,80.70301281
25470,USGS,01351500,2009-06-25,A,67.394094908
25471,USGS,01351500,2009-06-26,A,62.013894054000005
25472,USGS,01351500,2009-06-27,A,72.20795883
25473,USGS,01351500,2009-06-28,A,71.075284966
25474,USGS,01351500,2009-06-29,A,54.651513938
25475,USGS,01351500,2009-06-30,A,44.174280696000004
25476,USGS,01351500,2009-07-01,A,58.899040928000005
25477,USGS,01351500,2009-07-02,A,114.400060264
25478,USGS,01351500,2009-07-03,A,110.43570174
25479,USGS,01351500,2009-07-04,A,72.77429576200001
25480,USGS,01351500,2009-07-05,A,52.669334676
25481,USGS,01351500,2009-07-06,A,41.625764502
25482,USGS,01351500,2009-07-07,A,33.98021592
25483,USGS,01351500,2009-07-08,A,29.166351998
25484,USGS,01351500,2009-07-09,A,24.4374386158
25485,USGS,01351500,2009-07-10,A,19.7085252336
25486,USGS,01351500,2009-07-11,A,14.5548591524
25487,USGS,01351500,2009-07-12,A,19.9916936996
25488,USGS,01351500,2009-07-13,A,33.413878988
25489,USGS,01351500,2009-07-14,A,15.5459487834
25490,USGS,01351500,2009-07-15,A,11.2134712536
25491,USGS,01351500,2009-07-16,A,8.778222446000001
25492,USGS,01351500,2009-07-17,A,9.486143611000001
25493,USGS,01351500,2009-07-18,A,24.3241712294
25494,USGS,01351500,2009-07-19,A,36.245563648
25495,USGS,01351500,2009-07-20,A,24.5223891556
25496,USGS,01351500,2009-07-21,A,13.7053537544
25497,USGS,01351500,2009-07-22,A,12.9407988962
25498,USGS,01351500,2009-07-23,A,12.3461451176
25499,USGS,01351500,2009-07-24,A,11.0718870206
25500,USGS,01351500,2009-07-25,A,19.8501094666
25501,USGS,01351500,2009-07-26,A,33.130710522
25502,USGS,01351500,2009-07-27,A,29.732688930000002
25503,USGS,01351500,2009-07-28,A,23.1631805188
25504,USGS,01351500,2009-07-29,A,17.2449595794
25505,USGS,01351500,2009-07-30,A,138.75254834
25506,USGS,01351500,2009-07-31,A,214.641697228
25507,USGS,01351500,2009-08-01,A,248.905081614
25508,USGS,01351500,2009-08-02,A,188.30702989
25509,USGS,01351500,2009-08-03,A,122.04560884600001
25510,USGS,01351500,2009-08-04,A,74.190138092
25511,USGS,01351500,2009-08-05,A,54.368345472
25512,USGS,01351500,2009-08-06,A,42.758438366
25513,USGS,01351500,2009-08-07,A,33.413878988
25514,USGS,01351500,2009-08-08,A,27.5522917418
25515,USGS,01351500,2009-08-09,A,21.0677338704
25516,USGS,01351500,2009-08-10,A,21.2093181034
25517,USGS,01351500,2009-08-11,A,23.6728837576
25518,USGS,01351500,2009-08-12,A,16.4520878746
25519,USGS,01351500,2009-08-13,A,14.5548591524
25520,USGS,01351500,2009-08-14,A,9.939213156600001
25521,USGS,01351500,2009-08-15,A,7.6738654286
25522,USGS,01351500,2009-08-16,A,6.8526768772
25523,USGS,01351500,2009-08-17,A,5.7766367064
25524,USGS,01351500,2009-08-18,A,4.530695456
25525,USGS,01351500,2009-08-19,A,4.4174280696
25526,USGS,01351500,2009-08-20,A,5.946537786
25527,USGS,01351500,2009-08-21,A,5.4934682404
25528,USGS,01351500,2009-08-22,A,11.8364418788
25529,USGS,01351500,2009-08-23,A,14.215056993200001
25530,USGS,01351500,2009-08-24,A,21.6057539558
25531,USGS,01351500,2009-08-25,A,17.3299101192
25532,USGS,01351500,2009-08-26,A,11.6382239526
25533,USGS,01351500,2009-08-27,A,9.0897077586
25534,USGS,01351500,2009-08-28,A,6.5978252578
25535,USGS,01351500,2009-08-29,A,11.9780261118
25536,USGS,01351500,2009-08-30,A,24.550706002200002
25537,USGS,01351500,2009-08-31,A,21.0111001772
25538,USGS,01351500,2009-09-01,A,15.291097164
25539,USGS,01351500,2009-09-02,A,9.231291991600001
25540,USGS,01351500,2009-09-03,A,6.8809937238000005
25541,USGS,01351500,2009-09-04,A,5.4651513938
25542,USGS,01351500,2009-09-05,A,4.5873291492
25543,USGS,01351500,2009-09-06,A,3.8794079842
25544,USGS,01351500,2009-09-07,A,3.5679226716
25545,USGS,01351500,2009-09-08,A,3.3413878988
25546,USGS,01351500,2009-09-09,A,3.1714868192
25547,USGS,01351500,2009-09-10,A,2.83168466
25548,USGS,01351500,2009-09-11,A,2.6447934724400004
25549,USGS,01351500,2009-09-12,A,4.955448155
25550,USGS,01351500,2009-09-13,A,17.1883258862
25551,USGS,01351500,2009-09-14,A,16.650305800800002
25552,USGS,01351500,2009-09-15,A,15.3477308572
25553,USGS,01351500,2009-09-16,A,13.818621140800001
25554,USGS,01351500,2009-09-17,A,13.4221852884
25555,USGS,01351500,2009-09-18,A,13.0823831292
25556,USGS,01351500,2009-09-19,A,9.1180246052
25557,USGS,01351500,2009-09-20,A,3.7095069046
25558,USGS,01351500,2009-09-21,A,3.0015857396000003
25559,USGS,01351500,2009-09-22,A,2.5400211400200003
25560,USGS,01351500,2009-09-23,A,2.2228724581
25561,USGS,01351500,2009-09-24,A,2.01615947792
25562,USGS,01351500,2009-09-25,A,1.9793475773400002
25563,USGS,01351500,2009-09-26,A,1.9397039921
25564,USGS,01351500,2009-09-27,A,2.12093181034
25565,USGS,01351500,2009-09-28,A,4.2758438366
25566,USGS,01351500,2009-09-29,A,6.8809937238000005
25567,USGS,01351500,2009-09-30,A,5.5217850870000005
25568,USGS,01351500,2009-10-01,A,4.1908932968000006
25569,USGS,01351500,2009-10-02,A,4.0209922172
25570,USGS,01351500,2009-10-03,A,3.9077248308000003
25571,USGS,01351500,2009-10-04,A,4.3324775298
25572,USGS,01351500,2009-10-05,A,4.3324775298
25573,USGS,01351500,2009-10-06,A,3.8510911376
25574,USGS,01351500,2009-10-07,A,3.9360416774
25575,USGS,01351500,2009-10-08,A,5.1253492346
25576,USGS,01351500,2009-10-09,A,5.1819829278
25577,USGS,01351500,2009-10-10,A,4.4457449162
25578,USGS,01351500,2009-10-11,A,4.0493090638
25579,USGS,01351500,2009-10-12,A,3.9926753706
25580,USGS,01351500,2009-10-13,A,3.6245563648
25581,USGS,01351500,2009-10-14,A,3.5962395182
25582,USGS,01351500,2009-10-15,A,3.7095069046
25583,USGS,01351500,2009-10-16,A,3.4546552852000003
25584,USGS,01351500,2009-10-17,A,3.3130710522
25585,USGS,01351500,2009-10-18,A,3.1998036658
25586,USGS,01351500,2009-10-19,A,3.114853126
25587,USGS,01351500,2009-10-20,A,3.0015857396000003
25588,USGS,01351500,2009-10-21,A,2.7892093901
25589,USGS,01351500,2009-10-22,A,2.7184172736
25590,USGS,01351500,2009-10-23,A,2.58532809458
25591,USGS,01351500,2009-10-24,A,22.7667446664
25592,USGS,01351500,2009-10-25,A,72.491127296
25593,USGS,01351500,2009-10-26,A,28.2602129068
25594,USGS,01351500,2009-10-27,A,17.4714943522
25595,USGS,01351500,2009-10-28,A,79.00400201400001
25596,USGS,01351500,2009-10-29,A,119.213924186
25597,USGS,01351500,2009-10-30,A,50.97032388
25598,USGS,01351500,2009-10-31,A,36.245563648
25599,USGS,01351500,2009-11-01,A,56.916861666
25600,USGS,01351500,2009-11-02,A,52.38616621
25601,USGS,01351500,2009-11-03,A,43.607943764
25602,USGS,01351500,2009-11-04,A,38.22774291
25603,USGS,01351500,2009-11-05,A,31.148531260000002
25604,USGS,01351500,2009-11-06,A,30.015857396
25605,USGS,01351500,2009-11-07,A,24.9754587012
25606,USGS,01351500,2009-11-08,A,19.368723074400002
25607,USGS,01351500,2009-11-09,A,15.291097164
25608,USGS,01351500,2009-11-10,A,14.215056993200001
25609,USGS,01351500,2009-11-11,A,11.9213924186
25610,USGS,01351500,2009-11-12,A,9.627727844
25611,USGS,01351500,2009-11-13,A,8.6932719062
25612,USGS,01351500,2009-11-14,A,9.9675300032
25613,USGS,01351500,2009-11-15,A,17.160009039600002
25614,USGS,01351500,2009-11-16,A,14.9796118514
25615,USGS,01351500,2009-11-17,A,16.140602562
25616,USGS,01351500,2009-11-18,A,14.0734727602
25617,USGS,01351500,2009-11-19,A,12.1196103448
25618,USGS,01351500,2009-11-20,A,30.865362794
25619,USGS,01351500,2009-11-21,A,69.942611102
25620,USGS,01351500,2009-11-22,A,52.38616621
25621,USGS,01351500,2009-11-23,A,40.776259104000005
25622,USGS,01351500,2009-11-24,A,35.39605825
25623,USGS,01351500,2009-11-25,A,31.148531260000002
25624,USGS,01351500,2009-11-26,A,29.449520464000003
25625,USGS,01351500,2009-11-27,A,25.5984293264
25626,USGS,01351500,2009-11-28,A,25.2586271672
25627,USGS,01351500,2009-11-29,A,24.3808049226
25628,USGS,01351500,2009-11-30,A,22.3986256606
25629,USGS,01351500,2009-12-01,A,21.23763495
25630,USGS,01351500,2009-12-02,A,18.3776334434
25631,USGS,01351500,2009-12-03,A,51.536660812
25632,USGS,01351500,2009-12-04,A,103.073321624
25633,USGS,01351500,2009-12-05,A,66.54458951000001
25634,USGS,01351500,2009-12-06,A,54.368345472
25635,USGS,01351500,2009-12-07,A,44.740617628
25636,USGS,01351500,2009-12-08,A,41.342596036
25637,USGS,01351500,2009-12-09,A,38.22774291
25638,USGS,01351500,2009-12-10,A,41.625764502
25639,USGS,01351500,2009-12-11,A,37.095069046
25640,USGS,01351500,2009-12-12,A:e,29.732688930000002
25641,USGS,01351500,2009-12-13,A:e,29.166351998
25642,USGS,01351500,2009-12-14,A,59.748546326
25643,USGS,01351500,2009-12-15,A,58.332703996
25644,USGS,01351500,2009-12-16,A,66.827757976
25645,USGS,01351500,2009-12-17,A,51.536660812
25646,USGS,01351500,2009-12-18,A:e,38.794079842
25647,USGS,01351500,2009-12-19,A:e,31.431699726
25648,USGS,01351500,2009-12-20,A:e,36.81190058
25649,USGS,01351500,2009-12-21,A:e,32.847542056
25650,USGS,01351500,2009-12-22,A:e,32.847542056
25651,USGS,01351500,2009-12-23,A:e,30.865362794
25652,USGS,01351500,2009-12-24,A:e,31.998036658
25653,USGS,01351500,2009-12-25,A:e,32.56437359
25654,USGS,01351500,2009-12-26,A,34.263384386
25655,USGS,01351500,2009-12-27,A,65.978252578
25656,USGS,01351500,2009-12-28,A,74.756475024
25657,USGS,01351500,2009-12-29,A:e,41.059427570000004
25658,USGS,01351500,2009-12-30,A:e,34.546552852
25659,USGS,01351500,2009-12-31,A:e,30.299025862
25660,USGS,01351500,2010-01-01,A:e,30.865362794
25661,USGS,01351500,2010-01-02,A,30.582194328
25662,USGS,01351500,2010-01-03,A:e,27.6938759748
25663,USGS,01351500,2010-01-04,A:e,24.5223891556
25664,USGS,01351500,2010-01-05,A:e,27.4107075088
25665,USGS,01351500,2010-01-06,A:e,24.3808049226
25666,USGS,01351500,2010-01-07,A:e,23.8427848372
25667,USGS,01351500,2010-01-08,A:e,26.8160537302
25668,USGS,01351500,2010-01-09,A:e,24.9471418546
25669,USGS,01351500,2010-01-10,A:e,26.334667338
25670,USGS,01351500,2010-01-11,A:e,25.7400135594
25671,USGS,01351500,2010-01-12,A:e,24.2675375362
25672,USGS,01351500,2010-01-13,A:e,24.6073396954
25673,USGS,01351500,2010-01-14,A:e,23.5312995246
25674,USGS,01351500,2010-01-15,A:e,26.7027863438
25675,USGS,01351500,2010-01-16,A:e,21.1243675636
25676,USGS,01351500,2010-01-17,A:e,22.738427819800002
25677,USGS,01351500,2010-01-18,A:e,23.899418530400002
25678,USGS,01351500,2010-01-19,A:e,21.803971882
25679,USGS,01351500,2010-01-20,A:e,21.435852876200002
25680,USGS,01351500,2010-01-21,A:e,21.23763495
25681,USGS,01351500,2010-01-22,A:e,19.3404062278
25682,USGS,01351500,2010-01-23,A:e,20.926149637400002
25683,USGS,01351500,2010-01-24,A:e,18.575851369600002
25684,USGS,01351500,2010-01-25,A:e,130.823831292
25685,USGS,01351500,2010-01-26,A,484.21807686
25686,USGS,01351500,2010-01-27,A,264.76251571
25687,USGS,01351500,2010-01-28,A,133.938684418
25688,USGS,01351500,2010-01-29,A:e,74.473306558
25689,USGS,01351500,2010-01-30,A:e,47.855470754
25690,USGS,01351500,2010-01-31,A:e,42.192101434
25691,USGS,01351500,2010-02-01,A:e,41.059427570000004
25692,USGS,01351500,2010-02-02,A:e,38.22774291
25693,USGS,01351500,2010-02-03,A:e,31.431699726
25694,USGS,01351500,2010-02-04,A:e,29.449520464000003
25695,USGS,01351500,2010-02-05,A:e,25.626746173
25696,USGS,01351500,2010-02-06,A:e,24.2392206896
25697,USGS,01351500,2010-02-07,A:e,24.918825008
25698,USGS,01351500,2010-02-08,A:e,21.4075360296
25699,USGS,01351500,2010-02-09,A:e,22.4835762004
25700,USGS,01351500,2010-02-10,A:e,22.087140348000002
25701,USGS,01351500,2010-02-11,A:e,21.520803416
25702,USGS,01351500,2010-02-12,A:e,20.4164463986
25703,USGS,01351500,2010-02-13,A:e,21.3225854898
25704,USGS,01351500,2010-02-14,A:e,17.4431775056
25705,USGS,01351500,2010-02-15,A:e,16.253869948400002
25706,USGS,01351500,2010-02-16,A:e,16.5370384144
25707,USGS,01351500,2010-02-17,A:e,16.3954541814
25708,USGS,01351500,2010-02-18,A:e,17.4431775056
25709,USGS,01351500,2010-02-19,A:e,17.4431775056
25710,USGS,01351500,2010-02-20,A:e,16.5370384144
25711,USGS,01351500,2010-02-21,A:e,15.6875330164
25712,USGS,01351500,2010-02-22,A:e,15.291097164
25713,USGS,01351500,2010-02-23,A,15.999018329
25714,USGS,01351500,2010-02-24,A,17.7263459716
25715,USGS,01351500,2010-02-25,A,19.1988219948
25716,USGS,01351500,2010-02-26,A,20.671298018
25717,USGS,01351500,2010-02-27,A,23.757834297400002
25718,USGS,01351500,2010-02-28,A,21.9738729616
25719,USGS,01351500,2010-03-01,A,19.0855546084
25720,USGS,01351500,2010-03-02,A,18.6608019094
25721,USGS,01351500,2010-03-03,A,21.096050717
25722,USGS,01351500,2010-03-04,A,20.388129552000002
25723,USGS,01351500,2010-03-05,A,21.5774371092
25724,USGS,01351500,2010-03-06,A,21.4075360296
25725,USGS,01351500,2010-03-07,A,21.7473381888
25726,USGS,01351500,2010-03-08,A,33.413878988
25727,USGS,01351500,2010-03-09,A,43.607943764
25728,USGS,01351500,2010-03-10,A,50.120818482000004
25729,USGS,01351500,2010-03-11,A,57.483198598
25730,USGS,01351500,2010-03-12,A,86.36638213
25731,USGS,01351500,2010-03-13,A,130.823831292
25732,USGS,01351500,2010-03-14,A,229.932794392
25733,USGS,01351500,2010-03-15,A,245.50706002200002
25734,USGS,01351500,2010-03-16,A,288.83183532
25735,USGS,01351500,2010-03-17,A,308.65362794000004
25736,USGS,01351500,2010-03-18,A,302.99025862
25737,USGS,01351500,2010-03-19,A,325.6437359
25738,USGS,01351500,2010-03-20,A,353.9605825
25739,USGS,01351500,2010-03-21,A,359.62395182
25740,USGS,01351500,2010-03-22,A,368.1190058
25741,USGS,01351500,2010-03-23,A,897.64403722
25742,USGS,01351500,2010-03-24,A,688.09937238
25743,USGS,01351500,2010-03-25,A,359.62395182
25744,USGS,01351500,2010-03-26,A,294.49520464
25745,USGS,01351500,2010-03-27,A,202.748621656
25746,USGS,01351500,2010-03-28,A,146.114928456
25747,USGS,01351500,2010-03-29,A,139.602053738
25748,USGS,01351500,2010-03-30,A,314.31699726
25749,USGS,01351500,2010-03-31,A,821.1885514
25750,USGS,01351500,2010-04-01,A,450.23786094
25751,USGS,01351500,2010-04-02,A,305.82194328
25752,USGS,01351500,2010-04-03,A,264.479347244
25753,USGS,01351500,2010-04-04,A,231.914973654
25754,USGS,01351500,2010-04-05,A,183.493165968
25755,USGS,01351500,2010-04-06,A,141.017896068
25756,USGS,01351500,2010-04-07,A,124.59412504000001
25757,USGS,01351500,2010-04-08,A,106.754511682
25758,USGS,01351500,2010-04-09,A,115.24956566200001
25759,USGS,01351500,2010-04-10,A,105.90500628400001
25760,USGS,01351500,2010-04-11,A,79.28717048
25761,USGS,01351500,2010-04-12,A,66.261421044
25762,USGS,01351500,2010-04-13,A,56.067356268000005
25763,USGS,01351500,2010-04-14,A,47.855470754
25764,USGS,01351500,2010-04-15,A,44.457449162
25765,USGS,01351500,2010-04-16,A,39.64358524
25766,USGS,01351500,2010-04-17,A,49.55448155
25767,USGS,01351500,2010-04-18,A,47.572302288
25768,USGS,01351500,2010-04-19,A,40.209922172
25769,USGS,01351500,2010-04-20,A,35.112889784000004
25770,USGS,01351500,2010-04-21,A,30.865362794
25771,USGS,01351500,2010-04-22,A,29.166351998
25772,USGS,01351500,2010-04-23,A,25.5984293264
25773,USGS,01351500,2010-04-24,A,21.7473381888
25774,USGS,01351500,2010-04-25,A,16.1689194086
25775,USGS,01351500,2010-04-26,A,16.508721567800002
25776,USGS,01351500,2010-04-27,A,27.4107075088
25777,USGS,01351500,2010-04-28,A,34.263384386
25778,USGS,01351500,2010-04-29,A,28.883183532
25779,USGS,01351500,2010-04-30,A,22.228724581
25780,USGS,01351500,2010-05-01,A,16.706939494
25781,USGS,01351500,2010-05-02,A,16.7918900338
25782,USGS,01351500,2010-05-03,A,16.0273351756
25783,USGS,01351500,2010-05-04,A,15.9423846358
25784,USGS,01351500,2010-05-05,A,15.0928792378
25785,USGS,01351500,2010-05-06,A,14.215056993200001
25786,USGS,01351500,2010-05-07,A,15.2344634708
25787,USGS,01351500,2010-05-08,A,21.2659517966
25788,USGS,01351500,2010-05-09,A,23.6162500644
25789,USGS,01351500,2010-05-10,A,14.4982254592
25790,USGS,01351500,2010-05-11,A,11.496639719600001
25791,USGS,01351500,2010-05-12,A,10.845352247800001
25792,USGS,01351500,2010-05-13,A,12.402778810800001
25793,USGS,01351500,2010-05-14,A,17.4714943522
25794,USGS,01351500,2010-05-15,A,19.397039921
25795,USGS,01351500,2010-05-16,A,14.6114928456
25796,USGS,01351500,2010-05-17,A,12.0629766516
25797,USGS,01351500,2010-05-18,A,9.939213156600001
25798,USGS,01351500,2010-05-19,A,9.91089631
25799,USGS,01351500,2010-05-20,A,11.9780261118
25800,USGS,01351500,2010-05-21,A,10.2223816226
25801,USGS,01351500,2010-05-22,A,8.353469747
25802,USGS,01351500,2010-05-23,A,8.0419844344
25803,USGS,01351500,2010-05-24,A,7.1641621898
25804,USGS,01351500,2010-05-25,A,5.7483198598000005
25805,USGS,01351500,2010-05-26,A,5.0403986948
25806,USGS,01351500,2010-05-27,A,4.4740617628
25807,USGS,01351500,2010-05-28,A,4.105942757
25808,USGS,01351500,2010-05-29,A,3.822774291
25809,USGS,01351500,2010-05-30,A,3.5112889784
25810,USGS,01351500,2010-05-31,A,3.256437359
25811,USGS,01351500,2010-06-01,A,3.1998036658
25812,USGS,01351500,2010-06-02,A,4.3607943764
25813,USGS,01351500,2010-06-03,A,4.4174280696
25814,USGS,01351500,2010-06-04,A,3.5962395182
25815,USGS,01351500,2010-06-05,A,3.6811900580000003
25816,USGS,01351500,2010-06-06,A,9.4011930712
25817,USGS,01351500,2010-06-07,A,37.378237512
25818,USGS,01351500,2010-06-08,A,15.4609982436
25819,USGS,01351500,2010-06-09,A,10.760401708
25820,USGS,01351500,2010-06-10,A,12.402778810800001
25821,USGS,01351500,2010-06-11,A,13.733670601
25822,USGS,01351500,2010-06-12,A,11.5532734128
25823,USGS,01351500,2010-06-13,A,48.704976152
25824,USGS,01351500,2010-06-14,A,35.39605825
25825,USGS,01351500,2010-06-15,A,24.550706002200002
25826,USGS,01351500,2010-06-16,A,16.1972362552
25827,USGS,01351500,2010-06-17,A,21.945556115000002
25828,USGS,01351500,2010-06-18,A,19.4819904608
25829,USGS,01351500,2010-06-19,A,13.6487200612
25830,USGS,01351500,2010-06-20,A,11.100203867200001
25831,USGS,01351500,2010-06-21,A,10.0241636964
25832,USGS,01351500,2010-06-22,A,7.6738654286
25833,USGS,01351500,2010-06-23,A,8.0986181276
25834,USGS,01351500,2010-06-24,A,8.778222446000001
25835,USGS,01351500,2010-06-25,A,8.9764403722
25836,USGS,01351500,2010-06-26,A,6.7110926442
25837,USGS,01351500,2010-06-27,A,5.4085177006
25838,USGS,01351500,2010-06-28,A,6.0598051724
25839,USGS,01351500,2010-06-29,A,5.4368345472
25840,USGS,01351500,2010-06-30,A,4.813863922
25841,USGS,01351500,2010-07-01,A,4.0493090638
25842,USGS,01351500,2010-07-02,A,3.4546552852000003
25843,USGS,01351500,2010-07-03,A,3.0865362794
25844,USGS,01351500,2010-07-04,A,2.7382390662200002
25845,USGS,01351500,2010-07-05,A,2.43808049226
25846,USGS,01351500,2010-07-06,A,2.31631805188
25847,USGS,01351500,2010-07-07,A,2.11526844102
25848,USGS,01351500,2010-07-08,A,1.95952578472
25849,USGS,01351500,2010-07-09,A,1.83493165968
25850,USGS,01351500,2010-07-10,A,1.82077323638
25851,USGS,01351500,2010-07-11,A,1.8830702989
25852,USGS,01351500,2010-07-12,A,2.12942686432
25853,USGS,01351500,2010-07-13,A,1.95103073074
25854,USGS,01351500,2010-07-14,A,1.84342671366
25855,USGS,01351500,2010-07-15,A,1.8745752449200002
25856,USGS,01351500,2010-07-16,A,1.95103073074
25857,USGS,01351500,2010-07-17,A,1.78962470512
25858,USGS,01351500,2010-07-18,A,2.9166351998
25859,USGS,01351500,2010-07-19,A,3.7944574444
25860,USGS,01351500,2010-07-20,A,3.0582194328
25861,USGS,01351500,2010-07-21,A,2.38711016838
25862,USGS,01351500,2010-07-22,A,2.13225854898
25863,USGS,01351500,2010-07-23,A,2.40976364566
25864,USGS,01351500,2010-07-24,A,6.1447557122
25865,USGS,01351500,2010-07-25,A,10.6754511682
25866,USGS,01351500,2010-07-26,A,7.07921165
25867,USGS,01351500,2010-07-27,A,4.4457449162
25868,USGS,01351500,2010-07-28,A,3.0015857396000003
25869,USGS,01351500,2010-07-29,A,2.35879332178
25870,USGS,01351500,2010-07-30,A,1.9623574693799999
25871,USGS,01351500,2010-07-31,A,1.72166427328
25872,USGS,01351500,2010-08-01,A,1.53194140106
25873,USGS,01351500,2010-08-02,A,1.41017896068
25874,USGS,01351500,2010-08-03,A,1.3223967362200002
25875,USGS,01351500,2010-08-04,A,1.24877293506
25876,USGS,01351500,2010-08-05,A,1.23744619642
25877,USGS,01351500,2010-08-06,A,1.4215056993200001
25878,USGS,01351500,2010-08-07,A,1.63105036416
25879,USGS,01351500,2010-08-08,A,1.56875330164
25880,USGS,01351500,2010-08-09,A,1.37053537544
25881,USGS,01351500,2010-08-10,A,1.3592086368
25882,USGS,01351500,2010-08-11,A,1.3733670601
25883,USGS,01351500,2010-08-12,A,1.34788189816
25884,USGS,01351500,2010-08-13,A,2.1945556115000002
25885,USGS,01351500,2010-08-14,A,3.114853126
25886,USGS,01351500,2010-08-15,A,2.3644566911
25887,USGS,01351500,2010-08-16,A,1.9085554608400002
25888,USGS,01351500,2010-08-17,A,1.69334742668
25889,USGS,01351500,2010-08-18,A,2.27101109732
25890,USGS,01351500,2010-08-19,A,1.9708525233599998
25891,USGS,01351500,2010-08-20,A,1.80944649774
25892,USGS,01351500,2010-08-21,A,1.6282186795
25893,USGS,01351500,2010-08-22,A,1.95103073074
25894,USGS,01351500,2010-08-23,A,45.873291492
25895,USGS,01351500,2010-08-24,A,50.97032388
25896,USGS,01351500,2010-08-25,A,25.0320923944
25897,USGS,01351500,2010-08-26,A,16.2255531018
25898,USGS,01351500,2010-08-27,A,11.298421793400001
25899,USGS,01351500,2010-08-28,A,7.8437665082
25900,USGS,01351500,2010-08-29,A,5.804953553
25901,USGS,01351500,2010-08-30,A,4.6156459958000005
25902,USGS,01351500,2010-08-31,A,3.7095069046
25903,USGS,01351500,2010-09-01,A,3.114853126
25904,USGS,01351500,2010-09-02,A,2.79770444408
25905,USGS,01351500,2010-09-03,A,2.49471418546
25906,USGS,01351500,2010-09-04,A,2.17473381888
25907,USGS,01351500,2010-09-05,A,2.00200105462
25908,USGS,01351500,2010-09-06,A,1.8745752449200002
25909,USGS,01351500,2010-09-07,A,1.7698029125
25910,USGS,01351500,2010-09-08,A,1.67352563406
25911,USGS,01351500,2010-09-09,A,1.4724760232
25912,USGS,01351500,2010-09-10,A,1.41584233
25913,USGS,01351500,2010-09-11,A,1.41584233
25914,USGS,01351500,2010-09-12,A,1.4215056993200001
25915,USGS,01351500,2010-09-13,A,1.41584233
25916,USGS,01351500,2010-09-14,A,1.41584233
25917,USGS,01351500,2010-09-15,A,1.41017896068
25918,USGS,01351500,2010-09-16,A,1.34788189816
25919,USGS,01351500,2010-09-17,A,1.34788189816
25920,USGS,01351500,2010-09-18,A,1.34788189816
25921,USGS,01351500,2010-09-19,A,1.3167333669
25922,USGS,01351500,2010-09-20,A,1.2600996737
25923,USGS,01351500,2010-09-21,A,1.18647587254
25924,USGS,01351500,2010-09-22,A,1.1185154407
25925,USGS,01351500,2010-09-23,A,1.0958619634200002
25926,USGS,01351500,2010-09-24,A,1.04489163954
25927,USGS,01351500,2010-09-25,A,0.9769312077000001
25928,USGS,01351500,2010-09-26,A,0.94578267644
25929,USGS,01351500,2010-09-27,A,0.93162425314
25930,USGS,01351500,2010-09-28,A,1.00807973896
25931,USGS,01351500,2010-09-29,A,1.15815902594
25932,USGS,01351500,2010-09-30,A,1.8575851369599998
25933,USGS,01351500,2010-10-01,A,348.29721318
25934,USGS,01351500,2010-10-02,A,336.97047454
25935,USGS,01351500,2010-10-03,A,151.211960844
25936,USGS,01351500,2010-10-04,A,89.764403722
25937,USGS,01351500,2010-10-05,A,93.728762246
25938,USGS,01351500,2010-10-06,A,154.893150902
25939,USGS,01351500,2010-10-07,A,276.08925435000003
25940,USGS,01351500,2010-10-08,A,173.299101192
25941,USGS,01351500,2010-10-09,A,99.392131566
25942,USGS,01351500,2010-10-10,A,72.20795883
25943,USGS,01351500,2010-10-11,A,55.501019336
25944,USGS,01351500,2010-10-12,A,46.72279689
25945,USGS,01351500,2010-10-13,A,42.192101434
25946,USGS,01351500,2010-10-14,A,35.112889784000004
25947,USGS,01351500,2010-10-15,A,55.784187802
25948,USGS,01351500,2010-10-16,A,113.833723332
25949,USGS,01351500,2010-10-17,A,89.764403722
25950,USGS,01351500,2010-10-18,A,66.827757976
25951,USGS,01351500,2010-10-19,A,54.368345472
25952,USGS,01351500,2010-10-20,A,46.72279689
25953,USGS,01351500,2010-10-21,A,41.625764502
25954,USGS,01351500,2010-10-22,A,50.120818482000004
25955,USGS,01351500,2010-10-23,A,38.794079842
25956,USGS,01351500,2010-10-24,A,35.962395182
25957,USGS,01351500,2010-10-25,A,42.4752699
25958,USGS,01351500,2010-10-26,A,115.81590259400001
25959,USGS,01351500,2010-10-27,A,146.681265388
25960,USGS,01351500,2010-10-28,A,100.24163696400001
25961,USGS,01351500,2010-10-29,A,71.924790364
25962,USGS,01351500,2010-10-30,A,59.182209394000004
25963,USGS,01351500,2010-10-31,A,54.085177006
25964,USGS,01351500,2010-11-01,A,51.819829278
25965,USGS,01351500,2010-11-02,A,46.439628424
25966,USGS,01351500,2010-11-03,A,43.891112230000005
25967,USGS,01351500,2010-11-04,A,48.704976152
25968,USGS,01351500,2010-11-05,A,107.887185546
25969,USGS,01351500,2010-11-06,A,77.304991218
25970,USGS,01351500,2010-11-07,A,58.615872462
25971,USGS,01351500,2010-11-08,A,56.916861666
25972,USGS,01351500,2010-11-09,A,64.279241782
25973,USGS,01351500,2010-11-10,A,68.809937238
25974,USGS,01351500,2010-11-11,A,56.916861666
25975,USGS,01351500,2010-11-12,A,56.067356268000005
25976,USGS,01351500,2010-11-13,A,50.120818482000004
25977,USGS,01351500,2010-11-14,A,47.289133822000004
25978,USGS,01351500,2010-11-15,A,45.590123026
25979,USGS,01351500,2010-11-16,A,44.174280696000004
25980,USGS,01351500,2010-11-17,A,71.358453432
25981,USGS,01351500,2010-11-18,A,79.28717048
25982,USGS,01351500,2010-11-19,A,77.304991218
25983,USGS,01351500,2010-11-20,A,63.71290485
25984,USGS,01351500,2010-11-21,A,54.368345472
25985,USGS,01351500,2010-11-22,A,50.120818482000004
25986,USGS,01351500,2010-11-23,A,48.988144618
25987,USGS,01351500,2010-11-24,A,45.873291492
25988,USGS,01351500,2010-11-25,A,43.041606832
25989,USGS,01351500,2010-11-26,A,50.120818482000004
25990,USGS,01351500,2010-11-27,A,52.669334676
25991,USGS,01351500,2010-11-28,A,47.005965356000004
25992,USGS,01351500,2010-11-29,A,43.041606832
25993,USGS,01351500,2010-11-30,A,41.342596036
25994,USGS,01351500,2010-12-01,A,78.720833548
25995,USGS,01351500,2010-12-02,A,399.26753706
25996,USGS,01351500,2010-12-03,A,183.776334434
25997,USGS,01351500,2010-12-04,A,112.70104946800001
25998,USGS,01351500,2010-12-05,A,82.402023606
25999,USGS,01351500,2010-12-06,A,67.11092644200001
26000,USGS,01351500,2010-12-07,A,59.465377860000004
26001,USGS,01351500,2010-12-08,A,52.102997744
26002,USGS,01351500,2010-12-09,A,42.758438366
26003,USGS,01351500,2010-12-10,A:e,39.360416774
26004,USGS,01351500,2010-12-11,A:e,40.209922172
26005,USGS,01351500,2010-12-12,A:e,42.4752699
26006,USGS,01351500,2010-12-13,A,123.17828271
26007,USGS,01351500,2010-12-14,A,122.895114244
26008,USGS,01351500,2010-12-15,A:e,74.190138092
26009,USGS,01351500,2010-12-16,A:e,58.899040928000005
26010,USGS,01351500,2010-12-17,A:e,51.253492346
26011,USGS,01351500,2010-12-18,A:e,45.873291492
26012,USGS,01351500,2010-12-19,A:e,41.908932968
26013,USGS,01351500,2010-12-20,A:e,33.413878988
26014,USGS,01351500,2010-12-21,A:e,33.413878988
26015,USGS,01351500,2010-12-22,A:e,31.714868192
26016,USGS,01351500,2010-12-23,A:e,32.847542056
26017,USGS,01351500,2010-12-24,A,35.679226716
26018,USGS,01351500,2010-12-25,A:e,33.130710522
26019,USGS,01351500,2010-12-26,A,33.130710522
26020,USGS,01351500,2010-12-27,A,32.281205124
26021,USGS,01351500,2010-12-28,A,32.847542056
26022,USGS,01351500,2010-12-29,A:e,34.263384386
26023,USGS,01351500,2010-12-30,A:e,30.582194328
26024,USGS,01351500,2010-12-31,A,28.3168466
26025,USGS,01351500,2011-01-01,A,34.546552852
26026,USGS,01351500,2011-01-02,A,50.97032388
26027,USGS,01351500,2011-01-03,A,51.819829278
26028,USGS,01351500,2011-01-04,A:e,36.81190058
26029,USGS,01351500,2011-01-05,A:e,33.697047454
26030,USGS,01351500,2011-01-06,A:e,32.56437359
26031,USGS,01351500,2011-01-07,A:e,31.431699726
26032,USGS,01351500,2011-01-08,A:e,30.299025862
26033,USGS,01351500,2011-01-09,A:e,30.015857396
26034,USGS,01351500,2011-01-10,A:e,29.166351998
26035,USGS,01351500,2011-01-11,A,29.166351998
26036,USGS,01351500,2011-01-12,A:e,29.166351998
26037,USGS,01351500,2011-01-13,A:e,29.449520464000003
26038,USGS,01351500,2011-01-14,A:e,29.166351998
26039,USGS,01351500,2011-01-15,A:e,29.449520464000003
26040,USGS,01351500,2011-01-16,A:e,28.3168466
26041,USGS,01351500,2011-01-17,A:e,29.166351998
26042,USGS,01351500,2011-01-18,A:e,29.449520464000003
26043,USGS,01351500,2011-01-19,A:e,28.033678134000002
26044,USGS,01351500,2011-01-20,A:e,25.48516194
26045,USGS,01351500,2011-01-21,A:e,25.201993474000002
26046,USGS,01351500,2011-01-22,A:e,23.786151144
26047,USGS,01351500,2011-01-23,A:e,20.388129552000002
26048,USGS,01351500,2011-01-24,A:e,19.82179262
26049,USGS,01351500,2011-01-25,A:e,23.219814212
26050,USGS,01351500,2011-01-26,A:e,19.82179262
26051,USGS,01351500,2011-01-27,A:e,17.839613358
26052,USGS,01351500,2011-01-28,A:e,14.724760232000001
26053,USGS,01351500,2011-01-29,A:e,13.875254834
26054,USGS,01351500,2011-01-30,A:e,13.025749436
26055,USGS,01351500,2011-01-31,A:e,13.875254834
26056,USGS,01351500,2011-02-01,A:e,13.025749436
26057,USGS,01351500,2011-02-02,A:e,12.459412504
26058,USGS,01351500,2011-02-03,A:e,11.609907106
26059,USGS,01351500,2011-02-04,A:e,11.32673864
26060,USGS,01351500,2011-02-05,A:e,11.32673864
26061,USGS,01351500,2011-02-06,A:e,15.857434096
26062,USGS,01351500,2011-02-07,A:e,26.617835804000002
26063,USGS,01351500,2011-02-08,A:e,29.732688930000002
26064,USGS,01351500,2011-02-09,A,27.2974401224
26065,USGS,01351500,2011-02-10,A:e,24.352488076
26066,USGS,01351500,2011-02-11,A,28.600015066
26067,USGS,01351500,2011-02-12,A:e,29.449520464000003
26068,USGS,01351500,2011-02-13,A,31.998036658
26069,USGS,01351500,2011-02-14,A,30.865362794
26070,USGS,01351500,2011-02-15,A:e,41.908932968
26071,USGS,01351500,2011-02-16,A,53.518840074
26072,USGS,01351500,2011-02-17,A:e,54.368345472
26073,USGS,01351500,2011-02-18,A:e,63.71290485
26074,USGS,01351500,2011-02-19,A,142.433738398
26075,USGS,01351500,2011-02-20,A,81.55251820800001
26076,USGS,01351500,2011-02-21,A,62.297062520000004
26077,USGS,01351500,2011-02-22,A,46.156459958
26078,USGS,01351500,2011-02-23,A,36.245563648
26079,USGS,01351500,2011-02-24,A,33.697047454
26080,USGS,01351500,2011-02-25,A,30.865362794
26081,USGS,01351500,2011-02-26,A,35.962395182
26082,USGS,01351500,2011-02-27,A,45.873291492
26083,USGS,01351500,2011-02-28,A,47.289133822000004
26084,USGS,01351500,2011-03-01,A,89.19806679
26085,USGS,01351500,2011-03-02,A,64.845578714
26086,USGS,01351500,2011-03-03,A,50.120818482000004
26087,USGS,01351500,2011-03-04,A,45.30695456
26088,USGS,01351500,2011-03-05,A,51.253492346
26089,USGS,01351500,2011-03-06,A,256.833798662
26090,USGS,01351500,2011-03-07,A,328.47542056000003
26091,USGS,01351500,2011-03-08,A,240.41002763400002
26092,USGS,01351500,2011-03-09,A,156.875330164
26093,USGS,01351500,2011-03-10,A,126.576304302
26094,USGS,01351500,2011-03-11,A,543.68345472
26095,USGS,01351500,2011-03-12,A,572.0003013200001
26096,USGS,01351500,2011-03-13,A,317.14868192
26097,USGS,01351500,2011-03-14,A,194.536736142
26098,USGS,01351500,2011-03-15,A,140.16839067
26099,USGS,01351500,2011-03-16,A,136.204032146
26100,USGS,01351500,2011-03-17,A,183.209997502
26101,USGS,01351500,2011-03-18,A,305.82194328
26102,USGS,01351500,2011-03-19,A,317.14868192
26103,USGS,01351500,2011-03-20,A,190.289209152
26104,USGS,01351500,2011-03-21,A,142.150569932
26105,USGS,01351500,2011-03-22,A,127.4258097
26106,USGS,01351500,2011-03-23,A,105.055500886
26107,USGS,01351500,2011-03-24,A,90.61390912
26108,USGS,01351500,2011-03-25,A,77.588159684
26109,USGS,01351500,2011-03-26,A,62.580230986000004
26110,USGS,01351500,2011-03-27,A,52.952503142000005
26111,USGS,01351500,2011-03-28,A,48.704976152
26112,USGS,01351500,2011-03-29,A,45.023786094
26113,USGS,01351500,2011-03-30,A,41.908932968
26114,USGS,01351500,2011-03-31,A,43.041606832
26115,USGS,01351500,2011-04-01,A,44.740617628
26116,USGS,01351500,2011-04-02,A,47.289133822000004
26117,USGS,01351500,2011-04-03,A,43.891112230000005
26118,USGS,01351500,2011-04-04,A,56.6336932
26119,USGS,01351500,2011-04-05,A,150.928792378
26120,USGS,01351500,2011-04-06,A,158.291172494
26121,USGS,01351500,2011-04-07,A,117.51491339
26122,USGS,01351500,2011-04-08,A,94.295099178
26123,USGS,01351500,2011-04-09,A,77.87132815
26124,USGS,01351500,2011-04-10,A,73.340632694
26125,USGS,01351500,2011-04-11,A,73.057464228
26126,USGS,01351500,2011-04-12,A,89.481235256
26127,USGS,01351500,2011-04-13,A,99.392131566
26128,USGS,01351500,2011-04-14,A,98.825794634
26129,USGS,01351500,2011-04-15,A,78.720833548
26130,USGS,01351500,2011-04-16,A,60.88122019
26131,USGS,01351500,2011-04-17,A,141.017896068
26132,USGS,01351500,2011-04-18,A,184.0595029
26133,USGS,01351500,2011-04-19,A,120.063429584
26134,USGS,01351500,2011-04-20,A,118.081250322
26135,USGS,01351500,2011-04-21,A,111.568375604
26136,USGS,01351500,2011-04-22,A,89.19806679
26137,USGS,01351500,2011-04-23,A,97.12678383800001
26138,USGS,01351500,2011-04-24,A,105.90500628400001
26139,USGS,01351500,2011-04-25,A,90.89707758600001
26140,USGS,01351500,2011-04-26,A,212.94268643200002
26141,USGS,01351500,2011-04-27,A,182.360492104
26142,USGS,01351500,2011-04-28,A,252.01993474
26143,USGS,01351500,2011-04-29,A,237.86151144000002
26144,USGS,01351500,2011-04-30,A,153.477308572
26145,USGS,01351500,2011-05-01,A,109.303027876
26146,USGS,01351500,2011-05-02,A,86.649550596
26147,USGS,01351500,2011-05-03,A,75.88914888800001
26148,USGS,01351500,2011-05-04,A,125.443630438
26149,USGS,01351500,2011-05-05,A,148.09710771800002
26150,USGS,01351500,2011-05-06,A,102.79015315800001
26151,USGS,01351500,2011-05-07,A,79.28717048
26152,USGS,01351500,2011-05-08,A,68.526768772
26153,USGS,01351500,2011-05-09,A,59.465377860000004
26154,USGS,01351500,2011-05-10,A,53.235671608000004
26155,USGS,01351500,2011-05-11,A,45.023786094
26156,USGS,01351500,2011-05-12,A,40.493090638
26157,USGS,01351500,2011-05-13,A,36.528732114
26158,USGS,01351500,2011-05-14,A,35.112889784000004
26159,USGS,01351500,2011-05-15,A,36.245563648
26160,USGS,01351500,2011-05-16,A,47.005965356000004
26161,USGS,01351500,2011-05-17,A,78.154496616
26162,USGS,01351500,2011-05-18,A,90.89707758600001
26163,USGS,01351500,2011-05-19,A,230.78229979
26164,USGS,01351500,2011-05-20,A,311.4853126
26165,USGS,01351500,2011-05-21,A,205.863474782
26166,USGS,01351500,2011-05-22,A,142.716906864
26167,USGS,01351500,2011-05-23,A,98.542626168
26168,USGS,01351500,2011-05-24,A,81.269349742
26169,USGS,01351500,2011-05-25,A,70.508948034
26170,USGS,01351500,2011-05-26,A,56.916861666
26171,USGS,01351500,2011-05-27,A,56.067356268000005
26172,USGS,01351500,2011-05-28,A,56.067356268000005
26173,USGS,01351500,2011-05-29,A,47.855470754
26174,USGS,01351500,2011-05-30,A,38.510911376
26175,USGS,01351500,2011-05-31,A,34.829721318000004
26176,USGS,01351500,2011-06-01,A,29.449520464000003
26177,USGS,01351500,2011-06-02,A,28.0619949806
26178,USGS,01351500,2011-06-03,A,24.494072309
26179,USGS,01351500,2011-06-04,A,17.0184248066
26180,USGS,01351500,2011-06-05,A,9.769312077
26181,USGS,01351500,2011-06-06,A,7.8437665082
26182,USGS,01351500,2011-06-07,A,6.7394094908
26183,USGS,01351500,2011-06-08,A,5.804953553
26184,USGS,01351500,2011-06-09,A,5.8615872462
26185,USGS,01351500,2011-06-10,A,6.8809937238000005
26186,USGS,01351500,2011-06-11,A,17.8962470512
26187,USGS,01351500,2011-06-12,A,32.281205124
26188,USGS,01351500,2011-06-13,A,19.0006040686
26189,USGS,01351500,2011-06-14,A,13.592086368
26190,USGS,01351500,2011-06-15,A,13.7053537544
26191,USGS,01351500,2011-06-16,A,14.7530770786
26192,USGS,01351500,2011-06-17,A,15.319414010600001
26193,USGS,01351500,2011-06-18,A,18.2926829036
26194,USGS,01351500,2011-06-19,A,11.496639719600001
26195,USGS,01351500,2011-06-20,A,8.126934974200001
26196,USGS,01351500,2011-06-21,A,6.456241024800001
26197,USGS,01351500,2011-06-22,A,14.7530770786
26198,USGS,01351500,2011-06-23,A,75.88914888800001
26199,USGS,01351500,2011-06-24,A,46.439628424
26200,USGS,01351500,2011-06-25,A,41.625764502
26201,USGS,01351500,2011-06-26,A,36.245563648
26202,USGS,01351500,2011-06-27,A,22.3986256606
26203,USGS,01351500,2011-06-28,A,16.508721567800002
26204,USGS,01351500,2011-06-29,A,15.291097164
26205,USGS,01351500,2011-06-30,A,29.732688930000002
26206,USGS,01351500,2011-07-01,A,32.56437359
26207,USGS,01351500,2011-07-02,A,20.0483273928
26208,USGS,01351500,2011-07-03,A,26.7027863438
26209,USGS,01351500,2011-07-04,A,102.223816226
26210,USGS,01351500,2011-07-05,A,82.685192072
26211,USGS,01351500,2011-07-06,A,48.421807686
26212,USGS,01351500,2011-07-07,A,38.22774291
26213,USGS,01351500,2011-07-08,A,42.192101434
26214,USGS,01351500,2011-07-09,A,164.520878746
26215,USGS,01351500,2011-07-10,A,56.916861666
26216,USGS,01351500,2011-07-11,A,34.546552852
26217,USGS,01351500,2011-07-12,A,28.600015066
26218,USGS,01351500,2011-07-13,A,32.56437359
26219,USGS,01351500,2011-07-14,A,25.1170429342
26220,USGS,01351500,2011-07-15,A,19.2837725346
26221,USGS,01351500,2011-07-16,A,18.1510986706
26222,USGS,01351500,2011-07-17,A,17.414860659000002
26223,USGS,01351500,2011-07-18,A,14.2433738398
26224,USGS,01351500,2011-07-19,A,11.6948576458
26225,USGS,01351500,2011-07-20,A,6.6544589510000005
26226,USGS,01351500,2011-07-21,A,5.238616621
26227,USGS,01351500,2011-07-22,A,4.4174280696
26228,USGS,01351500,2011-07-23,A,3.9077248308000003
26229,USGS,01351500,2011-07-24,A,3.3697047454
26230,USGS,01351500,2011-07-25,A,3.398021592
26231,USGS,01351500,2011-07-26,A,6.1730725588
26232,USGS,01351500,2011-07-27,A,7.1641621898
26233,USGS,01351500,2011-07-28,A,5.097032388000001
26234,USGS,01351500,2011-07-29,A,4.105942757
26235,USGS,01351500,2011-07-30,A,5.7483198598000005
26236,USGS,01351500,2011-07-31,A,6.0314883258
26237,USGS,01351500,2011-08-01,A,4.24752699
26238,USGS,01351500,2011-08-02,A,3.4546552852000003
26239,USGS,01351500,2011-08-03,A,2.9166351998
26240,USGS,01351500,2011-08-04,A,2.9449520464
26241,USGS,01351500,2011-08-05,A,2.9166351998
26242,USGS,01351500,2011-08-06,A,2.7467341202
26243,USGS,01351500,2011-08-07,A,3.4546552852000003
26244,USGS,01351500,2011-08-08,A,4.2192101434
26245,USGS,01351500,2011-08-09,A,3.8510911376
26246,USGS,01351500,2011-08-10,A,3.2281205124000003
26247,USGS,01351500,2011-08-11,A,2.82602129068
26248,USGS,01351500,2011-08-12,A,2.46639733886
26249,USGS,01351500,2011-08-13,A,2.1662387649
26250,USGS,01351500,2011-08-14,A,2.06996148646
26251,USGS,01351500,2011-08-15,A,3.4829721318
26252,USGS,01351500,2011-08-16,A,48.13863922
26253,USGS,01351500,2011-08-17,A,33.697047454
26254,USGS,01351500,2011-08-18,A,14.668126538800001
26255,USGS,01351500,2011-08-19,A,9.5994109974
26256,USGS,01351500,2011-08-20,A,25.456845093400002
26257,USGS,01351500,2011-08-21,A,21.945556115000002
26258,USGS,01351500,2011-08-22,A,27.5522917418
26259,USGS,01351500,2011-08-23,A,22.2570414276
26260,USGS,01351500,2011-08-24,A,20.812882251
26261,USGS,01351500,2011-08-25,A,20.104961086
26262,USGS,01351500,2011-08-26,A,26.3913010312
26263,USGS,01351500,2011-08-27,A,14.1584233
26264,USGS,01351500,2011-08-28,A:e,979.76289236
26265,USGS,01351500,2011-08-29,A:e,1741.4860659
26266,USGS,01351500,2011-08-30,A,317.14868192
26267,USGS,01351500,2011-08-31,A,199.63376853
26268,USGS,01351500,2011-09-01,A,118.081250322
26269,USGS,01351500,2011-09-02,A,90.89707758600001
26270,USGS,01351500,2011-09-03,A,67.394094908
26271,USGS,01351500,2011-09-04,A,51.819829278
26272,USGS,01351500,2011-09-05,A,77.021822752
26273,USGS,01351500,2011-09-06,A,197.368420802
26274,USGS,01351500,2011-09-07,A,710.75284966
26275,USGS,01351500,2011-09-08,A,985.42626168
26276,USGS,01351500,2011-09-09,A,436.07943764000004
26277,USGS,01351500,2011-09-10,A,225.685267402
26278,USGS,01351500,2011-09-11,A,127.992146632
26279,USGS,01351500,2011-09-12,A,96.843615372
26280,USGS,01351500,2011-09-13,A,79.570338946
26281,USGS,01351500,2011-09-14,A,64.845578714
26282,USGS,01351500,2011-09-15,A,53.235671608000004
26283,USGS,01351500,2011-09-16,A,56.6336932
26284,USGS,01351500,2011-09-17,A,46.72279689
26285,USGS,01351500,2011-09-18,A,39.64358524
26286,USGS,01351500,2011-09-19,A,35.39605825
26287,USGS,01351500,2011-09-20,A,33.413878988
26288,USGS,01351500,2011-09-21,A,32.847542056
26289,USGS,01351500,2011-09-22,A,35.962395182
26290,USGS,01351500,2011-09-23,A,36.245563648
26291,USGS,01351500,2011-09-24,A,35.112889784000004
26292,USGS,01351500,2011-09-25,A,33.697047454
26293,USGS,01351500,2011-09-26,A,29.449520464000003
26294,USGS,01351500,2011-09-27,A,28.883183532
26295,USGS,01351500,2011-09-28,A,39.360416774
26296,USGS,01351500,2011-09-29,A,188.30702989
26297,USGS,01351500,2011-09-30,A,261.08132565200003
26298,USGS,01351500,2011-10-01,A,133.655515952
26299,USGS,01351500,2011-10-02,A,121.76244038
26300,USGS,01351500,2011-10-03,A,162.82186795
26301,USGS,01351500,2011-10-04,A,109.303027876
26302,USGS,01351500,2011-10-05,A,86.36638213
26303,USGS,01351500,2011-10-06,A:e,73.62380116
26304,USGS,01351500,2011-10-07,A,61.730725588
26305,USGS,01351500,2011-10-08,A,51.253492346
26306,USGS,01351500,2011-10-09,A,45.590123026
26307,USGS,01351500,2011-10-10,A,39.926753706
26308,USGS,01351500,2011-10-11,A,39.360416774
26309,USGS,01351500,2011-10-12,A,35.679226716
26310,USGS,01351500,2011-10-13,A,40.776259104000005
26311,USGS,01351500,2011-10-14,A,58.899040928000005
26312,USGS,01351500,2011-10-15,A,104.489163954
26313,USGS,01351500,2011-10-16,A,99.675300032
26314,USGS,01351500,2011-10-17,A,81.835686674
26315,USGS,01351500,2011-10-18,A,58.615872462
26316,USGS,01351500,2011-10-19,A,54.085177006
26317,USGS,01351500,2011-10-20,A,58.332703996
26318,USGS,01351500,2011-10-21,A,75.605980422
26319,USGS,01351500,2011-10-22,A,66.54458951000001
26320,USGS,01351500,2011-10-23,A,56.067356268000005
26321,USGS,01351500,2011-10-24,A,47.289133822000004
26322,USGS,01351500,2011-10-25,A,39.926753706
26323,USGS,01351500,2011-10-26,A,38.510911376
26324,USGS,01351500,2011-10-27,A,52.38616621
26325,USGS,01351500,2011-10-28,A,83.251529004
26326,USGS,01351500,2011-10-29,A,76.172317354
26327,USGS,01351500,2011-10-30,A,67.96043184
26328,USGS,01351500,2011-10-31,A,69.093105704
26329,USGS,01351500,2011-11-01,A,65.12874718
26330,USGS,01351500,2011-11-02,A,63.996073316
26331,USGS,01351500,2011-11-03,A,63.996073316
26332,USGS,01351500,2011-11-04,A,62.863399452
26333,USGS,01351500,2011-11-05,A,58.332703996
26334,USGS,01351500,2011-11-06,A,50.403986948000004
26335,USGS,01351500,2011-11-07,A,45.30695456
26336,USGS,01351500,2011-11-08,A,40.776259104000005
26337,USGS,01351500,2011-11-09,A,38.22774291
26338,USGS,01351500,2011-11-10,A,35.962395182
26339,USGS,01351500,2011-11-11,A,34.829721318000004
26340,USGS,01351500,2011-11-12,A:e,33.98021592
26341,USGS,01351500,2011-11-13,A,31.714868192
26342,USGS,01351500,2011-11-14,A,30.582194328
26343,USGS,01351500,2011-11-15,A,30.582194328
26344,USGS,01351500,2011-11-16,A,28.600015066
26345,USGS,01351500,2011-11-17,A,27.6655591282
26346,USGS,01351500,2011-11-18,A,27.1558558894
26347,USGS,01351500,2011-11-19,A,26.0798157186
26348,USGS,01351500,2011-11-20,A,23.8427848372
26349,USGS,01351500,2011-11-21,A,18.972287222000002
26350,USGS,01351500,2011-11-22,A,18.9439703754
26351,USGS,01351500,2011-11-23,A,141.867401466
26352,USGS,01351500,2011-11-24,A,138.469379874
26353,USGS,01351500,2011-11-25,A,97.409952304
26354,USGS,01351500,2011-11-26,A,80.70301281
26355,USGS,01351500,2011-11-27,A,66.827757976
26356,USGS,01351500,2011-11-28,A,58.04953553
26357,USGS,01351500,2011-11-29,A,30.299025862
26358,USGS,01351500,2011-11-30,A,38.794079842
26359,USGS,01351500,2011-12-01,A,66.827757976
26360,USGS,01351500,2011-12-02,A,64.845578714
26361,USGS,01351500,2011-12-03,A,25.0320923944
26362,USGS,01351500,2011-12-04,A,20.0766442394
26363,USGS,01351500,2011-12-05,A,103.922827022
26364,USGS,01351500,2011-12-06,A,81.835686674
26365,USGS,01351500,2011-12-07,A,95.710941508
26366,USGS,01351500,2011-12-08,A,184.34267136600002
26367,USGS,01351500,2011-12-09,A,141.867401466
26368,USGS,01351500,2011-12-10,A,100.80797389600001
26369,USGS,01351500,2011-12-11,A,80.70301281
26370,USGS,01351500,2011-12-12,A,69.65944263600001
26371,USGS,01351500,2011-12-13,A,60.88122019
26372,USGS,01351500,2011-12-14,A,57.200030132
26373,USGS,01351500,2011-12-15,A,57.483198598
26374,USGS,01351500,2011-12-16,A,77.304991218
26375,USGS,01351500,2011-12-17,A,67.96043184
26376,USGS,01351500,2011-12-18,A,52.952503142000005
26377,USGS,01351500,2011-12-19,A,40.493090638
26378,USGS,01351500,2011-12-20,A,35.39605825
26379,USGS,01351500,2011-12-21,A,41.342596036
26380,USGS,01351500,2011-12-22,A,84.66737133400001
26381,USGS,01351500,2011-12-23,A,103.35649009000001
26382,USGS,01351500,2011-12-24,A,94.86143611
26383,USGS,01351500,2011-12-25,A,86.36638213
26384,USGS,01351500,2011-12-26,A,78.437665082
26385,USGS,01351500,2011-12-27,A,64.845578714
26386,USGS,01351500,2011-12-28,A,99.675300032
26387,USGS,01351500,2011-12-29,A,80.419844344
26388,USGS,01351500,2011-12-30,A,63.146567918
26389,USGS,01351500,2011-12-31,A,72.20795883
26390,USGS,01351500,2012-01-01,A,80.419844344
26391,USGS,01351500,2012-01-02,A,76.172317354
26392,USGS,01351500,2012-01-03,A,66.54458951000001
26393,USGS,01351500,2012-01-04,A,53.235671608000004
26394,USGS,01351500,2012-01-05,A,57.483198598
26395,USGS,01351500,2012-01-06,A,56.067356268000005
26396,USGS,01351500,2012-01-07,A,52.102997744
26397,USGS,01351500,2012-01-08,A,42.758438366
26398,USGS,01351500,2012-01-09,A,39.360416774
26399,USGS,01351500,2012-01-10,A,26.6461526506
26400,USGS,01351500,2012-01-11,A,16.7918900338
26401,USGS,01351500,2012-01-12,A,16.565355261
26402,USGS,01351500,2012-01-13,A,33.697047454
26403,USGS,01351500,2012-01-14,A,44.740617628
26404,USGS,01351500,2012-01-15,A,31.714868192
26405,USGS,01351500,2012-01-16,A,35.112889784000004
26406,USGS,01351500,2012-01-17,A,39.360416774
26407,USGS,01351500,2012-01-18,A:e,52.38616621
26408,USGS,01351500,2012-01-19,A:e,41.059427570000004
26409,USGS,01351500,2012-01-20,A:e,35.679226716
26410,USGS,01351500,2012-01-21,A:e,31.714868192
26411,USGS,01351500,2012-01-22,A:e,31.714868192
26412,USGS,01351500,2012-01-23,A:e,32.56437359
26413,USGS,01351500,2012-01-24,A,52.38616621
26414,USGS,01351500,2012-01-25,A,60.598051724
26415,USGS,01351500,2012-01-26,A,45.590123026
26416,USGS,01351500,2012-01-27,A,129.691157428
26417,USGS,01351500,2012-01-28,A,128.558483564
26418,USGS,01351500,2012-01-29,A,81.55251820800001
26419,USGS,01351500,2012-01-30,A,67.677263374
26420,USGS,01351500,2012-01-31,A,60.598051724
26421,USGS,01351500,2012-02-01,A,72.77429576200001
26422,USGS,01351500,2012-02-02,A,81.55251820800001
26423,USGS,01351500,2012-02-03,A,59.465377860000004
26424,USGS,01351500,2012-02-04,A,55.501019336
26425,USGS,01351500,2012-02-05,A,47.289133822000004
26426,USGS,01351500,2012-02-06,A,44.457449162
26427,USGS,01351500,2012-02-07,A,45.023786094
26428,USGS,01351500,2012-02-08,A,38.794079842
26429,USGS,01351500,2012-02-09,A:e,33.98021592
26430,USGS,01351500,2012-02-10,A,28.3168466
26431,USGS,01351500,2012-02-11,A,25.570112479800002
26432,USGS,01351500,2012-02-12,A,21.3225854898
26433,USGS,01351500,2012-02-13,A,20.5580306316
26434,USGS,01351500,2012-02-14,A,21.5774371092
26435,USGS,01351500,2012-02-15,A,20.133277932600002
26436,USGS,01351500,2012-02-16,A,20.1615947792
26437,USGS,01351500,2012-02-17,A,22.1720908878
26438,USGS,01351500,2012-02-18,A,19.113871455
26439,USGS,01351500,2012-02-19,A,16.650305800800002
26440,USGS,01351500,2012-02-20,A,14.866344465000001
26441,USGS,01351500,2012-02-21,A,13.507135828200001
26442,USGS,01351500,2012-02-22,A:e,13.308917902000001
26443,USGS,01351500,2012-02-23,A,14.8380276184
26444,USGS,01351500,2012-02-24,A,15.2627803174
26445,USGS,01351500,2012-02-25,A,22.200407734400002
26446,USGS,01351500,2012-02-26,A,19.397039921
26447,USGS,01351500,2012-02-27,A,13.3938684418
26448,USGS,01351500,2012-02-28,A,16.1122857154
26449,USGS,01351500,2012-02-29,A,15.149512931
26450,USGS,01351500,2012-03-01,A,15.829117249400001
26451,USGS,01351500,2012-03-02,A,17.6413954318
26452,USGS,01351500,2012-03-03,A,24.409121769200002
26453,USGS,01351500,2012-03-04,A,42.758438366
26454,USGS,01351500,2012-03-05,A,31.148531260000002
26455,USGS,01351500,2012-03-06,A,21.8889224218
26456,USGS,01351500,2012-03-07,A,24.8338744682
26457,USGS,01351500,2012-03-08,A,71.924790364
26458,USGS,01351500,2012-03-09,A,127.70897816600001
26459,USGS,01351500,2012-03-10,A,71.924790364
26460,USGS,01351500,2012-03-11,A,52.38616621
26461,USGS,01351500,2012-03-12,A,48.704976152
26462,USGS,01351500,2012-03-13,A,53.80200854
26463,USGS,01351500,2012-03-14,A,62.580230986000004
26464,USGS,01351500,2012-03-15,A,53.80200854
26465,USGS,01351500,2012-03-16,A,55.784187802
26466,USGS,01351500,2012-03-17,A,54.651513938
26467,USGS,01351500,2012-03-18,A,48.421807686
26468,USGS,01351500,2012-03-19,A,43.041606832
26469,USGS,01351500,2012-03-20,A,42.4752699
26470,USGS,01351500,2012-03-21,A,39.360416774
26471,USGS,01351500,2012-03-22,A,34.829721318000004
26472,USGS,01351500,2012-03-23,A,37.944574444000004
26473,USGS,01351500,2012-03-24,A,37.944574444000004
26474,USGS,01351500,2012-03-25,A,36.81190058
26475,USGS,01351500,2012-03-26,A,33.98021592
26476,USGS,01351500,2012-03-27,A,26.9576379632
26477,USGS,01351500,2012-03-28,A,16.9617911134
26478,USGS,01351500,2012-03-29,A,13.4788189816
26479,USGS,01351500,2012-03-30,A,11.7798081856
26480,USGS,01351500,2012-03-31,A,10.392282702200001
26481,USGS,01351500,2012-04-01,A,10.845352247800001
26482,USGS,01351500,2012-04-02,A,12.0629766516
26483,USGS,01351500,2012-04-03,A,10.7320848614
26484,USGS,01351500,2012-04-04,A,8.919806679
26485,USGS,01351500,2012-04-05,A,8.778222446000001
26486,USGS,01351500,2012-04-06,A,8.0136675878
26487,USGS,01351500,2012-04-07,A,7.5322811956
26488,USGS,01351500,2012-04-08,A,7.0508948034
26489,USGS,01351500,2012-04-09,A,6.3996073316
26490,USGS,01351500,2012-04-10,A,6.3996073316
26491,USGS,01351500,2012-04-11,A,6.3146567918
26492,USGS,01351500,2012-04-12,A,5.9182209394
26493,USGS,01351500,2012-04-13,A,5.6067356268
26494,USGS,01351500,2012-04-14,A,5.5784187802
26495,USGS,01351500,2012-04-15,A,5.5784187802
26496,USGS,01351500,2012-04-16,A,5.4085177006
26497,USGS,01351500,2012-04-17,A,5.1819829278
26498,USGS,01351500,2012-04-18,A,5.0120818482
26499,USGS,01351500,2012-04-19,A,5.0120818482
26500,USGS,01351500,2012-04-20,A,5.0120818482
26501,USGS,01351500,2012-04-21,A,4.8421807686000005
26502,USGS,01351500,2012-04-22,A,9.5144604576
26503,USGS,01351500,2012-04-23,A,115.24956566200001
26504,USGS,01351500,2012-04-24,A,102.506984692
26505,USGS,01351500,2012-04-25,A,102.506984692
26506,USGS,01351500,2012-04-26,A,77.021822752
26507,USGS,01351500,2012-04-27,A,59.748546326
26508,USGS,01351500,2012-04-28,A,44.457449162
26509,USGS,01351500,2012-04-29,A,42.192101434
26510,USGS,01351500,2012-04-30,A,36.81190058
26511,USGS,01351500,2012-05-01,A,38.22774291
26512,USGS,01351500,2012-05-02,A,37.378237512
26513,USGS,01351500,2012-05-03,A,37.378237512
26514,USGS,01351500,2012-05-04,A,37.944574444000004
26515,USGS,01351500,2012-05-05,A,34.263384386
26516,USGS,01351500,2012-05-06,A,23.8427848372
26517,USGS,01351500,2012-05-07,A,17.3299101192
26518,USGS,01351500,2012-05-08,A,82.685192072
26519,USGS,01351500,2012-05-09,A,87.215887528
26520,USGS,01351500,2012-05-10,A,49.837650016
26521,USGS,01351500,2012-05-11,A,43.324775298
26522,USGS,01351500,2012-05-12,A,30.299025862
26523,USGS,01351500,2012-05-13,A,22.0021898082
26524,USGS,01351500,2012-05-14,A,20.104961086
26525,USGS,01351500,2012-05-15,A,80.986181276
26526,USGS,01351500,2012-05-16,A,127.14264123400001
26527,USGS,01351500,2012-05-17,A,68.243600306
26528,USGS,01351500,2012-05-18,A,43.607943764
26529,USGS,01351500,2012-05-19,A,30.299025862
26530,USGS,01351500,2012-05-20,A,24.6922902352
26531,USGS,01351500,2012-05-21,A,20.3598127054
26532,USGS,01351500,2012-05-22,A,24.8338744682
26533,USGS,01351500,2012-05-23,A,33.697047454
26534,USGS,01351500,2012-05-24,A,43.041606832
26535,USGS,01351500,2012-05-25,A,36.245563648
26536,USGS,01351500,2012-05-26,A,33.98021592
26537,USGS,01351500,2012-05-27,A,28.1469455204
26538,USGS,01351500,2012-05-28,A,21.8606055752
26539,USGS,01351500,2012-05-29,A,21.7473381888
26540,USGS,01351500,2012-05-30,A,29.449520464000003
26541,USGS,01351500,2012-05-31,A,23.3047647518
26542,USGS,01351500,2012-06-01,A,19.1421883016
26543,USGS,01351500,2012-06-02,A,18.0095144376
26544,USGS,01351500,2012-06-03,A,17.9528807444
26545,USGS,01351500,2012-06-04,A,12.657630430200001
26546,USGS,01351500,2012-06-05,A,12.600996737000001
26547,USGS,01351500,2012-06-06,A,15.8857509426
26548,USGS,01351500,2012-06-07,A,15.2061466242
26549,USGS,01351500,2012-06-08,A,16.4520878746
26550,USGS,01351500,2012-06-09,A,15.2061466242
26551,USGS,01351500,2012-06-10,A,13.6204032146
26552,USGS,01351500,2012-06-11,A,12.2895114244
26553,USGS,01351500,2012-06-12,A,8.580004519800001
26554,USGS,01351500,2012-06-13,A,7.1358453432
26555,USGS,01351500,2012-06-14,A,6.7110926442
26556,USGS,01351500,2012-06-15,A,5.6916861666
26557,USGS,01351500,2012-06-16,A,7.1358453432
26558,USGS,01351500,2012-06-17,A,6.2013894054000005
26559,USGS,01351500,2012-06-18,A,4.672279689
26560,USGS,01351500,2012-06-19,A,4.5023786094
26561,USGS,01351500,2012-06-20,A,3.9077248308000003
26562,USGS,01351500,2012-06-21,A,3.1714868192
26563,USGS,01351500,2012-06-22,A,2.76372422816
26564,USGS,01351500,2012-06-23,A,2.4125953303200003
26565,USGS,01351500,2012-06-24,A,2.30215962858
26566,USGS,01351500,2012-06-25,A,2.21154571946
26567,USGS,01351500,2012-06-26,A,2.20588235014
26568,USGS,01351500,2012-06-27,A,2.18322887286
26569,USGS,01351500,2012-06-28,A,2.07562485578
26570,USGS,01351500,2012-06-29,A,1.9651891540400002
26571,USGS,01351500,2012-06-30,A,1.7698029125
26572,USGS,01351500,2012-07-01,A,1.6225553101799999
26573,USGS,01351500,2012-07-02,A,1.4724760232
26574,USGS,01351500,2012-07-03,A,1.36204032146
26575,USGS,01351500,2012-07-04,A,1.3195650515600001
26576,USGS,01351500,2012-07-05,A,1.2629313583600001
26577,USGS,01351500,2012-07-06,A,1.18647587254
26578,USGS,01351500,2012-07-07,A,1.1128520713799999
26579,USGS,01351500,2012-07-08,A,1.05055500886
26580,USGS,01351500,2012-07-09,A,1.01374310828
26581,USGS,01351500,2012-07-10,A,0.97976289236
26582,USGS,01351500,2012-07-11,A,0.9627727844
26583,USGS,01351500,2012-07-12,A,0.9344559378
26584,USGS,01351500,2012-07-13,A,0.90330740654
26585,USGS,01351500,2012-07-14,A,1.0901985941
26586,USGS,01351500,2012-07-15,A,1.27142641234
26587,USGS,01351500,2012-07-16,A,1.29974325894
26588,USGS,01351500,2012-07-17,A,1.1893075572
26589,USGS,01351500,2012-07-18,A,1.07320848614
26590,USGS,01351500,2012-07-19,A,0.98825794634
26591,USGS,01351500,2012-07-20,A,0.9372876224600001
26592,USGS,01351500,2012-07-21,A,0.90330740654
26593,USGS,01351500,2012-07-22,A,0.8211885514
26594,USGS,01351500,2012-07-23,A,0.7787132815
26595,USGS,01351500,2012-07-24,A,0.88914898324
26596,USGS,01351500,2012-07-25,A,0.93162425314
26597,USGS,01351500,2012-07-26,A,1.0817035401200001
26598,USGS,01351500,2012-07-27,A,1.20063429584
26599,USGS,01351500,2012-07-28,A,1.29124820496
26600,USGS,01351500,2012-07-29,A,3.3413878988
26601,USGS,01351500,2012-07-30,A,4.24752699
26602,USGS,01351500,2012-07-31,A,3.3413878988
26603,USGS,01351500,2012-08-01,A,2.59665483322
26604,USGS,01351500,2012-08-02,A,3.7378237512
26605,USGS,01351500,2012-08-03,A,4.3607943764
26606,USGS,01351500,2012-08-04,A,2.82318960602
26607,USGS,01351500,2012-08-05,A,2.23419919674
26608,USGS,01351500,2012-08-06,A,2.3757834297400002
26609,USGS,01351500,2012-08-07,A,2.14641697228
26610,USGS,01351500,2012-08-08,A,2.03598127054
26611,USGS,01351500,2012-08-09,A,1.699010796
26612,USGS,01351500,2012-08-10,A,1.48380276184
26613,USGS,01351500,2012-08-11,A,1.3450502135
26614,USGS,01351500,2012-08-12,A,1.30540662826
26615,USGS,01351500,2012-08-13,A,1.35637695214
26616,USGS,01351500,2012-08-14,A,1.3082383129200001
26617,USGS,01351500,2012-08-15,A,1.3167333669
26618,USGS,01351500,2012-08-16,A,1.25726798904
26619,USGS,01351500,2012-08-17,A,1.22895114244
26620,USGS,01351500,2012-08-18,A,1.17798081856
26621,USGS,01351500,2012-08-19,A,1.1128520713799999
26622,USGS,01351500,2012-08-20,A,1.1043570174
26623,USGS,01351500,2012-08-21,A,1.0930302787600001
26624,USGS,01351500,2012-08-22,A,1.39035716806
26625,USGS,01351500,2012-08-23,A,1.05055500886
26626,USGS,01351500,2012-08-24,A,0.9372876224600001
26627,USGS,01351500,2012-08-25,A,0.8296836053800001
26628,USGS,01351500,2012-08-26,A,0.7107528496600001
26629,USGS,01351500,2012-08-27,A,0.6512874718
26630,USGS,01351500,2012-08-28,A,0.90330740654
26631,USGS,01351500,2012-08-29,A,1.2742580970000001
26632,USGS,01351500,2012-08-30,A,1.20063429584
26633,USGS,01351500,2012-08-31,A,1.02223816226
26634,USGS,01351500,2012-09-01,A,0.9061390912
26635,USGS,01351500,2012-09-02,A,0.75322811956
26636,USGS,01351500,2012-09-03,A,0.65695084112
26637,USGS,01351500,2012-09-04,A,0.60598051724
26638,USGS,01351500,2012-09-05,A,0.61164388656
26639,USGS,01351500,2012-09-06,A,0.57766367064
26640,USGS,01351500,2012-09-07,A:e,0.57200030132
26641,USGS,01351500,2012-09-08,A:e,0.57200030132
26642,USGS,01351500,2012-09-09,A:e,0.57200030132
26643,USGS,01351500,2012-09-10,A:e,0.5946537786
26644,USGS,01351500,2012-09-11,A,0.66261421044
26645,USGS,01351500,2012-09-12,A,0.64845578714
26646,USGS,01351500,2012-09-13,A,0.63996073316
26647,USGS,01351500,2012-09-14,A,0.6229706252
26648,USGS,01351500,2012-09-15,A,0.6031488325800001
26649,USGS,01351500,2012-09-16,A,0.54934682404
26650,USGS,01351500,2012-09-17,A,0.52102997744
26651,USGS,01351500,2012-09-18,A,0.66261421044
26652,USGS,01351500,2012-09-19,A,3.1714868192
26653,USGS,01351500,2012-09-20,A,6.088122019
26654,USGS,01351500,2012-09-21,A,3.5679226716
26655,USGS,01351500,2012-09-22,A,2.4210903843000002
26656,USGS,01351500,2012-09-23,A,2.0501396938400003
26657,USGS,01351500,2012-09-24,A,1.9113871455
26658,USGS,01351500,2012-09-25,A,1.6140602562000002
26659,USGS,01351500,2012-09-26,A,1.45548591524
26660,USGS,01351500,2012-09-27,A,1.33372347486
26661,USGS,01351500,2012-09-28,A,2.15491202626
26662,USGS,01351500,2012-09-29,A,5.2669334676
26663,USGS,01351500,2012-09-30,A,6.2863399452
26664,USGS,01351500,2012-10-01,A,6.4279241782000005
26665,USGS,01351500,2012-10-02,A,5.1819829278
26666,USGS,01351500,2012-10-03,A,4.3041606832
26667,USGS,01351500,2012-10-04,A,3.7944574444
26668,USGS,01351500,2012-10-05,A,3.6528732114
26669,USGS,01351500,2012-10-06,A,3.7378237512
26670,USGS,01351500,2012-10-07,A,3.5962395182
26671,USGS,01351500,2012-10-08,A,3.4546552852000003
26672,USGS,01351500,2012-10-09,A,3.1714868192
26673,USGS,01351500,2012-10-10,A,2.7920410747599997
26674,USGS,01351500,2012-10-11,A,2.6306350491400003
26675,USGS,01351500,2012-10-12,A,2.4267537536200003
26676,USGS,01351500,2012-10-13,A,2.31065468256
26677,USGS,01351500,2012-10-14,A,2.72691232758
26678,USGS,01351500,2012-10-15,A,3.398021592
26679,USGS,01351500,2012-10-16,A,3.5112889784
26680,USGS,01351500,2012-10-17,A,3.256437359
26681,USGS,01351500,2012-10-18,A,2.81186286738
26682,USGS,01351500,2012-10-19,A,13.8469379874
26683,USGS,01351500,2012-10-20,A,113.2673864
26684,USGS,01351500,2012-10-21,A,89.764403722
26685,USGS,01351500,2012-10-22,A,59.465377860000004
26686,USGS,01351500,2012-10-23,A,42.192101434
26687,USGS,01351500,2012-10-24,A,35.39605825
26688,USGS,01351500,2012-10-25,A,31.431699726
26689,USGS,01351500,2012-10-26,A,26.476251571000002
26690,USGS,01351500,2012-10-27,A,20.2182284724
26691,USGS,01351500,2012-10-28,A,10.7320848614
26692,USGS,01351500,2012-10-29,A,7.1924790364
26693,USGS,01351500,2012-10-30,A,111.285207138
26694,USGS,01351500,2012-10-31,A,163.954541814
26695,USGS,01351500,2012-11-01,A,104.489163954
26696,USGS,01351500,2012-11-02,A,71.075284966
26697,USGS,01351500,2012-11-03,A,56.067356268000005
26698,USGS,01351500,2012-11-04,A,46.72279689
26699,USGS,01351500,2012-11-05,A,39.64358524
26700,USGS,01351500,2012-11-06,A,33.98021592
26701,USGS,01351500,2012-11-07,A,26.90100427
26702,USGS,01351500,2012-11-08,A,26.7877368836
26703,USGS,01351500,2012-11-09,A,22.0588235014
26704,USGS,01351500,2012-11-10,A,16.650305800800002
26705,USGS,01351500,2012-11-11,A,17.4998111988
26706,USGS,01351500,2012-11-12,A,15.715849863
26707,USGS,01351500,2012-11-13,A,18.3776334434
26708,USGS,01351500,2012-11-14,A,33.98021592
26709,USGS,01351500,2012-11-15,A,38.510911376
26710,USGS,01351500,2012-11-16,A,29.732688930000002
26711,USGS,01351500,2012-11-17,A,24.1259533032
26712,USGS,01351500,2012-11-18,A,21.9738729616
26713,USGS,01351500,2012-11-19,A,19.0289209152
26714,USGS,01351500,2012-11-20,A,18.8590198356
26715,USGS,01351500,2012-11-21,A,17.9528807444
26716,USGS,01351500,2012-11-22,A,16.5370384144
26717,USGS,01351500,2012-11-23,A,15.772483556200001
26718,USGS,01351500,2012-11-24,A,14.1867401466
26719,USGS,01351500,2012-11-25,A,13.875254834
26720,USGS,01351500,2012-11-26,A,13.9318885272
26721,USGS,01351500,2012-11-27,A,13.2522842088
26722,USGS,01351500,2012-11-28,A,10.3073321624
26723,USGS,01351500,2012-11-29,A,13.167333669
26724,USGS,01351500,2012-11-30,A,10.194064776000001
26725,USGS,01351500,2012-12-01,A,8.919806679
26726,USGS,01351500,2012-12-02,A,8.070301281
26727,USGS,01351500,2012-12-03,A,6.0598051724
26728,USGS,01351500,2012-12-04,A,6.229706252
26729,USGS,01351500,2012-12-05,A,6.229706252
26730,USGS,01351500,2012-12-06,A,6.6544589510000005
26731,USGS,01351500,2012-12-07,A,6.2580230986
26732,USGS,01351500,2012-12-08,A,6.7110926442
26733,USGS,01351500,2012-12-09,A,9.5710941508
26734,USGS,01351500,2012-12-10,A,9.7976289236
26735,USGS,01351500,2012-12-11,A,17.7263459716
26736,USGS,01351500,2012-12-12,A,17.6697122784
26737,USGS,01351500,2012-12-13,A,14.2433738398
26738,USGS,01351500,2012-12-14,A,13.167333669
26739,USGS,01351500,2012-12-15,A,11.949709265200001
26740,USGS,01351500,2012-12-16,A,11.2134712536
26741,USGS,01351500,2012-12-17,A,11.4116891798
26742,USGS,01351500,2012-12-18,A,42.758438366
26743,USGS,01351500,2012-12-19,A,49.271313084
26744,USGS,01351500,2012-12-20,A,41.059427570000004
26745,USGS,01351500,2012-12-21,A,84.384202868
26746,USGS,01351500,2012-12-22,A,178.39613358
26747,USGS,01351500,2012-12-23,A,124.877293506
26748,USGS,01351500,2012-12-24,A,89.764403722
26749,USGS,01351500,2012-12-25,A,72.20795883
26750,USGS,01351500,2012-12-26,A,56.6336932
26751,USGS,01351500,2012-12-27,A,56.067356268000005
26752,USGS,01351500,2012-12-28,A,53.80200854
26753,USGS,01351500,2012-12-29,A,49.55448155
26754,USGS,01351500,2012-12-30,A,43.891112230000005
26755,USGS,01351500,2012-12-31,A,39.360416774
26756,USGS,01351500,2013-01-01,A,36.528732114
26757,USGS,01351500,2013-01-02,A,28.883183532
26758,USGS,01351500,2013-01-03,A,26.8443705768
26759,USGS,01351500,2013-01-04,A,30.015857396
26760,USGS,01351500,2013-01-05,A,27.382390662200002
26761,USGS,01351500,2013-01-06,A,26.4479347244
26762,USGS,01351500,2013-01-07,A,26.1647662584
26763,USGS,01351500,2013-01-08,A,24.06931961
26764,USGS,01351500,2013-01-09,A,24.7489239284
26765,USGS,01351500,2013-01-10,A,25.1736766274
26766,USGS,01351500,2013-01-11,A,24.3808049226
26767,USGS,01351500,2013-01-12,A,27.523974895200002
26768,USGS,01351500,2013-01-13,A,47.572302288
26769,USGS,01351500,2013-01-14,A,101.374310828
26770,USGS,01351500,2013-01-15,A,93.44559378
26771,USGS,01351500,2013-01-16,A,91.180246052
26772,USGS,01351500,2013-01-17,A,83.251529004
26773,USGS,01351500,2013-01-18,A,63.71290485
26774,USGS,01351500,2013-01-19,A,55.21785087
26775,USGS,01351500,2013-01-20,A,52.952503142000005
26776,USGS,01351500,2013-01-21,A,45.30695456
26777,USGS,01351500,2013-01-22,A,39.926753706
26778,USGS,01351500,2013-01-23,A,27.8637770544
26779,USGS,01351500,2013-01-24,A,22.6251604334
26780,USGS,01351500,2013-01-25,A,21.7473381888
26781,USGS,01351500,2013-01-26,A,25.7966472526
26782,USGS,01351500,2013-01-27,A,24.4657554624
26783,USGS,01351500,2013-01-28,A,22.087140348000002
26784,USGS,01351500,2013-01-29,A,24.4374386158
26785,USGS,01351500,2013-01-30,A,39.926753706
26786,USGS,01351500,2013-01-31,A,109.869364808
26787,USGS,01351500,2013-02-01,A,78.154496616
26788,USGS,01351500,2013-02-02,A,64.845578714
26789,USGS,01351500,2013-02-03,A,51.253492346
26790,USGS,01351500,2013-02-04,A,43.607943764
26791,USGS,01351500,2013-02-05,A,36.245563648
26792,USGS,01351500,2013-02-06,A,33.413878988
26793,USGS,01351500,2013-02-07,A,27.8354602078
26794,USGS,01351500,2013-02-08,A,26.90100427
26795,USGS,01351500,2013-02-09,A,21.4075360296
26796,USGS,01351500,2013-02-10,A,24.352488076
26797,USGS,01351500,2013-02-11,A,26.362984184600002
26798,USGS,01351500,2013-02-12,A:e,25.966548332200002
26799,USGS,01351500,2013-02-13,A,25.343577707
26800,USGS,01351500,2013-02-14,A,25.4002114002
26801,USGS,01351500,2013-02-15,A,25.0320923944
26802,USGS,01351500,2013-02-16,A,24.805557621600002
26803,USGS,01351500,2013-02-17,A,23.8711016838
26804,USGS,01351500,2013-02-18,A:e,23.7012006042
26805,USGS,01351500,2013-02-19,A,23.2764479052
26806,USGS,01351500,2013-02-20,A,22.370308814
26807,USGS,01351500,2013-02-21,A,20.8411990976
26808,USGS,01351500,2013-02-22,A:e,18.2360492104
26809,USGS,01351500,2013-02-23,A,10.3073321624
26810,USGS,01351500,2013-02-24,A,7.4756475024
26811,USGS,01351500,2013-02-25,A,8.2402023606
26812,USGS,01351500,2013-02-26,A,8.4384202868
26813,USGS,01351500,2013-02-27,A,15.0928792378
26814,USGS,01351500,2013-02-28,A,50.687155414
26815,USGS,01351500,2013-03-01,A,49.271313084
26816,USGS,01351500,2013-03-02,A,35.679226716
26817,USGS,01351500,2013-03-03,A,27.9770444408
26818,USGS,01351500,2013-03-04,A,24.8905081614
26819,USGS,01351500,2013-03-05,A,23.8427848372
26820,USGS,01351500,2013-03-06,A,22.9083288994
26821,USGS,01351500,2013-03-07,A,16.650305800800002
26822,USGS,01351500,2013-03-08,A,13.7053537544
26823,USGS,01351500,2013-03-09,A,13.450502135
26824,USGS,01351500,2013-03-10,A,19.0855546084
26825,USGS,01351500,2013-03-11,A,33.413878988
26826,USGS,01351500,2013-03-12,A,138.75254834
26827,USGS,01351500,2013-03-13,A,227.667446664
26828,USGS,01351500,2013-03-14,A,160.273351756
26829,USGS,01351500,2013-03-15,A,106.754511682
26830,USGS,01351500,2013-03-16,A,87.499055994
26831,USGS,01351500,2013-03-17,A,70.7921165
26832,USGS,01351500,2013-03-18,A,57.200030132
26833,USGS,01351500,2013-03-19,A,54.651513938
26834,USGS,01351500,2013-03-20,A,50.120818482000004
26835,USGS,01351500,2013-03-21,A,45.30695456
26836,USGS,01351500,2013-03-22,A,45.873291492
26837,USGS,01351500,2013-03-23,A,43.891112230000005
26838,USGS,01351500,2013-03-24,A,39.360416774
26839,USGS,01351500,2013-03-25,A,43.041606832
26840,USGS,01351500,2013-03-26,A,43.891112230000005
26841,USGS,01351500,2013-03-27,A,50.120818482000004
26842,USGS,01351500,2013-03-28,A,57.766367064
26843,USGS,01351500,2013-03-29,A,53.235671608000004
26844,USGS,01351500,2013-03-30,A,57.766367064
26845,USGS,01351500,2013-03-31,A,62.863399452
26846,USGS,01351500,2013-04-01,A,73.62380116
26847,USGS,01351500,2013-04-02,A,66.54458951000001
26848,USGS,01351500,2013-04-03,A,48.13863922
26849,USGS,01351500,2013-04-04,A,41.908932968
26850,USGS,01351500,2013-04-05,A,42.758438366
26851,USGS,01351500,2013-04-06,A,43.607943764
26852,USGS,01351500,2013-04-07,A,39.077248308
26853,USGS,01351500,2013-04-08,A,44.457449162
26854,USGS,01351500,2013-04-09,A,46.156459958
26855,USGS,01351500,2013-04-10,A,68.243600306
26856,USGS,01351500,2013-04-11,A,109.869364808
26857,USGS,01351500,2013-04-12,A,138.186211408
26858,USGS,01351500,2013-04-13,A,171.883258862
26859,USGS,01351500,2013-04-14,A,127.70897816600001
26860,USGS,01351500,2013-04-15,A,99.958468498
26861,USGS,01351500,2013-04-16,A,84.101034402
26862,USGS,01351500,2013-04-17,A,89.19806679
26863,USGS,01351500,2013-04-18,A,78.720833548
26864,USGS,01351500,2013-04-19,A,72.491127296
26865,USGS,01351500,2013-04-20,A,189.439703754
26866,USGS,01351500,2013-04-21,A,150.645623912
26867,USGS,01351500,2013-04-22,A,105.621837818
26868,USGS,01351500,2013-04-23,A,86.36638213
26869,USGS,01351500,2013-04-24,A,76.172317354
26870,USGS,01351500,2013-04-25,A,67.394094908
26871,USGS,01351500,2013-04-26,A,58.04953553
26872,USGS,01351500,2013-04-27,A,49.837650016
26873,USGS,01351500,2013-04-28,A,49.55448155
26874,USGS,01351500,2013-04-29,A,45.30695456
26875,USGS,01351500,2013-04-30,A,25.0887260876
26876,USGS,01351500,2013-05-01,A,17.7546628182
26877,USGS,01351500,2013-05-02,A,15.376047703800001
26878,USGS,01351500,2013-05-03,A,17.4431775056
26879,USGS,01351500,2013-05-04,A,16.6219889542
26880,USGS,01351500,2013-05-05,A,14.6964433854
26881,USGS,01351500,2013-05-06,A,13.6204032146
26882,USGS,01351500,2013-05-07,A,12.5726798904
26883,USGS,01351500,2013-05-08,A,11.2417881002
26884,USGS,01351500,2013-05-09,A,9.8825794634
26885,USGS,01351500,2013-05-10,A,9.8825794634
26886,USGS,01351500,2013-05-11,A,9.0897077586
26887,USGS,01351500,2013-05-12,A,8.7215887528
26888,USGS,01351500,2013-05-13,A,7.815449661600001
26889,USGS,01351500,2013-05-14,A,7.0508948034
26890,USGS,01351500,2013-05-15,A,6.6827757976
26891,USGS,01351500,2013-05-16,A,6.6261421044
26892,USGS,01351500,2013-05-17,A,6.3146567918
26893,USGS,01351500,2013-05-18,A,5.6067356268
26894,USGS,01351500,2013-05-19,A,5.3235671608
26895,USGS,01351500,2013-05-20,A,5.3518840074
26896,USGS,01351500,2013-05-21,A,5.1536660812
26897,USGS,01351500,2013-05-22,A,23.786151144
26898,USGS,01351500,2013-05-23,A,33.98021592
26899,USGS,01351500,2013-05-24,A,26.8160537302
26900,USGS,01351500,2013-05-25,A,94.01193071200001
26901,USGS,01351500,2013-05-26,A,111.285207138
26902,USGS,01351500,2013-05-27,A,69.37627417
26903,USGS,01351500,2013-05-28,A,59.465377860000004
26904,USGS,01351500,2013-05-29,A,68.243600306
26905,USGS,01351500,2013-05-30,A,147.530770786
26906,USGS,01351500,2013-05-31,A,111.002038672
26907,USGS,01351500,2013-06-01,A,77.021822752
26908,USGS,01351500,2013-06-02,A,52.669334676
26909,USGS,01351500,2013-06-03,A,60.314883258
26910,USGS,01351500,2013-06-04,A,48.704976152
26911,USGS,01351500,2013-06-05,A,44.740617628
26912,USGS,01351500,2013-06-06,A,37.661405978
26913,USGS,01351500,2013-06-07,A,51.536660812
26914,USGS,01351500,2013-06-08,A,72.77429576200001
26915,USGS,01351500,2013-06-09,A,58.615872462
26916,USGS,01351500,2013-06-10,A,52.102997744
26917,USGS,01351500,2013-06-11,A,163.954541814
26918,USGS,01351500,2013-06-12,A,176.69712278400002
26919,USGS,01351500,2013-06-13,A,240.6931961
26920,USGS,01351500,2013-06-14,A,557.84187802
26921,USGS,01351500,2013-06-15,A,410.5942757
26922,USGS,01351500,2013-06-16,A,194.25356767600002
26923,USGS,01351500,2013-06-17,A,121.47927191400001
26924,USGS,01351500,2013-06-18,A,101.374310828
26925,USGS,01351500,2013-06-19,A,85.516876732
26926,USGS,01351500,2013-06-20,A,69.37627417
26927,USGS,01351500,2013-06-21,A,54.085177006
26928,USGS,01351500,2013-06-22,A,48.13863922
26929,USGS,01351500,2013-06-23,A,40.209922172
26930,USGS,01351500,2013-06-24,A,38.510911376
26931,USGS,01351500,2013-06-25,A,39.926753706
26932,USGS,01351500,2013-06-26,A,31.431699726
26933,USGS,01351500,2013-06-27,A,26.193083105
26934,USGS,01351500,2013-06-28,A,91.46341451800001
26935,USGS,01351500,2013-06-29,A,76.45548582
26936,USGS,01351500,2013-06-30,A,55.784187802
26937,USGS,01351500,2013-07-01,A,58.615872462
26938,USGS,01351500,2013-07-02,A,55.21785087
26939,USGS,01351500,2013-07-03,A,50.403986948000004
26940,USGS,01351500,2013-07-04,A,41.342596036
26941,USGS,01351500,2013-07-05,A,38.510911376
26942,USGS,01351500,2013-07-06,A,34.263384386
26943,USGS,01351500,2013-07-07,A,33.130710522
26944,USGS,01351500,2013-07-08,A,60.031714792
26945,USGS,01351500,2013-07-09,A,25.201993474000002
26946,USGS,01351500,2013-07-10,A,14.7813939252
26947,USGS,01351500,2013-07-11,A,14.9796118514
26948,USGS,01351500,2013-07-12,A,11.1568375604
26949,USGS,01351500,2013-07-13,A,8.4384202868
26950,USGS,01351500,2013-07-14,A,7.4190138092
26951,USGS,01351500,2013-07-15,A,6.512874718
26952,USGS,01351500,2013-07-16,A,5.7200030132
26953,USGS,01351500,2013-07-17,A,4.8704976152
26954,USGS,01351500,2013-07-18,A,4.1908932968000006
26955,USGS,01351500,2013-07-19,A,3.7378237512
26956,USGS,01351500,2013-07-20,A,3.3130710522
26957,USGS,01351500,2013-07-21,A,3.0015857396000003
26958,USGS,01351500,2013-07-22,A,2.8600015066
26959,USGS,01351500,2013-07-23,A,4.4457449162
26960,USGS,01351500,2013-07-24,A,11.6948576458
26961,USGS,01351500,2013-07-25,A,5.8615872462
26962,USGS,01351500,2013-07-26,A,3.964358524
26963,USGS,01351500,2013-07-27,A,3.114853126
26964,USGS,01351500,2013-07-28,A,2.7920410747599997
26965,USGS,01351500,2013-07-29,A,2.77221928214
26966,USGS,01351500,2013-07-30,A,2.83168466
26967,USGS,01351500,2013-07-31,A,2.6306350491400003
26968,USGS,01351500,2013-08-01,A,2.2993279439200003
26969,USGS,01351500,2013-08-02,A,2.2002189808200003
26970,USGS,01351500,2013-08-03,A,2.23986256606
26971,USGS,01351500,2013-08-04,A,2.08978327908
26972,USGS,01351500,2013-08-05,A,1.78679302046
26973,USGS,01351500,2013-08-06,A,1.53194140106
26974,USGS,01351500,2013-08-07,A,1.4215056993200001
26975,USGS,01351500,2013-08-08,A,1.34221852884
26976,USGS,01351500,2013-08-09,A,3.6528732114
26977,USGS,01351500,2013-08-10,A,23.6728837576
26978,USGS,01351500,2013-08-11,A,9.1463414518
26979,USGS,01351500,2013-08-12,A,5.4368345472
26980,USGS,01351500,2013-08-13,A,8.353469747
26981,USGS,01351500,2013-08-14,A,30.582194328
26982,USGS,01351500,2013-08-15,A,14.0451559136
26983,USGS,01351500,2013-08-16,A,8.4101034402
26984,USGS,01351500,2013-08-17,A,5.9748546326000005
26985,USGS,01351500,2013-08-18,A,4.7572302288
26986,USGS,01351500,2013-08-19,A,3.8510911376
26987,USGS,01351500,2013-08-20,A,3.3413878988
26988,USGS,01351500,2013-08-21,A,2.9449520464
26989,USGS,01351500,2013-08-22,A,2.61364494118
26990,USGS,01351500,2013-08-23,A,2.46073396954
26991,USGS,01351500,2013-08-24,A,2.1096050717
26992,USGS,01351500,2013-08-25,A,1.9283772534599999
26993,USGS,01351500,2013-08-26,A,1.8320999750200002
26994,USGS,01351500,2013-08-27,A,2.22853582742
26995,USGS,01351500,2013-08-28,A,4.5873291492
26996,USGS,01351500,2013-08-29,A,4.2758438366
26997,USGS,01351500,2013-08-30,A,3.3130710522
26998,USGS,01351500,2013-08-31,A,2.78637770544
26999,USGS,01351500,2013-09-01,A,5.4085177006
27000,USGS,01351500,2013-09-02,A,9.939213156600001
27001,USGS,01351500,2013-09-03,A,15.007928698
27002,USGS,01351500,2013-09-04,A,12.204560884600001
27003,USGS,01351500,2013-09-05,A,7.815449661600001
27004,USGS,01351500,2013-09-06,A,5.6350524734
27005,USGS,01351500,2013-09-07,A,4.24752699
27006,USGS,01351500,2013-09-08,A,3.7095069046
27007,USGS,01351500,2013-09-09,A,3.1431699726
27008,USGS,01351500,2013-09-10,A,3.0299025862
27009,USGS,01351500,2013-09-11,A,2.8600015066
27010,USGS,01351500,2013-09-12,A,2.973268893
27011,USGS,01351500,2013-09-13,A,4.3324775298
27012,USGS,01351500,2013-09-14,A,3.9360416774
27013,USGS,01351500,2013-09-15,A,3.3697047454
27014,USGS,01351500,2013-09-16,A,2.9166351998
27015,USGS,01351500,2013-09-17,A,2.6193083105
27016,USGS,01351500,2013-09-18,A,2.28800120528
27017,USGS,01351500,2013-09-19,A,2.13225854898
27018,USGS,01351500,2013-09-20,A,1.95952578472
27019,USGS,01351500,2013-09-21,A,1.8547534523
27020,USGS,01351500,2013-09-22,A,1.73015932726
27021,USGS,01351500,2013-09-23,A,1.5659216169799999
27022,USGS,01351500,2013-09-24,A,1.49512950048
27023,USGS,01351500,2013-09-25,A,1.42716906864
27024,USGS,01351500,2013-09-26,A,1.3960205373799999
27025,USGS,01351500,2013-09-27,A,1.35637695214
27026,USGS,01351500,2013-09-28,A,1.32522842088
27027,USGS,01351500,2013-09-29,A,1.27992146632
27028,USGS,01351500,2013-09-30,A,1.2459412504
27029,USGS,01351500,2013-10-01,A,1.1949709265200001
27030,USGS,01351500,2013-10-02,A,1.14400060264
27031,USGS,01351500,2013-10-03,A,1.13550554866
27032,USGS,01351500,2013-10-04,A,1.4922978158200002
27033,USGS,01351500,2013-10-05,A,1.8405950290000002
27034,USGS,01351500,2013-10-06,A,2.10394170238
27035,USGS,01351500,2013-10-07,A,2.4125953303200003
27036,USGS,01351500,2013-10-08,A,3.0582194328
27037,USGS,01351500,2013-10-09,A,5.1536660812
27038,USGS,01351500,2013-10-10,A,4.3041606832
27039,USGS,01351500,2013-10-11,A,3.3130710522
27040,USGS,01351500,2013-10-12,A,2.5032092394400003
27041,USGS,01351500,2013-10-13,A,2.10111001772
27042,USGS,01351500,2013-10-14,A,1.8972287222
27043,USGS,01351500,2013-10-15,A,1.62538699484
27044,USGS,01351500,2013-10-16,A,1.49796118514
27045,USGS,01351500,2013-10-17,A,1.42716906864
27046,USGS,01351500,2013-10-18,A,1.4356641226200002
27047,USGS,01351500,2013-10-19,A,1.42716906864
27048,USGS,01351500,2013-10-20,A,1.42716906864
27049,USGS,01351500,2013-10-21,A,1.42716906864
27050,USGS,01351500,2013-10-22,A,1.42716906864
27051,USGS,01351500,2013-10-23,A,1.3592086368
27052,USGS,01351500,2013-10-24,A,1.3223967362200002
27053,USGS,01351500,2013-10-25,A,1.41017896068
27054,USGS,01351500,2013-10-26,A,1.4300007533
27055,USGS,01351500,2013-10-27,A,1.3167333669
27056,USGS,01351500,2013-10-28,A,1.2459412504
27057,USGS,01351500,2013-10-29,A,1.2176244038
27058,USGS,01351500,2013-10-30,A,1.22328777312
27059,USGS,01351500,2013-10-31,A,1.25443630438
27060,USGS,01351500,2013-11-01,A,1.4016839067
27061,USGS,01351500,2013-11-02,A,1.8830702989
27062,USGS,01351500,2013-11-03,A,2.8175262367
27063,USGS,01351500,2013-11-04,A,2.4635656542
27064,USGS,01351500,2013-11-05,A,2.12093181034
27065,USGS,01351500,2013-11-06,A,1.90006040686
27066,USGS,01351500,2013-11-07,A,1.8236049210400003
27067,USGS,01351500,2013-11-08,A,1.9255455688
27068,USGS,01351500,2013-11-09,A,2.55984293264
27069,USGS,01351500,2013-11-10,A,2.7665559128200004
27070,USGS,01351500,2013-11-11,A,2.38711016838
27071,USGS,01351500,2013-11-12,A,2.25968435868
27072,USGS,01351500,2013-11-13,A,2.1917239268400004
27073,USGS,01351500,2013-11-14,A,2.11810012568
27074,USGS,01351500,2013-11-15,A,2.04164463986
27075,USGS,01351500,2013-11-16,A,2.00766442394
27076,USGS,01351500,2013-11-17,A,1.9708525233599998
27077,USGS,01351500,2013-11-18,A,2.0869515944200003
27078,USGS,01351500,2013-11-19,A,2.09827833306
27079,USGS,01351500,2013-11-20,A,2.16907044956
27080,USGS,01351500,2013-11-21,A,2.04447632452
27081,USGS,01351500,2013-11-22,A,2.00766442394
27082,USGS,01351500,2013-11-23,A,1.94819904608
27083,USGS,01351500,2013-11-24,A,1.9227138841400002
27084,USGS,01351500,2013-11-25,A,1.8689118756
27085,USGS,01351500,2013-11-26,A,1.9142188301599998
27086,USGS,01351500,2013-11-27,A,3.539605825
27087,USGS,01351500,2013-11-28,A,19.255455688
27088,USGS,01351500,2013-11-29,A,11.893075572
27089,USGS,01351500,2013-11-30,A,10.477233242
27090,USGS,01351500,2013-12-01,A,8.4101034402
27091,USGS,01351500,2013-12-02,A,7.3057464228
27092,USGS,01351500,2013-12-03,A,6.512874718
27093,USGS,01351500,2013-12-04,A,6.2013894054000005
27094,USGS,01351500,2013-12-05,A,15.8857509426
27095,USGS,01351500,2013-12-06,A,30.582194328
27096,USGS,01351500,2013-12-07,A,36.528732114
27097,USGS,01351500,2013-12-08,A,23.644566911000002
27098,USGS,01351500,2013-12-09,A,18.7457524492
27099,USGS,01351500,2013-12-10,A,13.8469379874
27100,USGS,01351500,2013-12-11,A,7.8437665082
27101,USGS,01351500,2013-12-12,A,8.325152900400001
27102,USGS,01351500,2013-12-13,A,13.6770369078
27103,USGS,01351500,2013-12-14,A,16.5370384144
27104,USGS,01351500,2013-12-15,A,15.574265630000001
27105,USGS,01351500,2013-12-16,A,16.4804047212
27106,USGS,01351500,2013-12-17,A,22.9649625926
27107,USGS,01351500,2013-12-18,A,19.8501094666
27108,USGS,01351500,2013-12-19,A,18.830702989
27109,USGS,01351500,2013-12-20,A,22.5685267402
27110,USGS,01351500,2013-12-21,A,60.598051724
27111,USGS,01351500,2013-12-22,A,119.213924186
27112,USGS,01351500,2013-12-23,A,92.02975145
27113,USGS,01351500,2013-12-24,A,83.251529004
27114,USGS,01351500,2013-12-25,A,80.419844344
27115,USGS,01351500,2013-12-26,A,62.580230986000004
27116,USGS,01351500,2013-12-27,A,51.253492346
27117,USGS,01351500,2013-12-28,A,45.873291492
27118,USGS,01351500,2013-12-29,A,42.4752699
27119,USGS,01351500,2013-12-30,A,56.916861666
27120,USGS,01351500,2013-12-31,A,45.590123026
27121,USGS,01351500,2014-01-01,A,41.342596036
27122,USGS,01351500,2014-01-02,A,38.510911376
27123,USGS,01351500,2014-01-03,A,31.148531260000002
27124,USGS,01351500,2014-01-04,A,37.095069046
27125,USGS,01351500,2014-01-05,A,38.794079842
27126,USGS,01351500,2014-01-06,A,79.853507412
27127,USGS,01351500,2014-01-07,A,137.33670601
27128,USGS,01351500,2014-01-08,A,89.19806679
27129,USGS,01351500,2014-01-09,A,66.827757976
27130,USGS,01351500,2014-01-10,A,55.21785087
27131,USGS,01351500,2014-01-11,A,61.730725588
27132,USGS,01351500,2014-01-12,A,211.81001256800002
27133,USGS,01351500,2014-01-13,A,127.70897816600001
27134,USGS,01351500,2014-01-14,A,106.18817475
27135,USGS,01351500,2014-01-15,A,112.417881002
27136,USGS,01351500,2014-01-16,A,88.914898324
27137,USGS,01351500,2014-01-17,A,73.62380116
27138,USGS,01351500,2014-01-18,A,60.031714792
27139,USGS,01351500,2014-01-19,A,54.085177006
27140,USGS,01351500,2014-01-20,A,50.403986948000004
27141,USGS,01351500,2014-01-21,A,41.908932968
27142,USGS,01351500,2014-01-22,A,33.697047454
27143,USGS,01351500,2014-01-23,A,33.413878988
27144,USGS,01351500,2014-01-24,A,33.98021592
27145,USGS,01351500,2014-01-25,A,36.245563648
27146,USGS,01351500,2014-01-26,A,31.148531260000002
27147,USGS,01351500,2014-01-27,A,30.582194328
27148,USGS,01351500,2014-01-28,A,26.5045684176
27149,USGS,01351500,2014-01-29,A:e,18.972287222000002
27150,USGS,01351500,2014-01-30,A:e,17.273276426
27151,USGS,01351500,2014-01-31,A:e,11.893075572
27152,USGS,01351500,2014-02-01,A:e,9.061390912
27153,USGS,01351500,2014-02-02,A:e,7.928717048
27154,USGS,01351500,2014-02-03,A:e,7.362380116000001
27155,USGS,01351500,2014-02-04,A:e,7.07921165
27156,USGS,01351500,2014-02-05,A:e,6.796043184
27157,USGS,01351500,2014-02-06,A:e,7.362380116000001
27158,USGS,01351500,2014-02-07,A:e,8.49505398
27159,USGS,01351500,2014-02-08,A:e,7.928717048
27160,USGS,01351500,2014-02-09,A:e,7.362380116000001
27161,USGS,01351500,2014-02-10,A:e,7.07921165
27162,USGS,01351500,2014-02-11,A:e,6.512874718
27163,USGS,01351500,2014-02-12,A:e,6.796043184
27164,USGS,01351500,2014-02-13,A:e,6.796043184
27165,USGS,01351500,2014-02-14,A:e,7.645548582
27166,USGS,01351500,2014-02-15,A:e,12.176244038
27167,USGS,01351500,2014-02-16,A:e,43.324775298
27168,USGS,01351500,2014-02-17,A:e,66.827757976
27169,USGS,01351500,2014-02-18,A:e,63.71290485
27170,USGS,01351500,2014-02-19,A:e,60.031714792
27171,USGS,01351500,2014-02-20,A:e,39.64358524
27172,USGS,01351500,2014-02-21,A:e,25.768330406
27173,USGS,01351500,2014-02-22,A:e,26.334667338
27174,USGS,01351500,2014-02-23,A:e,27.467341202
27175,USGS,01351500,2014-02-24,A:e,26.334667338
27176,USGS,01351500,2014-02-25,A:e,26.617835804000002
27177,USGS,01351500,2014-02-26,A:e,26.334667338
27178,USGS,01351500,2014-02-27,A:e,22.087140348000002
27179,USGS,01351500,2014-02-28,A:e,10.194064776000001
27180,USGS,01351500,2014-03-01,A:e,6.512874718
27181,USGS,01351500,2014-03-02,A:e,5.66336932
27182,USGS,01351500,2014-03-03,A:e,5.380200854
27183,USGS,01351500,2014-03-04,A:e,5.66336932
27184,USGS,01351500,2014-03-05,A:e,5.946537786
27185,USGS,01351500,2014-03-06,A:e,5.66336932
27186,USGS,01351500,2014-03-07,A:e,5.66336932
27187,USGS,01351500,2014-03-08,A:e,5.380200854
27188,USGS,01351500,2014-03-09,A:e,5.097032388000001
27189,USGS,01351500,2014-03-10,A:e,5.097032388000001
27190,USGS,01351500,2014-03-11,A:e,5.946537786
27191,USGS,01351500,2014-03-12,A:e,15.291097164
27192,USGS,01351500,2014-03-13,A:e,28.3168466
27193,USGS,01351500,2014-03-14,A:e,22.087140348000002
27194,USGS,01351500,2014-03-15,A:e,16.423771028
27195,USGS,01351500,2014-03-16,A:e,15.291097164
27196,USGS,01351500,2014-03-17,A:e,13.592086368
27197,USGS,01351500,2014-03-18,A:e,13.592086368
27198,USGS,01351500,2014-03-19,A:e,13.308917902000001
27199,USGS,01351500,2014-03-20,A:e,16.423771028
27200,USGS,01351500,2014-03-21,A:e,23.502982678000002
27201,USGS,01351500,2014-03-22,A:e,22.087140348000002
27202,USGS,01351500,2014-03-23,A:e,20.388129552000002
27203,USGS,01351500,2014-03-24,A:e,23.219814212
27204,USGS,01351500,2014-03-25,A:e,21.803971882
27205,USGS,01351500,2014-03-26,A:e,16.706939494
27206,USGS,01351500,2014-03-27,A,16.0273351756
27207,USGS,01351500,2014-03-28,A,45.023786094
27208,USGS,01351500,2014-03-29,A,120.629766516
27209,USGS,01351500,2014-03-30,A,294.49520464
27210,USGS,01351500,2014-03-31,A,302.99025862
27211,USGS,01351500,2014-04-01,A,212.659517966
27212,USGS,01351500,2014-04-02,A,180.661481308
27213,USGS,01351500,2014-04-03,A,175.847617386
27214,USGS,01351500,2014-04-04,A,150.362455446
27215,USGS,01351500,2014-04-05,A,142.716906864
27216,USGS,01351500,2014-04-06,A,121.47927191400001
27217,USGS,01351500,2014-04-07,A,107.320848614
27218,USGS,01351500,2014-04-08,A,114.116891798
27219,USGS,01351500,2014-04-09,A,134.50502135
27220,USGS,01351500,2014-04-10,A,111.85154407
27221,USGS,01351500,2014-04-11,A,97.69312077000001
27222,USGS,01351500,2014-04-12,A,113.550554866
27223,USGS,01351500,2014-04-13,A,107.887185546
27224,USGS,01351500,2014-04-14,A,97.976289236
27225,USGS,01351500,2014-04-15,A,139.885222204
27226,USGS,01351500,2014-04-16,A,240.6931961
27227,USGS,01351500,2014-04-17,A,159.140677892
27228,USGS,01351500,2014-04-18,A,117.231744924
27229,USGS,01351500,2014-04-19,A,92.02975145
27230,USGS,01351500,2014-04-20,A,81.55251820800001
27231,USGS,01351500,2014-04-21,A,70.22577956800001
27232,USGS,01351500,2014-04-22,A,59.748546326
27233,USGS,01351500,2014-04-23,A,58.04953553
27234,USGS,01351500,2014-04-24,A,53.518840074
27235,USGS,01351500,2014-04-25,A,45.590123026
27236,USGS,01351500,2014-04-26,A,47.572302288
27237,USGS,01351500,2014-04-27,A,53.80200854
27238,USGS,01351500,2014-04-28,A,43.607943764
27239,USGS,01351500,2014-04-29,A,54.651513938
27240,USGS,01351500,2014-04-30,A,62.863399452
27241,USGS,01351500,2014-05-01,A,87.499055994
27242,USGS,01351500,2014-05-02,A,84.384202868
27243,USGS,01351500,2014-05-03,A,64.562410248
27244,USGS,01351500,2014-05-04,A,63.146567918
27245,USGS,01351500,2014-05-05,A,56.6336932
27246,USGS,01351500,2014-05-06,A,48.421807686
27247,USGS,01351500,2014-05-07,A,41.908932968
27248,USGS,01351500,2014-05-08,A,37.378237512
27249,USGS,01351500,2014-05-09,A,35.39605825
27250,USGS,01351500,2014-05-10,A,36.245563648
27251,USGS,01351500,2014-05-11,A,31.998036658
27252,USGS,01351500,2014-05-12,A,30.015857396
27253,USGS,01351500,2014-05-13,A,25.768330406
27254,USGS,01351500,2014-05-14,A,30.582194328
27255,USGS,01351500,2014-05-15,A,32.281205124
27256,USGS,01351500,2014-05-16,A,28.2035792136
27257,USGS,01351500,2014-05-17,A,282.885297534
27258,USGS,01351500,2014-05-18,A,199.350600064
27259,USGS,01351500,2014-05-19,A,111.568375604
27260,USGS,01351500,2014-05-20,A,84.9505398
27261,USGS,01351500,2014-05-21,A,68.809937238
27262,USGS,01351500,2014-05-22,A,60.314883258
27263,USGS,01351500,2014-05-23,A,64.845578714
27264,USGS,01351500,2014-05-24,A,62.580230986000004
27265,USGS,01351500,2014-05-25,A,63.146567918
27266,USGS,01351500,2014-05-26,A,48.988144618
27267,USGS,01351500,2014-05-27,A,38.794079842
27268,USGS,01351500,2014-05-28,A,32.281205124
27269,USGS,01351500,2014-05-29,A,27.5806085884
27270,USGS,01351500,2014-05-30,A,23.757834297400002
27271,USGS,01351500,2014-05-31,A,23.8711016838
27272,USGS,01351500,2014-06-01,A,19.0006040686
27273,USGS,01351500,2014-06-02,A,14.922978158200001
27274,USGS,01351500,2014-06-03,A,12.9407988962
27275,USGS,01351500,2014-06-04,A,34.263384386
27276,USGS,01351500,2014-06-05,A,18.5192176764
27277,USGS,01351500,2014-06-06,A,13.960205373800001
27278,USGS,01351500,2014-06-07,A,9.7976289236
27279,USGS,01351500,2014-06-08,A,6.8526768772
27280,USGS,01351500,2014-06-09,A,6.1164388656
27281,USGS,01351500,2014-06-10,A,7.3057464228
27282,USGS,01351500,2014-06-11,A,7.1075284966000005
27283,USGS,01351500,2014-06-12,A,8.6083213664
27284,USGS,01351500,2014-06-13,A,22.2570414276
27285,USGS,01351500,2014-06-14,A,78.720833548
27286,USGS,01351500,2014-06-15,A,62.580230986000004
27287,USGS,01351500,2014-06-16,A,46.156459958
27288,USGS,01351500,2014-06-17,A,31.431699726
27289,USGS,01351500,2014-06-18,A,52.102997744
27290,USGS,01351500,2014-06-19,A,42.192101434
27291,USGS,01351500,2014-06-20,A,28.3168466
27292,USGS,01351500,2014-06-21,A,19.7085252336
27293,USGS,01351500,2014-06-22,A,14.1867401466
27294,USGS,01351500,2014-06-23,A,9.769312077
27295,USGS,01351500,2014-06-24,A,8.126934974200001
27296,USGS,01351500,2014-06-25,A,7.645548582
27297,USGS,01351500,2014-06-26,A,93.728762246
27298,USGS,01351500,2014-06-27,A,92.312919916
27299,USGS,01351500,2014-06-28,A,49.271313084
27300,USGS,01351500,2014-06-29,A,29.732688930000002
27301,USGS,01351500,2014-06-30,A,21.520803416
27302,USGS,01351500,2014-07-01,A,17.8962470512
27303,USGS,01351500,2014-07-02,A,16.1972362552
27304,USGS,01351500,2014-07-03,A,36.81190058
27305,USGS,01351500,2014-07-04,A,36.245563648
27306,USGS,01351500,2014-07-05,A,25.1453597808
27307,USGS,01351500,2014-07-06,A,14.9796118514
27308,USGS,01351500,2014-07-07,A,14.4982254592
27309,USGS,01351500,2014-07-08,A,30.865362794
27310,USGS,01351500,2014-07-09,A,23.4180321382
27311,USGS,01351500,2014-07-10,A,32.281205124
27312,USGS,01351500,2014-07-11,A,19.7368420802
27313,USGS,01351500,2014-07-12,A,13.761987447600001
27314,USGS,01351500,2014-07-13,A,11.32673864
27315,USGS,01351500,2014-07-14,A,13.507135828200001
27316,USGS,01351500,2014-07-15,A,12.1479271914
27317,USGS,01351500,2014-07-16,A,13.4221852884
27318,USGS,01351500,2014-07-17,A,16.4804047212
27319,USGS,01351500,2014-07-18,A,16.763573187200002
27320,USGS,01351500,2014-07-19,A,12.176244038
27321,USGS,01351500,2014-07-20,A,9.033074065400001
27322,USGS,01351500,2014-07-21,A,5.550101933600001
27323,USGS,01351500,2014-07-22,A,4.7855470754
27324,USGS,01351500,2014-07-23,A,7.1924790364
27325,USGS,01351500,2014-07-24,A,13.450502135
27326,USGS,01351500,2014-07-25,A,12.6859472768
27327,USGS,01351500,2014-07-26,A,8.6932719062
27328,USGS,01351500,2014-07-27,A,4.1908932968000006
27329,USGS,01351500,2014-07-28,A,7.1641621898
27330,USGS,01351500,2014-07-29,A,28.1469455204
27331,USGS,01351500,2014-07-30,A,10.9586196342
27332,USGS,01351500,2014-07-31,A,6.8809937238000005
27333,USGS,01351500,2014-08-01,A,5.380200854
27334,USGS,01351500,2014-08-02,A,4.5590123026
27335,USGS,01351500,2014-08-03,A,4.1342596036
27336,USGS,01351500,2014-08-04,A,3.822774291
27337,USGS,01351500,2014-08-05,A,3.3697047454
27338,USGS,01351500,2014-08-06,A,3.0865362794
27339,USGS,01351500,2014-08-07,A,2.7580608588400004
27340,USGS,01351500,2014-08-08,A,2.49471418546
27341,USGS,01351500,2014-08-09,A,2.2002189808200003
27342,USGS,01351500,2014-08-10,A,2.06146643248
27343,USGS,01351500,2014-08-11,A,1.87740692958
27344,USGS,01351500,2014-08-12,A,1.74998111988
27345,USGS,01351500,2014-08-13,A,7.7021822752
27346,USGS,01351500,2014-08-14,A,9.8825794634
27347,USGS,01351500,2014-08-15,A,4.3324775298
27348,USGS,01351500,2014-08-16,A,3.0015857396000003
27349,USGS,01351500,2014-08-17,A,2.265347728
27350,USGS,01351500,2014-08-18,A,1.9227138841400002
27351,USGS,01351500,2014-08-19,A,1.66786226474
27352,USGS,01351500,2014-08-20,A,1.69617911134
27353,USGS,01351500,2014-08-21,A,5.0687155414000005
27354,USGS,01351500,2014-08-22,A,14.2433738398
27355,USGS,01351500,2014-08-23,A,14.7813939252
27356,USGS,01351500,2014-08-24,A,7.4756475024
27357,USGS,01351500,2014-08-25,A,4.955448155
27358,USGS,01351500,2014-08-26,A,3.7944574444
27359,USGS,01351500,2014-08-27,A,2.973268893
27360,USGS,01351500,2014-08-28,A,2.42958543828
27361,USGS,01351500,2014-08-29,A,2.0501396938400003
27362,USGS,01351500,2014-08-30,A,1.8405950290000002
27363,USGS,01351500,2014-08-31,A,1.70750584998
27364,USGS,01351500,2014-09-01,A,1.78962470512
27365,USGS,01351500,2014-09-02,A,1.78962470512
27366,USGS,01351500,2014-09-03,A,3.4829721318
27367,USGS,01351500,2014-09-04,A,3.7944574444
27368,USGS,01351500,2014-09-05,A,2.7665559128200004
27369,USGS,01351500,2014-09-06,A,2.10677338704
27370,USGS,01351500,2014-09-07,A,1.7273276426000002
27371,USGS,01351500,2014-09-08,A,1.48380276184
27372,USGS,01351500,2014-09-09,A,1.3393868441799999
27373,USGS,01351500,2014-09-10,A,1.2062976651600001
27374,USGS,01351500,2014-09-11,A,1.10718870206
27375,USGS,01351500,2014-09-12,A,1.0363965855600001
27376,USGS,01351500,2014-09-13,A,1.04489163954
27377,USGS,01351500,2014-09-14,A,1.12417881002
27378,USGS,01351500,2014-09-15,A,1.17231744924
27379,USGS,01351500,2014-09-16,A,1.41017896068
27380,USGS,01351500,2014-09-17,A,1.75281280454
27381,USGS,01351500,2014-09-18,A,1.63388204882
27382,USGS,01351500,2014-09-19,A,1.4215056993200001
27383,USGS,01351500,2014-09-20,A,1.31106999758
27384,USGS,01351500,2014-09-21,A,1.1468322873
27385,USGS,01351500,2014-09-22,A,1.08453522478
27386,USGS,01351500,2014-09-23,A,1.00241636964
27387,USGS,01351500,2014-09-24,A,0.9627727844
27388,USGS,01351500,2014-09-25,A,0.9401193071200001
27389,USGS,01351500,2014-09-26,A,0.92312919916
27390,USGS,01351500,2014-09-27,A,0.8523370826600001
27391,USGS,01351500,2014-09-28,A,0.8296836053800001
27392,USGS,01351500,2014-09-29,A,0.8070301281000001
27393,USGS,01351500,2014-09-30,A,0.7673865428600001
27394,USGS,01351500,2014-10-01,A,0.7447330655800001
27395,USGS,01351500,2014-10-02,A,0.7447330655800001
27396,USGS,01351500,2014-10-03,A,0.74190138092
27397,USGS,01351500,2014-10-04,A,0.93162425314
27398,USGS,01351500,2014-10-05,A,1.17798081856
27399,USGS,01351500,2014-10-06,A,1.16382239526
27400,USGS,01351500,2014-10-07,A,1.14400060264
27401,USGS,01351500,2014-10-08,A,1.16665407992
27402,USGS,01351500,2014-10-09,A,1.12417881002
27403,USGS,01351500,2014-10-10,A,1.0363965855600001
27404,USGS,01351500,2014-10-11,A,0.9344559378
27405,USGS,01351500,2014-10-12,A,0.80419844344
27406,USGS,01351500,2014-10-13,A,0.7447330655800001
27407,USGS,01351500,2014-10-14,A,0.72491127296
27408,USGS,01351500,2014-10-15,A,0.71358453432
27409,USGS,01351500,2014-10-16,A,0.7362380116
27410,USGS,01351500,2014-10-17,A,0.7957033894600001
27411,USGS,01351500,2014-10-18,A,1.07320848614
27412,USGS,01351500,2014-10-19,A,1.18081250322
27413,USGS,01351500,2014-10-20,A,1.18647587254
27414,USGS,01351500,2014-10-21,A,1.2034659805
27415,USGS,01351500,2014-10-22,A,1.1524956566200002
27416,USGS,01351500,2014-10-23,A,5.946537786
27417,USGS,01351500,2014-10-24,A,23.3897152916
27418,USGS,01351500,2014-10-25,A,13.3372347486
27419,USGS,01351500,2014-10-26,A,9.033074065400001
27420,USGS,01351500,2014-10-27,A,7.9853507412
27421,USGS,01351500,2014-10-28,A,7.4473306558
27422,USGS,01351500,2014-10-29,A,6.2013894054000005
27423,USGS,01351500,2014-10-30,A,5.4368345472
27424,USGS,01351500,2014-10-31,A,4.9837650016
27425,USGS,01351500,2014-11-01,A,4.3607943764
27426,USGS,01351500,2014-11-02,A,4.1908932968000006
27427,USGS,01351500,2014-11-03,A,4.1625764502000004
27428,USGS,01351500,2014-11-04,A,3.8794079842
27429,USGS,01351500,2014-11-05,A,3.5679226716
27430,USGS,01351500,2014-11-06,A,3.398021592
27431,USGS,01351500,2014-11-07,A,3.4546552852000003
27432,USGS,01351500,2014-11-08,A,3.4263384386
27433,USGS,01351500,2014-11-09,A,3.4546552852000003
27434,USGS,01351500,2014-11-10,A,3.2281205124000003
27435,USGS,01351500,2014-11-11,A,2.973268893
27436,USGS,01351500,2014-11-12,A,2.83168466
27437,USGS,01351500,2014-11-13,A,2.77221928214
27438,USGS,01351500,2014-11-14,A,2.67027863438
27439,USGS,01351500,2014-11-15,A,2.47489239284
27440,USGS,01351500,2014-11-16,A,2.4210903843000002
27441,USGS,01351500,2014-11-17,A,3.0582194328
27442,USGS,01351500,2014-11-18,A,14.3566412262
27443,USGS,01351500,2014-11-19,A,11.185154407
27444,USGS,01351500,2014-11-20,A,8.4384202868
27445,USGS,01351500,2014-11-21,A,6.8526768772
27446,USGS,01351500,2014-11-22,A,6.1730725588
27447,USGS,01351500,2014-11-23,A,7.7304991218
27448,USGS,01351500,2014-11-24,A,11.0152533274
27449,USGS,01351500,2014-11-25,A,12.9407988962
27450,USGS,01351500,2014-11-26,A,10.618817475
27451,USGS,01351500,2014-11-27,A,10.4489163954
27452,USGS,01351500,2014-11-28,A,10.137431082800001
27453,USGS,01351500,2014-11-29,A,9.1180246052
27454,USGS,01351500,2014-11-30,A,9.287925684800001
27455,USGS,01351500,2014-12-01,A,22.0305066548
27456,USGS,01351500,2014-12-02,A,24.8338744682
27457,USGS,01351500,2014-12-03,A,20.2182284724
27458,USGS,01351500,2014-12-04,A,21.9738729616
27459,USGS,01351500,2014-12-05,A,16.706939494
27460,USGS,01351500,2014-12-06,A,31.714868192
27461,USGS,01351500,2014-12-07,A,65.978252578
27462,USGS,01351500,2014-12-08,A,32.847542056
27463,USGS,01351500,2014-12-09,A,25.8815977924
27464,USGS,01351500,2014-12-10,A,38.22774291
27465,USGS,01351500,2014-12-11,A,31.714868192
27466,USGS,01351500,2014-12-12,A,25.0320923944
27467,USGS,01351500,2014-12-13,A,21.5774371092
27468,USGS,01351500,2014-12-14,A,20.1899116258
27469,USGS,01351500,2014-12-15,A,20.388129552000002
27470,USGS,01351500,2014-12-16,A,19.9067431598
27471,USGS,01351500,2014-12-17,A,28.600015066
27472,USGS,01351500,2014-12-18,A,45.873291492
27473,USGS,01351500,2014-12-19,A,36.245563648
27474,USGS,01351500,2014-12-20,A,28.0619949806
27475,USGS,01351500,2014-12-21,A,23.6728837576
27476,USGS,01351500,2014-12-22,A,20.8411990976
27477,USGS,01351500,2014-12-23,A,27.750509668
27478,USGS,01351500,2014-12-24,A,80.136675878
27479,USGS,01351500,2014-12-25,A,167.91890033800001
27480,USGS,01351500,2014-12-26,A,158.57434096
27481,USGS,01351500,2014-12-27,A,104.205995488
27482,USGS,01351500,2014-12-28,A,103.073321624
27483,USGS,01351500,2014-12-29,A,88.914898324
27484,USGS,01351500,2014-12-30,A,61.447557122
27485,USGS,01351500,2014-12-31,A,39.64358524
27486,USGS,01351500,2015-01-01,A,26.759420037
27487,USGS,01351500,2015-01-02,A,25.4002114002
27488,USGS,01351500,2015-01-03,A,21.2093181034
27489,USGS,01351500,2015-01-04,A:e,24.5223891556
27490,USGS,01351500,2015-01-05,A:e,27.5522917418
27491,USGS,01351500,2015-01-06,A:e,27.042588503
27492,USGS,01351500,2015-01-07,A:e,24.06931961
27493,USGS,01351500,2015-01-08,A:e,16.99010796
27494,USGS,01351500,2015-01-09,A:e,16.7918900338
27495,USGS,01351500,2015-01-10,A:e,17.7829796648
27496,USGS,01351500,2015-01-11,A:e,16.706939494
27497,USGS,01351500,2015-01-12,A:e,18.40595029
27498,USGS,01351500,2015-01-13,A:e,14.1584233
27499,USGS,01351500,2015-01-14,A:e,14.1584233
27500,USGS,01351500,2015-01-15,A:e,13.025749436
27501,USGS,01351500,2015-01-16,A:e,14.1584233
27502,USGS,01351500,2015-01-17,A:e,12.74258097
27503,USGS,01351500,2015-01-18,A:e,11.32673864
27504,USGS,01351500,2015-01-19,A:e,11.043570174000001
27505,USGS,01351500,2015-01-20,A:e,9.627727844
27506,USGS,01351500,2015-01-21,A:e,7.362380116000001
27507,USGS,01351500,2015-01-22,A:e,5.66336932
27508,USGS,01351500,2015-01-23,A:e,5.380200854
27509,USGS,01351500,2015-01-24,A:e,4.813863922
27510,USGS,01351500,2015-01-25,A:e,4.530695456
27511,USGS,01351500,2015-01-26,A:e,4.24752699
27512,USGS,01351500,2015-01-27,A:e,3.964358524
27513,USGS,01351500,2015-01-28,A:e,3.6811900580000003
27514,USGS,01351500,2015-01-29,A:e,3.398021592
27515,USGS,01351500,2015-01-30,A:e,3.398021592
27516,USGS,01351500,2015-01-31,A:e,3.114853126
27517,USGS,01351500,2015-02-01,A:e,2.83168466
27518,USGS,01351500,2015-02-02,A:e,2.83168466
27519,USGS,01351500,2015-02-03,A:e,2.7750509668000003
27520,USGS,01351500,2015-02-04,A:e,2.690100427
27521,USGS,01351500,2015-02-05,A:e,2.5485161940000003
27522,USGS,01351500,2015-02-06,A:e,2.5485161940000003
27523,USGS,01351500,2015-02-07,A:e,2.4918825008
27524,USGS,01351500,2015-02-08,A:e,2.406931961
27525,USGS,01351500,2015-02-09,A:e,2.3786151144
27526,USGS,01351500,2015-02-10,A:e,2.3219814212000003
27527,USGS,01351500,2015-02-11,A:e,2.2936645746
27528,USGS,01351500,2015-02-12,A:e,2.2087140348
27529,USGS,01351500,2015-02-13,A:e,2.1520803416
27530,USGS,01351500,2015-02-14,A:e,2.123763495
27531,USGS,01351500,2015-02-15,A:e,2.123763495
27532,USGS,01351500,2015-02-16,A:e,2.0954466484000003
27533,USGS,01351500,2015-02-17,A:e,2.0671298018
27534,USGS,01351500,2015-02-18,A:e,2.0104961086
27535,USGS,01351500,2015-02-19,A:e,2.0104961086
27536,USGS,01351500,2015-02-20,A:e,2.0388129552
27537,USGS,01351500,2015-02-21,A:e,2.0104961086
27538,USGS,01351500,2015-02-22,A:e,1.9255455688
27539,USGS,01351500,2015-02-23,A:e,1.982179262
27540,USGS,01351500,2015-02-24,A:e,2.0104961086
27541,USGS,01351500,2015-02-25,A:e,2.0388129552
27542,USGS,01351500,2015-02-26,A:e,2.2936645746
27543,USGS,01351500,2015-02-27,A:e,2.3219814212000003
27544,USGS,01351500,2015-02-28,A:e,1.982179262
27545,USGS,01351500,2015-03-01,A:e,1.8972287222
27546,USGS,01351500,2015-03-02,A:e,1.8972287222
27547,USGS,01351500,2015-03-03,A:e,1.8122781824
27548,USGS,01351500,2015-03-04,A:e,1.699010796
27549,USGS,01351500,2015-03-05,A:e,2.0954466484000003
27550,USGS,01351500,2015-03-06,A:e,1.8405950290000002
27551,USGS,01351500,2015-03-07,A:e,1.41584233
27552,USGS,01351500,2015-03-08,A:e,1.6423771028
27553,USGS,01351500,2015-03-09,A:e,2.123763495
27554,USGS,01351500,2015-03-10,A:e,2.3786151144
27555,USGS,01351500,2015-03-11,A:e,3.6811900580000003
27556,USGS,01351500,2015-03-12,A:e,8.211885514
27557,USGS,01351500,2015-03-13,A:e,8.211885514
27558,USGS,01351500,2015-03-14,A:e,6.512874718
27559,USGS,01351500,2015-03-15,A:e,7.07921165
27560,USGS,01351500,2015-03-16,A:e,6.512874718
27561,USGS,01351500,2015-03-17,A:e,7.07921165
27562,USGS,01351500,2015-03-18,A:e,7.07921165
27563,USGS,01351500,2015-03-19,A:e,10.194064776000001
27564,USGS,01351500,2015-03-20,A:e,8.211885514
27565,USGS,01351500,2015-03-21,A:e,7.928717048
27566,USGS,01351500,2015-03-22,A:e,8.49505398
27567,USGS,01351500,2015-03-23,A:e,7.928717048
27568,USGS,01351500,2015-03-24,A:e,7.07921165
27569,USGS,01351500,2015-03-25,A:e,7.07921165
27570,USGS,01351500,2015-03-26,A:e,11.32673864
27571,USGS,01351500,2015-03-27,A:e,31.148531260000002
27572,USGS,01351500,2015-03-28,A:e,31.998036658
27573,USGS,01351500,2015-03-29,A:e,24.06931961
27574,USGS,01351500,2015-03-30,A:e,23.502982678000002
27575,USGS,01351500,2015-03-31,A:e,24.918825008
27576,USGS,01351500,2015-04-01,A:e,26.617835804000002
27577,USGS,01351500,2015-04-02,A,39.64358524
27578,USGS,01351500,2015-04-03,A,118.93075572000001
27579,USGS,01351500,2015-04-04,A,161.122857154
27580,USGS,01351500,2015-04-05,A,103.922827022
27581,USGS,01351500,2015-04-06,A,71.924790364
27582,USGS,01351500,2015-04-07,A,77.021822752
27583,USGS,01351500,2015-04-08,A,71.924790364
27584,USGS,01351500,2015-04-09,A,110.152533274
27585,USGS,01351500,2015-04-10,A,129.124820496
27586,USGS,01351500,2015-04-11,A,197.368420802
27587,USGS,01351500,2015-04-12,A,135.92086368
27588,USGS,01351500,2015-04-13,A,105.621837818
27589,USGS,01351500,2015-04-14,A,88.914898324
27590,USGS,01351500,2015-04-15,A,79.28717048
27591,USGS,01351500,2015-04-16,A,61.164388656
27592,USGS,01351500,2015-04-17,A,49.55448155
27593,USGS,01351500,2015-04-18,A,43.041606832
27594,USGS,01351500,2015-04-19,A,36.528732114
27595,USGS,01351500,2015-04-20,A,27.325756969
27596,USGS,01351500,2015-04-21,A,49.55448155
27597,USGS,01351500,2015-04-22,A,83.817865936
27598,USGS,01351500,2015-04-23,A,63.71290485
27599,USGS,01351500,2015-04-24,A,56.916861666
27600,USGS,01351500,2015-04-25,A,46.72279689
27601,USGS,01351500,2015-04-26,A,38.510911376
27602,USGS,01351500,2015-04-27,A,32.847542056
27603,USGS,01351500,2015-04-28,A,32.847542056
27604,USGS,01351500,2015-04-29,A,23.248131058600002
27605,USGS,01351500,2015-04-30,A,15.9423846358
27606,USGS,01351500,2015-05-01,A,13.9318885272
27607,USGS,01351500,2015-05-02,A,12.3744619642
27608,USGS,01351500,2015-05-03,A,10.760401708
27609,USGS,01351500,2015-05-04,A,9.769312077
27610,USGS,01351500,2015-05-05,A,9.1746582984
27611,USGS,01351500,2015-05-06,A,8.126934974200001
27612,USGS,01351500,2015-05-07,A,7.0225779568
27613,USGS,01351500,2015-05-08,A,6.5411915646
27614,USGS,01351500,2015-05-09,A,6.1447557122
27615,USGS,01351500,2015-05-10,A,5.7483198598000005
27616,USGS,01351500,2015-05-11,A,5.6067356268
27617,USGS,01351500,2015-05-12,A,5.238616621
27618,USGS,01351500,2015-05-13,A,4.7855470754
27619,USGS,01351500,2015-05-14,A,4.5590123026
27620,USGS,01351500,2015-05-15,A,4.2758438366
27621,USGS,01351500,2015-05-16,A,4.0493090638
27622,USGS,01351500,2015-05-17,A,3.9360416774
27623,USGS,01351500,2015-05-18,A,3.7944574444
27624,USGS,01351500,2015-05-19,A,3.7661405978
27625,USGS,01351500,2015-05-20,A,3.7661405978
27626,USGS,01351500,2015-05-21,A,3.6528732114
27627,USGS,01351500,2015-05-22,A,3.2847542056
27628,USGS,01351500,2015-05-23,A,2.9166351998
27629,USGS,01351500,2015-05-24,A,2.6617835804
27630,USGS,01351500,2015-05-25,A,2.4267537536200003
27631,USGS,01351500,2015-05-26,A,2.3049913132400004
27632,USGS,01351500,2015-05-27,A,2.24269425072
27633,USGS,01351500,2015-05-28,A,2.24269425072
27634,USGS,01351500,2015-05-29,A,2.06996148646
27635,USGS,01351500,2015-05-30,A,1.9623574693799999
27636,USGS,01351500,2015-05-31,A,2.00766442394
27637,USGS,01351500,2015-06-01,A,2.973268893
27638,USGS,01351500,2015-06-02,A,5.6350524734
27639,USGS,01351500,2015-06-03,A,4.8988144618
27640,USGS,01351500,2015-06-04,A,3.9077248308000003
27641,USGS,01351500,2015-06-05,A,3.256437359
27642,USGS,01351500,2015-06-06,A,3.6528732114
27643,USGS,01351500,2015-06-07,A,6.088122019
27644,USGS,01351500,2015-06-08,A,4.5023786094
27645,USGS,01351500,2015-06-09,A,8.0136675878
27646,USGS,01351500,2015-06-10,A,14.1017896068
27647,USGS,01351500,2015-06-11,A,9.0047572188
27648,USGS,01351500,2015-06-12,A,7.4756475024
27649,USGS,01351500,2015-06-13,A,11.185154407
27650,USGS,01351500,2015-06-14,A,8.49505398
27651,USGS,01351500,2015-06-15,A,16.282186795
27652,USGS,01351500,2015-06-16,A,30.015857396
27653,USGS,01351500,2015-06-17,A,18.717435602600002
27654,USGS,01351500,2015-06-18,A,12.1196103448
27655,USGS,01351500,2015-06-19,A,9.5710941508
27656,USGS,01351500,2015-06-20,A,7.7304991218
27657,USGS,01351500,2015-06-21,A,6.8809937238000005
27658,USGS,01351500,2015-06-22,A,7.5322811956
27659,USGS,01351500,2015-06-23,A,19.1705051482
27660,USGS,01351500,2015-06-24,A,29.166351998
27661,USGS,01351500,2015-06-25,A,24.2392206896
27662,USGS,01351500,2015-06-26,A,16.650305800800002
27663,USGS,01351500,2015-06-27,A,16.0273351756
27664,USGS,01351500,2015-06-28,A,18.830702989
27665,USGS,01351500,2015-06-29,A,64.279241782
27666,USGS,01351500,2015-06-30,A,56.350524734000004
27667,USGS,01351500,2015-07-01,A,71.075284966
27668,USGS,01351500,2015-07-02,A,71.641621898
27669,USGS,01351500,2015-07-03,A,45.873291492
27670,USGS,01351500,2015-07-04,A,32.847542056
27671,USGS,01351500,2015-07-05,A,29.449520464000003
27672,USGS,01351500,2015-07-06,A,24.2675375362
27673,USGS,01351500,2015-07-07,A,19.0572377618
27674,USGS,01351500,2015-07-08,A,16.905157420200002
27675,USGS,01351500,2015-07-09,A,17.7546628182
27676,USGS,01351500,2015-07-10,A,82.11885514000001
27677,USGS,01351500,2015-07-11,A,44.740617628
27678,USGS,01351500,2015-07-12,A,26.362984184600002
27679,USGS,01351500,2015-07-13,A,15.6025824766
27680,USGS,01351500,2015-07-14,A,12.5160461972
27681,USGS,01351500,2015-07-15,A,10.7320848614
27682,USGS,01351500,2015-07-16,A,9.5144604576
27683,USGS,01351500,2015-07-17,A,7.4756475024
27684,USGS,01351500,2015-07-18,A,6.371290485
27685,USGS,01351500,2015-07-19,A,6.088122019
27686,USGS,01351500,2015-07-20,A,5.9182209394
27687,USGS,01351500,2015-07-21,A,5.7483198598000005
27688,USGS,01351500,2015-07-22,A,5.2102997744
27689,USGS,01351500,2015-07-23,A,4.5023786094
27690,USGS,01351500,2015-07-24,A,3.6528732114
27691,USGS,01351500,2015-07-25,A,3.0865362794
27692,USGS,01351500,2015-07-26,A,2.8600015066
27693,USGS,01351500,2015-07-27,A,2.74107075088
27694,USGS,01351500,2015-07-28,A,2.55701124798
27695,USGS,01351500,2015-07-29,A,2.2993279439200003
27696,USGS,01351500,2015-07-30,A,2.1662387649
27697,USGS,01351500,2015-07-31,A,2.20588235014
27698,USGS,01351500,2015-08-01,A,2.05863474782
27699,USGS,01351500,2015-08-02,A,1.8717435602599999
27700,USGS,01351500,2015-08-03,A,1.65370384144
27701,USGS,01351500,2015-08-04,A,1.59423846358
27702,USGS,01351500,2015-08-05,A,2.00766442394
27703,USGS,01351500,2015-08-06,A,2.0727931711200003
27704,USGS,01351500,2015-08-07,A,1.7160009039600002
27705,USGS,01351500,2015-08-08,A,1.49796118514
27706,USGS,01351500,2015-08-09,A,1.38469379874
27707,USGS,01351500,2015-08-10,A,1.2827531509799999
27708,USGS,01351500,2015-08-11,A,1.3960205373799999
27709,USGS,01351500,2015-08-12,A,1.557426563
27710,USGS,01351500,2015-08-13,A,1.9453673614200002
27711,USGS,01351500,2015-08-14,A,1.86324850628
27712,USGS,01351500,2015-08-15,A,1.70750584998
27713,USGS,01351500,2015-08-16,A,1.8802386142400003
27714,USGS,01351500,2015-08-17,A,1.9142188301599998
27715,USGS,01351500,2015-08-18,A,1.76697122784
27716,USGS,01351500,2015-08-19,A,1.61689194086
27717,USGS,01351500,2015-08-20,A,1.42433738398
27718,USGS,01351500,2015-08-21,A,1.4526542305799999
27719,USGS,01351500,2015-08-22,A,2.0727931711200003
27720,USGS,01351500,2015-08-23,A,2.14641697228
27721,USGS,01351500,2015-08-24,A,1.7754662818200002
27722,USGS,01351500,2015-08-25,A,1.7839613358
27723,USGS,01351500,2015-08-26,A,1.84342671366
27724,USGS,01351500,2015-08-27,A,1.88590198356
27725,USGS,01351500,2015-08-28,A,1.52344634708
27726,USGS,01351500,2015-08-29,A,1.31106999758
27727,USGS,01351500,2015-08-30,A,1.22328777312
27728,USGS,01351500,2015-08-31,A,1.16382239526
27729,USGS,01351500,2015-09-01,A,1.1043570174
27730,USGS,01351500,2015-09-02,A,1.06754511682
27731,USGS,01351500,2015-09-03,A,1.0194064776
27732,USGS,01351500,2015-09-04,A,0.98825794634
27733,USGS,01351500,2015-09-05,A,0.9344559378
27734,USGS,01351500,2015-09-06,A,0.88348561392
27735,USGS,01351500,2015-09-07,A,0.82685192072
27736,USGS,01351500,2015-09-08,A,0.78720833548
27737,USGS,01351500,2015-09-09,A,0.7787132815
27738,USGS,01351500,2015-09-10,A,0.8070301281000001
27739,USGS,01351500,2015-09-11,A,0.97126783838
27740,USGS,01351500,2015-09-12,A,1.10152533274
27741,USGS,01351500,2015-09-13,A,1.7160009039600002
27742,USGS,01351500,2015-09-14,A,2.78071433612
27743,USGS,01351500,2015-09-15,A,2.7892093901
27744,USGS,01351500,2015-09-16,A,2.05863474782
27745,USGS,01351500,2015-09-17,A,1.6791890033799999
27746,USGS,01351500,2015-09-18,A,1.41867401466
27747,USGS,01351500,2015-09-19,A,1.2317828271
27748,USGS,01351500,2015-09-20,A,1.16382239526
27749,USGS,01351500,2015-09-21,A,1.0930302787600001
27750,USGS,01351500,2015-09-22,A,1.02223816226
27751,USGS,01351500,2015-09-23,A,0.9825945770200001
27752,USGS,01351500,2015-09-24,A,0.94295099178
27753,USGS,01351500,2015-09-25,A,0.9202975145000001
27754,USGS,01351500,2015-09-26,A,0.8863172985800001
27755,USGS,01351500,2015-09-27,A,0.8863172985800001
27756,USGS,01351500,2015-09-28,A,0.8863172985800001
27757,USGS,01351500,2015-09-29,A,0.9656044690600001
27758,USGS,01351500,2015-09-30,A,7.5889148888
27759,USGS,01351500,2015-10-01,A,19.0289209152
27760,USGS,01351500,2015-10-02,A,8.2402023606
27761,USGS,01351500,2015-10-03,A,5.380200854
27762,USGS,01351500,2015-10-04,A,6.7677263374
27763,USGS,01351500,2015-10-05,A,7.4756475024
27764,USGS,01351500,2015-10-06,A,5.7766367064
27765,USGS,01351500,2015-10-07,A,4.4174280696
27766,USGS,01351500,2015-10-08,A,3.2281205124000003
27767,USGS,01351500,2015-10-09,A,2.5032092394400003
27768,USGS,01351500,2015-10-10,A,2.34180321382
27769,USGS,01351500,2015-10-11,A,2.3984369070200002
27770,USGS,01351500,2015-10-12,A,2.34180321382
27771,USGS,01351500,2015-10-13,A,2.0727931711200003
27772,USGS,01351500,2015-10-14,A,1.82926829036
27773,USGS,01351500,2015-10-15,A,1.6621988954200002
27774,USGS,01351500,2015-10-16,A,1.5715849863
27775,USGS,01351500,2015-10-17,A,1.54043645504
27776,USGS,01351500,2015-10-18,A,1.4781393925200002
27777,USGS,01351500,2015-10-19,A,1.4583175999
27778,USGS,01351500,2015-10-20,A,1.4781393925200002
27779,USGS,01351500,2015-10-21,A,1.39885222204
27780,USGS,01351500,2015-10-22,A,1.3308917902
27781,USGS,01351500,2015-10-23,A,1.27708978166
27782,USGS,01351500,2015-10-24,A,1.19780261118
27783,USGS,01351500,2015-10-25,A,1.31106999758
27784,USGS,01351500,2015-10-26,A,1.29974325894
27785,USGS,01351500,2015-10-27,A,1.34221852884
27786,USGS,01351500,2015-10-28,A,1.82077323638
27787,USGS,01351500,2015-10-29,A,25.48516194
27788,USGS,01351500,2015-10-30,A,37.095069046
27789,USGS,01351500,2015-10-31,A,46.439628424
27790,USGS,01351500,2015-11-01,A,30.015857396
27791,USGS,01351500,2015-11-02,A,21.6340708024
27792,USGS,01351500,2015-11-03,A,16.99010796
27793,USGS,01351500,2015-11-04,A,12.0912934982
27794,USGS,01351500,2015-11-05,A,10.9869364808
27795,USGS,01351500,2015-11-06,A,8.6083213664
27796,USGS,01351500,2015-11-07,A,7.0508948034
27797,USGS,01351500,2015-11-08,A,6.6261421044
27798,USGS,01351500,2015-11-09,A,5.550101933600001
27799,USGS,01351500,2015-11-10,A,4.8421807686000005
27800,USGS,01351500,2015-11-11,A,21.7190213422
27801,USGS,01351500,2015-11-12,A,52.38616621
27802,USGS,01351500,2015-11-13,A,45.023786094
27803,USGS,01351500,2015-11-14,A,32.56437359
27804,USGS,01351500,2015-11-15,A,24.210903843
27805,USGS,01351500,2015-11-16,A,18.3776334434
27806,USGS,01351500,2015-11-17,A,17.4998111988
27807,USGS,01351500,2015-11-18,A,13.4788189816
27808,USGS,01351500,2015-11-19,A,12.657630430200001
27809,USGS,01351500,2015-11-20,A,17.2449595794
27810,USGS,01351500,2015-11-21,A,51.819829278
27811,USGS,01351500,2015-11-22,A,36.528732114
27812,USGS,01351500,2015-11-23,A,25.5134787866
27813,USGS,01351500,2015-11-24,A,22.4269425072
27814,USGS,01351500,2015-11-25,A,17.131692193
27815,USGS,01351500,2015-11-26,A,13.308917902000001
27816,USGS,01351500,2015-11-27,A,13.1390168224
27817,USGS,01351500,2015-11-28,A,11.9213924186
27818,USGS,01351500,2015-11-29,A,9.8825794634
27819,USGS,01351500,2015-11-30,A,9.033074065400001
27820,USGS,01351500,2015-12-01,A,9.7126783838
27821,USGS,01351500,2015-12-02,A,8.4667371334
27822,USGS,01351500,2015-12-03,A,8.778222446000001
27823,USGS,01351500,2015-12-04,A,10.5621837818
27824,USGS,01351500,2015-12-05,A,9.91089631
27825,USGS,01351500,2015-12-06,A,8.7499055994
27826,USGS,01351500,2015-12-07,A,7.815449661600001
27827,USGS,01351500,2015-12-08,A,7.5322811956
27828,USGS,01351500,2015-12-09,A,6.796043184
27829,USGS,01351500,2015-12-10,A,5.66336932
27830,USGS,01351500,2015-12-11,A,4.9271313084
27831,USGS,01351500,2015-12-12,A,4.6156459958000005
27832,USGS,01351500,2015-12-13,A,4.4457449162
27833,USGS,01351500,2015-12-14,A,4.3324775298
27834,USGS,01351500,2015-12-15,A,5.2102997744
27835,USGS,01351500,2015-12-16,A,8.2968360538
27836,USGS,01351500,2015-12-17,A,7.5889148888
27837,USGS,01351500,2015-12-18,A,8.325152900400001
27838,USGS,01351500,2015-12-19,A,8.778222446000001
27839,USGS,01351500,2015-12-20,A,7.4473306558
27840,USGS,01351500,2015-12-21,A,6.8243600306
27841,USGS,01351500,2015-12-22,A,7.0225779568
27842,USGS,01351500,2015-12-23,A,12.9407988962
27843,USGS,01351500,2015-12-24,A,21.7190213422
27844,USGS,01351500,2015-12-25,A,19.1705051482
27845,USGS,01351500,2015-12-26,A,15.4609982436
27846,USGS,01351500,2015-12-27,A,25.2586271672
27847,USGS,01351500,2015-12-28,A,32.847542056
27848,USGS,01351500,2015-12-29,A,25.2586271672
27849,USGS,01351500,2015-12-30,A,32.281205124
27850,USGS,01351500,2015-12-31,A,62.580230986000004
27851,USGS,01351500,2016-01-01,A,73.906969626
27852,USGS,01351500,2016-01-02,A,59.182209394000004
27853,USGS,01351500,2016-01-03,A:e,45.590123026
27854,USGS,01351500,2016-01-04,A:e,33.130710522
27855,USGS,01351500,2016-01-05,A:e,20.8411990976
27856,USGS,01351500,2016-01-06,A:e,18.689118756
27857,USGS,01351500,2016-01-07,A:e,17.4998111988
27858,USGS,01351500,2016-01-08,A:e,17.414860659000002
27859,USGS,01351500,2016-01-09,A,17.556444892000002
27860,USGS,01351500,2016-01-10,A,37.378237512
27861,USGS,01351500,2016-01-11,A,113.550554866
27862,USGS,01351500,2016-01-12,A,81.269349742
27863,USGS,01351500,2016-01-13,A,55.501019336
27864,USGS,01351500,2016-01-14,A,40.209922172
27865,USGS,01351500,2016-01-15,A,37.378237512
27866,USGS,01351500,2016-01-16,A,39.926753706
27867,USGS,01351500,2016-01-17,A,47.005965356000004
27868,USGS,01351500,2016-01-18,A:e,37.944574444000004
27869,USGS,01351500,2016-01-19,A:e,24.550706002200002
27870,USGS,01351500,2016-01-20,A:e,19.7368420802
27871,USGS,01351500,2016-01-21,A:e,17.0184248066
27872,USGS,01351500,2016-01-22,A:e,14.7530770786
27873,USGS,01351500,2016-01-23,A:e,13.563769521400001
27874,USGS,01351500,2016-01-24,A:e,12.600996737000001
27875,USGS,01351500,2016-01-25,A:e,12.459412504
27876,USGS,01351500,2016-01-26,A:e,11.609907106
27877,USGS,01351500,2016-01-27,A,12.7708978166
27878,USGS,01351500,2016-01-28,A,13.3372347486
27879,USGS,01351500,2016-01-29,A,12.402778810800001
27880,USGS,01351500,2016-01-30,A,10.5621837818
27881,USGS,01351500,2016-01-31,A,8.8631729858
27882,USGS,01351500,2016-02-01,A,9.0897077586
27883,USGS,01351500,2016-02-02,A,10.7037680148
27884,USGS,01351500,2016-02-03,A,18.122781824
27885,USGS,01351500,2016-02-04,A,41.342596036
27886,USGS,01351500,2016-02-05,A,35.679226716
27887,USGS,01351500,2016-02-06,A,24.777240775
27888,USGS,01351500,2016-02-07,A,20.133277932600002
27889,USGS,01351500,2016-02-08,A,17.6697122784
27890,USGS,01351500,2016-02-09,A,16.2255531018
27891,USGS,01351500,2016-02-10,A:e,16.3105036416
27892,USGS,01351500,2016-02-11,A:e,12.2895114244
27893,USGS,01351500,2016-02-12,A:e,9.231291991600001
27894,USGS,01351500,2016-02-13,A:e,7.2774295762
27895,USGS,01351500,2016-02-14,A:e,7.3340632694000005
27896,USGS,01351500,2016-02-15,A:e,7.4756475024
27897,USGS,01351500,2016-02-16,A:e,13.4788189816
27898,USGS,01351500,2016-02-17,A:e,113.833723332
27899,USGS,01351500,2016-02-18,A,78.154496616
27900,USGS,01351500,2016-02-19,A,47.289133822000004
27901,USGS,01351500,2016-02-20,A,37.944574444000004
27902,USGS,01351500,2016-02-21,A,41.059427570000004
27903,USGS,01351500,2016-02-22,A,37.378237512
27904,USGS,01351500,2016-02-23,A,27.8071433612
27905,USGS,01351500,2016-02-24,A,26.7877368836
27906,USGS,01351500,2016-02-25,A,256.833798662
27907,USGS,01351500,2016-02-26,A,213.509023364
27908,USGS,01351500,2016-02-27,A,119.780261118
27909,USGS,01351500,2016-02-28,A,85.23370826600001
27910,USGS,01351500,2016-02-29,A,74.190138092
27911,USGS,01351500,2016-03-01,A,65.695084112
27912,USGS,01351500,2016-03-02,A,55.784187802
27913,USGS,01351500,2016-03-03,A,47.005965356000004
27914,USGS,01351500,2016-03-04,A,39.926753706
27915,USGS,01351500,2016-03-05,A,33.98021592
27916,USGS,01351500,2016-03-06,A,28.1186286738
27917,USGS,01351500,2016-03-07,A,25.768330406
27918,USGS,01351500,2016-03-08,A,22.4269425072
27919,USGS,01351500,2016-03-09,A,24.352488076
27920,USGS,01351500,2016-03-10,A,29.732688930000002
27921,USGS,01351500,2016-03-11,A,46.439628424
27922,USGS,01351500,2016-03-12,A,44.740617628
27923,USGS,01351500,2016-03-13,A,34.546552852
27924,USGS,01351500,2016-03-14,A,30.865362794
27925,USGS,01351500,2016-03-15,A,30.865362794
27926,USGS,01351500,2016-03-16,A,26.7311031904
27927,USGS,01351500,2016-03-17,A,34.263384386
27928,USGS,01351500,2016-03-18,A,33.697047454
27929,USGS,01351500,2016-03-19,A,30.582194328
27930,USGS,01351500,2016-03-20,A,25.343577707
27931,USGS,01351500,2016-03-21,A,22.8233783596
27932,USGS,01351500,2016-03-22,A,19.9916936996
27933,USGS,01351500,2016-03-23,A,16.3671373348
27934,USGS,01351500,2016-03-24,A,13.592086368
27935,USGS,01351500,2016-03-25,A,13.025749436
27936,USGS,01351500,2016-03-26,A,12.7708978166
27937,USGS,01351500,2016-03-27,A,11.1285207138
27938,USGS,01351500,2016-03-28,A,11.043570174000001
27939,USGS,01351500,2016-03-29,A,14.0451559136
27940,USGS,01351500,2016-03-30,A,12.034659805
27941,USGS,01351500,2016-03-31,A,10.4489163954
27942,USGS,01351500,2016-04-01,A,10.1091142362
27943,USGS,01351500,2016-04-02,A,12.6293135836
27944,USGS,01351500,2016-04-03,A,12.6859472768
27945,USGS,01351500,2016-04-04,A,12.600996737000001
27946,USGS,01351500,2016-04-05,A,11.5249565662
27947,USGS,01351500,2016-04-06,A,11.9213924186
27948,USGS,01351500,2016-04-07,A,24.3808049226
27949,USGS,01351500,2016-04-08,A,105.338669352
27950,USGS,01351500,2016-04-09,A,67.11092644200001
27951,USGS,01351500,2016-04-10,A,45.023786094
27952,USGS,01351500,2016-04-11,A,36.81190058
27953,USGS,01351500,2016-04-12,A,40.493090638
27954,USGS,01351500,2016-04-13,A,36.245563648
27955,USGS,01351500,2016-04-14,A,28.0903118272
27956,USGS,01351500,2016-04-15,A,23.3330815984
27957,USGS,01351500,2016-04-16,A,20.1615947792
27958,USGS,01351500,2016-04-17,A,17.8679302046
27959,USGS,01351500,2016-04-18,A,16.3105036416
27960,USGS,01351500,2016-04-19,A,14.724760232000001
27961,USGS,01351500,2016-04-20,A,13.3372347486
27962,USGS,01351500,2016-04-21,A,12.0912934982
27963,USGS,01351500,2016-04-22,A,11.4400060264
27964,USGS,01351500,2016-04-23,A,10.901985941
27965,USGS,01351500,2016-04-24,A,9.8542626168
27966,USGS,01351500,2016-04-25,A,8.919806679
27967,USGS,01351500,2016-04-26,A,9.6560446906
27968,USGS,01351500,2016-04-27,A,17.1033753464
27969,USGS,01351500,2016-04-28,A,13.167333669
27970,USGS,01351500,2016-04-29,A,10.590500628400001
27971,USGS,01351500,2016-04-30,A,9.8542626168
27972,USGS,01351500,2016-05-01,A,9.627727844
27973,USGS,01351500,2016-05-02,A,13.2239673622
27974,USGS,01351500,2016-05-03,A,21.9738729616
27975,USGS,01351500,2016-05-04,A,17.0750584998
27976,USGS,01351500,2016-05-05,A,16.706939494
27977,USGS,01351500,2016-05-06,A,16.0839688688
27978,USGS,01351500,2016-05-07,A,23.248131058600002
27979,USGS,01351500,2016-05-08,A,22.511893047
27980,USGS,01351500,2016-05-09,A,35.39605825
27981,USGS,01351500,2016-05-10,A,34.263384386
27982,USGS,01351500,2016-05-11,A,28.3168466
27983,USGS,01351500,2016-05-12,A,29.449520464000003
27984,USGS,01351500,2016-05-13,A,25.6833798662
27985,USGS,01351500,2016-05-14,A,41.625764502
27986,USGS,01351500,2016-05-15,A,35.962395182
27987,USGS,01351500,2016-05-16,A,29.166351998
27988,USGS,01351500,2016-05-17,A,23.219814212
27989,USGS,01351500,2016-05-18,A,22.370308814
27990,USGS,01351500,2016-05-19,A,17.839613358
27991,USGS,01351500,2016-05-20,A,13.875254834
27992,USGS,01351500,2016-05-21,A,12.7708978166
27993,USGS,01351500,2016-05-22,A,10.8736690944
27994,USGS,01351500,2016-05-23,A,10.392282702200001
27995,USGS,01351500,2016-05-24,A,8.919806679
27996,USGS,01351500,2016-05-25,A,7.220795883
27997,USGS,01351500,2016-05-26,A,6.5978252578
27998,USGS,01351500,2016-05-27,A,5.804953553
27999,USGS,01351500,2016-05-28,A,5.0403986948
28000,USGS,01351500,2016-05-29,A,26.872687423400002
28001,USGS,01351500,2016-05-30,A,95.427773042
28002,USGS,01351500,2016-05-31,A,28.883183532
28003,USGS,01351500,2016-06-01,A,15.9707014824
28004,USGS,01351500,2016-06-02,A,11.4400060264
28005,USGS,01351500,2016-06-03,A,9.0047572188
28006,USGS,01351500,2016-06-04,A,7.7871328150000005
28007,USGS,01351500,2016-06-05,A,10.901985941
28008,USGS,01351500,2016-06-06,A,32.281205124
28009,USGS,01351500,2016-06-07,A,17.9528807444
28010,USGS,01351500,2016-06-08,A,12.74258097
28011,USGS,01351500,2016-06-09,A,9.9958468498
28012,USGS,01351500,2016-06-10,A,8.1552518208
28013,USGS,01351500,2016-06-11,A,9.0897077586
28014,USGS,01351500,2016-06-12,A,16.905157420200002
28015,USGS,01351500,2016-06-13,A,11.609907106
28016,USGS,01351500,2016-06-14,A,9.1463414518
28017,USGS,01351500,2016-06-15,A,7.815449661600001
28018,USGS,01351500,2016-06-16,A,6.7677263374
28019,USGS,01351500,2016-06-17,A,5.804953553
28020,USGS,01351500,2016-06-18,A,5.2102997744
28021,USGS,01351500,2016-06-19,A,4.5873291492
28022,USGS,01351500,2016-06-20,A,4.0493090638
28023,USGS,01351500,2016-06-21,A,3.822774291
28024,USGS,01351500,2016-06-22,A,3.9077248308000003
28025,USGS,01351500,2016-06-23,A,3.6245563648
28026,USGS,01351500,2016-06-24,A,3.256437359
28027,USGS,01351500,2016-06-25,A,2.8883183532
28028,USGS,01351500,2016-06-26,A,2.6334667338
28029,USGS,01351500,2016-06-27,A,2.4777240775
28030,USGS,01351500,2016-06-28,A,2.57400135594
28031,USGS,01351500,2016-06-29,A,4.1625764502000004
28032,USGS,01351500,2016-06-30,A,5.1253492346
28033,USGS,01351500,2016-07-01,A,3.9077248308000003
28034,USGS,01351500,2016-07-02,A,3.5679226716
28035,USGS,01351500,2016-07-03,A,3.256437359
28036,USGS,01351500,2016-07-04,A,2.9166351998
28037,USGS,01351500,2016-07-05,A,2.55984293264
28038,USGS,01351500,2016-07-06,A,2.21437740412
28039,USGS,01351500,2016-07-07,A,2.0388129552
28040,USGS,01351500,2016-07-08,A,1.9397039921
28041,USGS,01351500,2016-07-09,A,2.2257041427599997
28042,USGS,01351500,2016-07-10,A,13.2522842088
28043,USGS,01351500,2016-07-11,A,9.3162425314
28044,USGS,01351500,2016-07-12,A,5.8899040928
28045,USGS,01351500,2016-07-13,A,4.3891112230000005
28046,USGS,01351500,2016-07-14,A,3.5962395182
28047,USGS,01351500,2016-07-15,A,3.256437359
28048,USGS,01351500,2016-07-16,A,3.7378237512
28049,USGS,01351500,2016-07-17,A,4.7005965356
28050,USGS,01351500,2016-07-18,A,4.813863922
28051,USGS,01351500,2016-07-19,A,3.6811900580000003
28052,USGS,01351500,2016-07-20,A,3.0582194328
28053,USGS,01351500,2016-07-21,A,2.6249716798200002
28054,USGS,01351500,2016-07-22,A,2.33047647518
28055,USGS,01351500,2016-07-23,A,2.12093181034
28056,USGS,01351500,2016-07-24,A,2.0671298018
28057,USGS,01351500,2016-07-25,A,1.9397039921
28058,USGS,01351500,2016-07-26,A,1.7556444892
28059,USGS,01351500,2016-07-27,A,1.60839688688
28060,USGS,01351500,2016-07-28,A,1.56025824766
28061,USGS,01351500,2016-07-29,A,1.4328324379600001
28062,USGS,01351500,2016-07-30,A,1.3025749436
28063,USGS,01351500,2016-07-31,A,5.380200854
28064,USGS,01351500,2016-08-01,A,45.873291492
28065,USGS,01351500,2016-08-02,A,64.845578714
28066,USGS,01351500,2016-08-03,A,31.148531260000002
28067,USGS,01351500,2016-08-04,A,14.724760232000001
28068,USGS,01351500,2016-08-05,A,9.4295099178
28069,USGS,01351500,2016-08-06,A,6.8809937238000005
28070,USGS,01351500,2016-08-07,A,5.4651513938
28071,USGS,01351500,2016-08-08,A,4.4457449162
28072,USGS,01351500,2016-08-09,A,3.7095069046
28073,USGS,01351500,2016-08-10,A,4.1342596036
28074,USGS,01351500,2016-08-11,A,5.7483198598000005
28075,USGS,01351500,2016-08-12,A,4.8421807686000005
28076,USGS,01351500,2016-08-13,A,4.2758438366
28077,USGS,01351500,2016-08-14,A,4.5590123026
28078,USGS,01351500,2016-08-15,A,4.4740617628
28079,USGS,01351500,2016-08-16,A,3.9360416774
28080,USGS,01351500,2016-08-17,A,3.2281205124000003
28081,USGS,01351500,2016-08-18,A,2.83168466
28082,USGS,01351500,2016-08-19,A,2.65045684176
28083,USGS,01351500,2016-08-20,A,2.44091217692
28084,USGS,01351500,2016-08-21,A,2.2766744666400003
28085,USGS,01351500,2016-08-22,A,2.1124367563599997
28086,USGS,01351500,2016-08-23,A,2.1124367563599997
28087,USGS,01351500,2016-08-24,A,2.0388129552
28088,USGS,01351500,2016-08-25,A,1.82077323638
28089,USGS,01351500,2016-08-26,A,1.9113871455
28090,USGS,01351500,2016-08-27,A,2.02182284724
28091,USGS,01351500,2016-08-28,A,1.8717435602599999
28092,USGS,01351500,2016-08-29,A,1.57724835562
28093,USGS,01351500,2016-08-30,A,1.29407988962
28094,USGS,01351500,2016-08-31,A,1.1524956566200002
28095,USGS,01351500,2016-09-01,A,1.25726798904
28096,USGS,01351500,2016-09-02,A,1.23461451176
28097,USGS,01351500,2016-09-03,A,1.2091293498200002
28098,USGS,01351500,2016-09-04,A,1.05905006284
28099,USGS,01351500,2016-09-05,A,0.9202975145000001
28100,USGS,01351500,2016-09-06,A,0.87215887528
28101,USGS,01351500,2016-09-07,A,0.849505398
28102,USGS,01351500,2016-09-08,A,0.85516876732
28103,USGS,01351500,2016-09-09,A,0.93162425314
28104,USGS,01351500,2016-09-10,A,0.90047572188
28105,USGS,01351500,2016-09-11,A,0.8863172985800001
28106,USGS,01351500,2016-09-12,A,0.81835686674
28107,USGS,01351500,2016-09-13,A,0.78720833548
28108,USGS,01351500,2016-09-14,A,0.7390696962600001
28109,USGS,01351500,2016-09-15,A,0.71358453432
28110,USGS,01351500,2016-09-16,A,0.6937627417000001
28111,USGS,01351500,2016-09-17,A,0.64562410248
28112,USGS,01351500,2016-09-18,A,0.63996073316
28113,USGS,01351500,2016-09-19,A,0.8806539292600001
28114,USGS,01351500,2016-09-20,A,1.77829796648
28115,USGS,01351500,2016-09-21,A,2.13225854898
28116,USGS,01351500,2016-09-22,A,1.52627803174
28117,USGS,01351500,2016-09-23,A,1.1468322873
28118,USGS,01351500,2016-09-24,A,0.9401193071200001
28119,USGS,01351500,2016-09-25,A,0.83251529004
28120,USGS,01351500,2016-09-26,A,0.75322811956
28121,USGS,01351500,2016-09-27,A,0.73340632694
28122,USGS,01351500,2016-09-28,A,0.69942611102
28123,USGS,01351500,2016-09-29,A,0.6654458951
28124,USGS,01351500,2016-09-30,A,0.6654458951
28125,USGS,01351500,2016-10-01,A,0.6654458951
28126,USGS,01351500,2016-10-02,A,0.67110926442
28127,USGS,01351500,2016-10-03,A,0.69942611102
28128,USGS,01351500,2016-10-04,A,0.69942611102
28129,USGS,01351500,2016-10-05,A,0.69942611102
28130,USGS,01351500,2016-10-06,A,0.69942611102
28131,USGS,01351500,2016-10-07,A,0.6824360030600001
28132,USGS,01351500,2016-10-08,A,0.6654458951
28133,USGS,01351500,2016-10-09,A,0.6512874718
28134,USGS,01351500,2016-10-10,A,0.60031714792
28135,USGS,01351500,2016-10-11,A,0.52669334676
28136,USGS,01351500,2016-10-12,A,0.5125349234600001
28137,USGS,01351500,2016-10-13,A,0.5125349234600001
28138,USGS,01351500,2016-10-14,A,0.5125349234600001
28139,USGS,01351500,2016-10-15,A,0.5125349234600001
28140,USGS,01351500,2016-10-16,A,0.5125349234600001
28141,USGS,01351500,2016-10-17,A,0.5125349234600001
28142,USGS,01351500,2016-10-18,A,0.54368345472
28143,USGS,01351500,2016-10-19,A,0.53518840074
28144,USGS,01351500,2016-10-20,A,0.64279241782
28145,USGS,01351500,2016-10-21,A,0.91463414518
28146,USGS,01351500,2016-10-22,A,2.0133277932599998
28147,USGS,01351500,2016-10-23,A,7.7871328150000005
28148,USGS,01351500,2016-10-24,A,6.7677263374
28149,USGS,01351500,2016-10-25,A,4.24752699
28150,USGS,01351500,2016-10-26,A,3.0865362794
28151,USGS,01351500,2016-10-27,A,2.5768330406
28152,USGS,01351500,2016-10-28,A,3.7095069046
28153,USGS,01351500,2016-10-29,A,6.6544589510000005
28154,USGS,01351500,2016-10-30,A,5.9748546326000005
28155,USGS,01351500,2016-10-31,A,4.7572302288
28156,USGS,01351500,2016-11-01,A,4.0776259104
28157,USGS,01351500,2016-11-02,A,3.4829721318
28158,USGS,01351500,2016-11-03,A,3.114853126
28159,USGS,01351500,2016-11-04,A,2.9166351998
28160,USGS,01351500,2016-11-05,A,2.8033678134
28161,USGS,01351500,2016-11-06,A,2.60798157186
28162,USGS,01351500,2016-11-07,A,2.36728837576
28163,USGS,01351500,2016-11-08,A,2.2766744666400003
28164,USGS,01351500,2016-11-09,A,2.3134863672200003
28165,USGS,01351500,2016-11-10,A,2.24269425072
28166,USGS,01351500,2016-11-11,A,2.1860605575200003
28167,USGS,01351500,2016-11-12,A,2.02182284724
28168,USGS,01351500,2016-11-13,A,1.9623574693799999
28169,USGS,01351500,2016-11-14,A,1.8151098670599999
28170,USGS,01351500,2016-11-15,A,2.13225854898
28171,USGS,01351500,2016-11-16,A,13.3938684418
28172,USGS,01351500,2016-11-17,A,15.432681397
28173,USGS,01351500,2016-11-18,A,9.8542626168
28174,USGS,01351500,2016-11-19,A,7.362380116000001
28175,USGS,01351500,2016-11-20,A,7.1075284966000005
28176,USGS,01351500,2016-11-21,A,7.9004002014
28177,USGS,01351500,2016-11-22,A,7.2774295762
28178,USGS,01351500,2016-11-23,A,6.6544589510000005
28179,USGS,01351500,2016-11-24,A,6.2863399452
28180,USGS,01351500,2016-11-25,A,6.2863399452
28181,USGS,01351500,2016-11-26,A,8.49505398
28182,USGS,01351500,2016-11-27,A,12.6859472768
28183,USGS,01351500,2016-11-28,A,12.459412504
28184,USGS,01351500,2016-11-29,A,10.8736690944
28185,USGS,01351500,2016-11-30,A,12.0912934982
28186,USGS,01351500,2016-12-01,A,23.9560522236
28187,USGS,01351500,2016-12-02,A,28.3168466
28188,USGS,01351500,2016-12-03,A,19.227138841400002
28189,USGS,01351500,2016-12-04,A,15.8857509426
28190,USGS,01351500,2016-12-05,A,14.0451559136
28191,USGS,01351500,2016-12-06,A,13.3372347486
28192,USGS,01351500,2016-12-07,A,13.054066282600001
28193,USGS,01351500,2016-12-08,A,13.507135828200001
28194,USGS,01351500,2016-12-09,A,12.459412504
28195,USGS,01351500,2016-12-10,A,10.335649009
28196,USGS,01351500,2016-12-11,A,8.4667371334
28197,USGS,01351500,2016-12-12,A,9.1180246052
28198,USGS,01351500,2016-12-13,A,9.3728762246
28199,USGS,01351500,2016-12-14,A,8.5233708266
28200,USGS,01351500,2016-12-15,A:e,7.5605980422000005
28201,USGS,01351500,2016-12-16,A:e,7.2491127296
28202,USGS,01351500,2016-12-17,A,11.751491339000001
28203,USGS,01351500,2016-12-18,A,30.015857396
28204,USGS,01351500,2016-12-19,A,57.766367064
28205,USGS,01351500,2016-12-20,A,26.1364494118
28206,USGS,01351500,2016-12-21,A:e,22.511893047
28207,USGS,01351500,2016-12-22,A:e,19.9916936996
28208,USGS,01351500,2016-12-23,A,18.4909008298
28209,USGS,01351500,2016-12-24,A:e,16.8202068804
28210,USGS,01351500,2016-12-25,A:e,16.5370384144
28211,USGS,01351500,2016-12-26,A:e,16.508721567800002
28212,USGS,01351500,2016-12-27,A,30.865362794
28213,USGS,01351500,2016-12-28,A,35.962395182
28214,USGS,01351500,2016-12-29,A:e,24.352488076
28215,USGS,01351500,2016-12-30,A,20.104961086
28216,USGS,01351500,2016-12-31,A,16.6786226474
28217,USGS,01351500,2017-01-01,A,15.9140677892
28218,USGS,01351500,2017-01-02,A,13.450502135
28219,USGS,01351500,2017-01-03,A,14.8380276184
28220,USGS,01351500,2017-01-04,A,46.72279689
28221,USGS,01351500,2017-01-05,A,46.72279689
28222,USGS,01351500,2017-01-06,A,27.4956580486
28223,USGS,01351500,2017-01-07,A:e,14.2433738398
28224,USGS,01351500,2017-01-08,A:e,10.9303027876
28225,USGS,01351500,2017-01-09,A:e,9.5144604576
28226,USGS,01351500,2017-01-10,A:e,9.2596088382
28227,USGS,01351500,2017-01-11,A:e,9.939213156600001
28228,USGS,01351500,2017-01-12,A:e,18.8873366822
28229,USGS,01351500,2017-01-13,A:e,45.873291492
28230,USGS,01351500,2017-01-14,A:e,25.5134787866
28231,USGS,01351500,2017-01-15,A:e,17.0467416532
28232,USGS,01351500,2017-01-16,A:e,13.0823831292
28233,USGS,01351500,2017-01-17,A:e,14.8097107718
28234,USGS,01351500,2017-01-18,A:e,45.590123026
28235,USGS,01351500,2017-01-19,A,48.988144618
28236,USGS,01351500,2017-01-20,A,41.059427570000004
28237,USGS,01351500,2017-01-21,A,36.528732114
28238,USGS,01351500,2017-01-22,A,38.22774291
28239,USGS,01351500,2017-01-23,A,34.546552852
28240,USGS,01351500,2017-01-24,A,33.413878988
28241,USGS,01351500,2017-01-25,A,32.847542056
28242,USGS,01351500,2017-01-26,A,35.112889784000004
28243,USGS,01351500,2017-01-27,A,43.607943764
28244,USGS,01351500,2017-01-28,A,33.98021592
28245,USGS,01351500,2017-01-29,A,27.269123275800002
28246,USGS,01351500,2017-01-30,A,22.200407734400002
28247,USGS,01351500,2017-01-31,A:e,15.2627803174
28248,USGS,01351500,2017-02-01,A:e,12.5443630438
28249,USGS,01351500,2017-02-02,A:e,11.5815902594
28250,USGS,01351500,2017-02-03,A:e,9.627727844
28251,USGS,01351500,2017-02-04,A:e,9.8542626168
28252,USGS,01351500,2017-02-05,A:e,9.5994109974
28253,USGS,01351500,2017-02-06,A:e,9.8825794634
28254,USGS,01351500,2017-02-07,A:e,9.8542626168
28255,USGS,01351500,2017-02-08,A:e,32.56437359
28256,USGS,01351500,2017-02-09,A,43.041606832
28257,USGS,01351500,2017-02-10,A:e,23.219814212
28258,USGS,01351500,2017-02-11,A:e,21.832288728600002
28259,USGS,01351500,2017-02-12,A:e,19.2837725346
28260,USGS,01351500,2017-02-13,A:e,17.3865438124
28261,USGS,01351500,2017-02-14,A:e,16.282186795
28262,USGS,01351500,2017-02-15,A:e,16.423771028
28263,USGS,01351500,2017-02-16,A,16.1689194086
28264,USGS,01351500,2017-02-17,A,14.6964433854
28265,USGS,01351500,2017-02-18,A,13.9885222204
28266,USGS,01351500,2017-02-19,A,30.299025862
28267,USGS,01351500,2017-02-20,A,62.863399452
28268,USGS,01351500,2017-02-21,A,46.439628424
28269,USGS,01351500,2017-02-22,A,42.758438366
28270,USGS,01351500,2017-02-23,A,77.021822752
28271,USGS,01351500,2017-02-24,A,124.02778810800001
28272,USGS,01351500,2017-02-25,A,134.50502135
28273,USGS,01351500,2017-02-26,A,182.92682903600002
28274,USGS,01351500,2017-02-27,A,104.489163954
28275,USGS,01351500,2017-02-28,A,120.629766516
28276,USGS,01351500,2017-03-01,A,109.01985941000001
28277,USGS,01351500,2017-03-02,A,103.073321624
28278,USGS,01351500,2017-03-03,A,87.78222446000001
28279,USGS,01351500,2017-03-04,A,67.96043184
28280,USGS,01351500,2017-03-05,A:e,45.873291492
28281,USGS,01351500,2017-03-06,A:e,42.4752699
28282,USGS,01351500,2017-03-07,A:e,42.758438366
28283,USGS,01351500,2017-03-08,A,56.067356268000005
28284,USGS,01351500,2017-03-09,A,50.97032388
28285,USGS,01351500,2017-03-10,A,41.908932968
28286,USGS,01351500,2017-03-11,A,31.714868192
28287,USGS,01351500,2017-03-12,A:e,21.2659517966
28288,USGS,01351500,2017-03-13,A:e,15.291097164
28289,USGS,01351500,2017-03-14,A:e,11.3550554866
28290,USGS,01351500,2017-03-15,A:e,10.6754511682
28291,USGS,01351500,2017-03-16,A:e,16.3671373348
28292,USGS,01351500,2017-03-17,A:e,17.3015932726
28293,USGS,01351500,2017-03-18,A:e,17.1033753464
28294,USGS,01351500,2017-03-19,A:e,17.3865438124
28295,USGS,01351500,2017-03-20,A:e,17.981197591
28296,USGS,01351500,2017-03-21,A,18.9156535288
28297,USGS,01351500,2017-03-22,A,21.6057539558
28298,USGS,01351500,2017-03-23,A,17.9245638978
28299,USGS,01351500,2017-03-24,A,19.0289209152
28300,USGS,01351500,2017-03-25,A,21.832288728600002
28301,USGS,01351500,2017-03-26,A,37.378237512
28302,USGS,01351500,2017-03-27,A,57.200030132
28303,USGS,01351500,2017-03-28,A,135.92086368
28304,USGS,01351500,2017-03-29,A,258.249640992
28305,USGS,01351500,2017-03-30,A,239.27735377000002
28306,USGS,01351500,2017-03-31,A:e,212.94268643200002
28307,USGS,01351500,2017-04-01,A,230.78229979
28308,USGS,01351500,2017-04-02,A,182.92682903600002
28309,USGS,01351500,2017-04-03,A,182.360492104
28310,USGS,01351500,2017-04-04,A,311.4853126
28311,USGS,01351500,2017-04-05,A,402.09922172
28312,USGS,01351500,2017-04-06,A,272.691232758
28313,USGS,01351500,2017-04-07,A,407.76259104
28314,USGS,01351500,2017-04-08,A,233.04764751800002
28315,USGS,01351500,2017-04-09,A,149.796118514
28316,USGS,01351500,2017-04-10,A,110.718870206
28317,USGS,01351500,2017-04-11,A,92.312919916
28318,USGS,01351500,2017-04-12,A,84.66737133400001
28319,USGS,01351500,2017-04-13,A,76.172317354
28320,USGS,01351500,2017-04-14,A,65.12874718
28321,USGS,01351500,2017-04-15,A,54.085177006
28322,USGS,01351500,2017-04-16,A,53.235671608000004
28323,USGS,01351500,2017-04-17,A,52.38616621
28324,USGS,01351500,2017-04-18,A,30.299025862
28325,USGS,01351500,2017-04-19,A,21.435852876200002
28326,USGS,01351500,2017-04-20,A,26.7311031904
28327,USGS,01351500,2017-04-21,A,77.87132815
28328,USGS,01351500,2017-04-22,A,83.251529004
28329,USGS,01351500,2017-04-23,A,74.190138092
28330,USGS,01351500,2017-04-24,A,62.013894054000005
28331,USGS,01351500,2017-04-25,A,52.102997744
28332,USGS,01351500,2017-04-26,A,61.730725588
28333,USGS,01351500,2017-04-27,A,73.906969626
28334,USGS,01351500,2017-04-28,A,58.615872462
28335,USGS,01351500,2017-04-29,A,48.704976152
28336,USGS,01351500,2017-04-30,A,42.758438366
28337,USGS,01351500,2017-05-01,A,39.077248308
28338,USGS,01351500,2017-05-02,A,131.390168224
28339,USGS,01351500,2017-05-03,A,134.22185288400001
28340,USGS,01351500,2017-05-04,A,88.631729858
28341,USGS,01351500,2017-05-05,A,94.57826764400001
28342,USGS,01351500,2017-05-06,A,126.00996737
28343,USGS,01351500,2017-05-07,A,127.14264123400001
28344,USGS,01351500,2017-05-08,A,101.374310828
28345,USGS,01351500,2017-05-09,A,79.853507412
28346,USGS,01351500,2017-05-10,A,66.261421044
28347,USGS,01351500,2017-05-11,A,57.766367064
28348,USGS,01351500,2017-05-12,A,48.988144618
28349,USGS,01351500,2017-05-13,A,49.837650016
28350,USGS,01351500,2017-05-14,A,99.958468498
28351,USGS,01351500,2017-05-15,A,91.46341451800001
28352,USGS,01351500,2017-05-16,A,82.685192072
28353,USGS,01351500,2017-05-17,A,63.71290485
28354,USGS,01351500,2017-05-18,A,56.350524734000004
28355,USGS,01351500,2017-05-19,A,56.916861666
28356,USGS,01351500,2017-05-20,A,50.120818482000004
28357,USGS,01351500,2017-05-21,A,36.528732114
28358,USGS,01351500,2017-05-22,A,33.130710522
28359,USGS,01351500,2017-05-23,A,32.56437359
28360,USGS,01351500,2017-05-24,A,28.600015066
28361,USGS,01351500,2017-05-25,A,25.1453597808
28362,USGS,01351500,2017-05-26,A,43.891112230000005
28363,USGS,01351500,2017-05-27,A,56.350524734000004
28364,USGS,01351500,2017-05-28,A,38.22774291
28365,USGS,01351500,2017-05-29,A,39.360416774
28366,USGS,01351500,2017-05-30,A,88.631729858
28367,USGS,01351500,2017-05-31,A,112.984217934
28368,USGS,01351500,2017-06-01,A,80.70301281
28369,USGS,01351500,2017-06-02,A,55.784187802
28370,USGS,01351500,2017-06-03,A,40.209922172
28371,USGS,01351500,2017-06-04,A,23.644566911000002
28372,USGS,01351500,2017-06-05,A,60.598051724
28373,USGS,01351500,2017-06-06,A,253.43577707
28374,USGS,01351500,2017-06-07,A,201.899116258
28375,USGS,01351500,2017-06-08,A,122.328777312
28376,USGS,01351500,2017-06-09,A,90.330740654
28377,USGS,01351500,2017-06-10,A,71.075284966
28378,USGS,01351500,2017-06-11,A,56.067356268000005
28379,USGS,01351500,2017-06-12,A,42.192101434
28380,USGS,01351500,2017-06-13,A,31.998036658
28381,USGS,01351500,2017-06-14,A,24.7489239284
28382,USGS,01351500,2017-06-15,A,20.7562485578
28383,USGS,01351500,2017-06-16,A,19.4253567676
28384,USGS,01351500,2017-06-17,A,22.6251604334
28385,USGS,01351500,2017-06-18,A,17.3582269658
28386,USGS,01351500,2017-06-19,A,33.98021592
28387,USGS,01351500,2017-06-20,A,67.394094908
28388,USGS,01351500,2017-06-21,A,41.059427570000004
28389,USGS,01351500,2017-06-22,A,23.8711016838
28390,USGS,01351500,2017-06-23,A,16.3954541814
28391,USGS,01351500,2017-06-24,A,14.1867401466
28392,USGS,01351500,2017-06-25,A,12.5160461972
28393,USGS,01351500,2017-06-26,A,11.2134712536
28394,USGS,01351500,2017-06-27,A,11.9780261118
28395,USGS,01351500,2017-06-28,A,13.3372347486
28396,USGS,01351500,2017-06-29,A,9.6560446906
28397,USGS,01351500,2017-06-30,A,7.9853507412
28398,USGS,01351500,2017-07-01,A,12.9407988962
28399,USGS,01351500,2017-07-02,A,15.772483556200001
28400,USGS,01351500,2017-07-03,A,12.0912934982
28401,USGS,01351500,2017-07-04,A,9.0897077586
28402,USGS,01351500,2017-07-05,A,6.9659442636
28403,USGS,01351500,2017-07-06,A,5.946537786
28404,USGS,01351500,2017-07-07,A,5.5217850870000005
28405,USGS,01351500,2017-07-08,A,10.7320848614
28406,USGS,01351500,2017-07-09,A,17.9245638978
28407,USGS,01351500,2017-07-10,A,9.7976289236
28408,USGS,01351500,2017-07-11,A,6.8243600306
28409,USGS,01351500,2017-07-12,A,7.6172317354
28410,USGS,01351500,2017-07-13,A,14.866344465000001
28411,USGS,01351500,2017-07-14,A,13.3655515952
28412,USGS,01351500,2017-07-15,A,12.006342958400001
28413,USGS,01351500,2017-07-16,A,9.231291991600001
28414,USGS,01351500,2017-07-17,A,8.9481235256
28415,USGS,01351500,2017-07-18,A,19.5669410006
28416,USGS,01351500,2017-07-19,A,10.2223816226
28417,USGS,01351500,2017-07-20,A,6.937627417
28418,USGS,01351500,2017-07-21,A,5.6916861666
28419,USGS,01351500,2017-07-22,A,4.8421807686000005
28420,USGS,01351500,2017-07-23,A,4.3041606832
28421,USGS,01351500,2017-07-24,A,9.486143611000001
28422,USGS,01351500,2017-07-25,A,13.7053537544
28423,USGS,01351500,2017-07-26,A,10.7887185546
28424,USGS,01351500,2017-07-27,A,7.9004002014
28425,USGS,01351500,2017-07-28,A,8.1552518208
28426,USGS,01351500,2017-07-29,A,6.6261421044
28427,USGS,01351500,2017-07-30,A,5.2669334676
28428,USGS,01351500,2017-07-31,A,4.4457449162
28429,USGS,01351500,2017-08-01,A,3.8794079842
28430,USGS,01351500,2017-08-02,A,3.398021592
28431,USGS,01351500,2017-08-03,A,7.6738654286
28432,USGS,01351500,2017-08-04,A,6.512874718
28433,USGS,01351500,2017-08-05,A,4.9837650016
28434,USGS,01351500,2017-08-06,A,4.1908932968000006
28435,USGS,01351500,2017-08-07,A,3.5112889784
28436,USGS,01351500,2017-08-08,A,3.2847542056
28437,USGS,01351500,2017-08-09,A,3.0015857396000003
28438,USGS,01351500,2017-08-10,A,2.67311031904
28439,USGS,01351500,2017-08-11,A,2.3927735377
28440,USGS,01351500,2017-08-12,A,2.4210903843000002
28441,USGS,01351500,2017-08-13,A,4.7005965356
28442,USGS,01351500,2017-08-14,A,4.7005965356
28443,USGS,01351500,2017-08-15,A,3.4546552852000003
28444,USGS,01351500,2017-08-16,A,3.256437359
28445,USGS,01351500,2017-08-17,A,3.0299025862
28446,USGS,01351500,2017-08-18,A,2.79487275942
28447,USGS,01351500,2017-08-19,A,8.6932719062
28448,USGS,01351500,2017-08-20,A,7.1075284966000005
28449,USGS,01351500,2017-08-21,A,5.4368345472
28450,USGS,01351500,2017-08-22,A,4.24752699
28451,USGS,01351500,2017-08-23,A,4.1908932968000006
28452,USGS,01351500,2017-08-24,A:e,5.0120818482
28453,USGS,01351500,2017-08-25,A:e,4.0493090638
28454,USGS,01351500,2017-08-26,A,3.1714868192
28455,USGS,01351500,2017-08-27,A,2.72408064292
28456,USGS,01351500,2017-08-28,A,2.4352488076
28457,USGS,01351500,2017-08-29,A,2.23136751208
28458,USGS,01351500,2017-08-30,A,2.04164463986
28459,USGS,01351500,2017-08-31,A,1.9623574693799999
28460,USGS,01351500,2017-09-01,A,1.78112965114
28461,USGS,01351500,2017-09-02,A,1.66786226474
28462,USGS,01351500,2017-09-03,A,2.03598127054
28463,USGS,01351500,2017-09-04,A,3.0015857396000003
28464,USGS,01351500,2017-09-05,A,3.539605825
28465,USGS,01351500,2017-09-06,A,3.9926753706
28466,USGS,01351500,2017-09-07,A,5.946537786
28467,USGS,01351500,2017-09-08,A,6.4845578714
28468,USGS,01351500,2017-09-09,A,4.8421807686000005
28469,USGS,01351500,2017-09-10,A,3.9077248308000003
28470,USGS,01351500,2017-09-11,A,3.4263384386
28471,USGS,01351500,2017-09-12,A,2.9449520464
28472,USGS,01351500,2017-09-13,A,2.6532885264200003
28473,USGS,01351500,2017-09-14,A,2.32481310586
28474,USGS,01351500,2017-09-15,A,2.0104961086
28475,USGS,01351500,2017-09-16,A,1.9623574693799999
28476,USGS,01351500,2017-09-17,A,1.8575851369599998
28477,USGS,01351500,2017-09-18,A,1.64520878746
28478,USGS,01351500,2017-09-19,A,1.6791890033799999
28479,USGS,01351500,2017-09-20,A,1.7131692193
28480,USGS,01351500,2017-09-21,A,1.6282186795
28481,USGS,01351500,2017-09-22,A,1.55459487834
28482,USGS,01351500,2017-09-23,A,1.4526542305799999
28483,USGS,01351500,2017-09-24,A,1.3733670601
28484,USGS,01351500,2017-09-25,A,1.29974325894
28485,USGS,01351500,2017-09-26,A,1.2884165203
28486,USGS,01351500,2017-09-27,A,1.2176244038
28487,USGS,01351500,2017-09-28,A,1.1043570174
28488,USGS,01351500,2017-09-29,A,0.991089631
28489,USGS,01351500,2017-09-30,A,1.0194064776
28490,USGS,01351500,2017-10-01,A,0.9769312077000001
28491,USGS,01351500,2017-10-02,A,0.9769312077000001
28492,USGS,01351500,2017-10-03,A,0.9854262616799999
28493,USGS,01351500,2017-10-04,A,1.3223967362200002
28494,USGS,01351500,2017-10-05,A,1.55176319368
28495,USGS,01351500,2017-10-06,A,1.48097107718
28496,USGS,01351500,2017-10-07,A,1.5291097164
28497,USGS,01351500,2017-10-08,A,1.5291097164
28498,USGS,01351500,2017-10-09,A,1.6423771028
28499,USGS,01351500,2017-10-10,A,1.7358226965799999
28500,USGS,01351500,2017-10-11,A,1.58857509426
28501,USGS,01351500,2017-10-12,A,1.5715849863
28502,USGS,01351500,2017-10-13,A,1.4526542305799999
28503,USGS,01351500,2017-10-14,A,1.32806010554
28504,USGS,01351500,2017-10-15,A,1.2827531509799999
28505,USGS,01351500,2017-10-16,A,1.2600996737
28506,USGS,01351500,2017-10-17,A,1.1751491339
28507,USGS,01351500,2017-10-18,A,1.0760401708
28508,USGS,01351500,2017-10-19,A,1.05905006284
28509,USGS,01351500,2017-10-20,A,1.04489163954
28510,USGS,01351500,2017-10-21,A,0.97976289236
28511,USGS,01351500,2017-10-22,A,0.97126783838
28512,USGS,01351500,2017-10-23,A,0.93162425314
28513,USGS,01351500,2017-10-24,A,1.132673864
28514,USGS,01351500,2017-10-25,A,1.8887336682200002
28515,USGS,01351500,2017-10-26,A,3.3413878988
28516,USGS,01351500,2017-10-27,A,2.55701124798
28517,USGS,01351500,2017-10-28,A,1.9963376853
28518,USGS,01351500,2017-10-29,A,1.9935060006400003
28519,USGS,01351500,2017-10-30,A,82.685192072
28520,USGS,01351500,2017-10-31,A,38.794079842
28521,USGS,01351500,2017-11-01,A,16.706939494
28522,USGS,01351500,2017-11-02,A,11.4400060264
28523,USGS,01351500,2017-11-03,A,9.3728762246
28524,USGS,01351500,2017-11-04,A,7.4756475024
28525,USGS,01351500,2017-11-05,A,6.371290485
28526,USGS,01351500,2017-11-06,A,5.8899040928
28527,USGS,01351500,2017-11-07,A,6.9942611102
28528,USGS,01351500,2017-11-08,A,7.2491127296
28529,USGS,01351500,2017-11-09,A,6.3429736384
28530,USGS,01351500,2017-11-10,A,5.5217850870000005
28531,USGS,01351500,2017-11-11,A,4.7855470754
28532,USGS,01351500,2017-11-12,A,4.5023786094
28533,USGS,01351500,2017-11-13,A,4.4740617628
28534,USGS,01351500,2017-11-14,A,4.5023786094
28535,USGS,01351500,2017-11-15,A,4.3891112230000005
28536,USGS,01351500,2017-11-16,A,4.2758438366
28537,USGS,01351500,2017-11-17,A,4.1908932968000006
28538,USGS,01351500,2017-11-18,A,4.2758438366
28539,USGS,01351500,2017-11-19,A,4.7005965356
28540,USGS,01351500,2017-11-20,A,6.6544589510000005
28541,USGS,01351500,2017-11-21,A,6.2580230986
28542,USGS,01351500,2017-11-22,A,5.5217850870000005
28543,USGS,01351500,2017-11-23,A,5.550101933600001
28544,USGS,01351500,2017-11-24,A,5.4085177006
28545,USGS,01351500,2017-11-25,A,4.8988144618
28546,USGS,01351500,2017-11-26,A,5.1253492346
28547,USGS,01351500,2017-11-27,A,5.2102997744
28548,USGS,01351500,2017-11-28,A,4.7005965356
28549,USGS,01351500,2017-11-29,A,4.4740617628
28550,USGS,01351500,2017-11-30,A,4.2758438366
28551,USGS,01351500,2017-12-01,A,4.3324775298
28552,USGS,01351500,2017-12-02,A,4.6156459958000005
28553,USGS,01351500,2017-12-03,A,4.4740617628
28554,USGS,01351500,2017-12-04,A,4.0209922172
28555,USGS,01351500,2017-12-05,A,3.7944574444
28556,USGS,01351500,2017-12-06,A,6.8243600306
28557,USGS,01351500,2017-12-07,A,8.6083213664
28558,USGS,01351500,2017-12-08,A,6.8809937238000005
28559,USGS,01351500,2017-12-09,A,6.0314883258
28560,USGS,01351500,2017-12-10,A,5.4934682404
28561,USGS,01351500,2017-12-11,A,5.5217850870000005
28562,USGS,01351500,2017-12-12,A,5.6350524734
28563,USGS,01351500,2017-12-13,A:e,5.380200854
28564,USGS,01351500,2017-12-14,A:e,4.4174280696
28565,USGS,01351500,2017-12-15,A:e,3.9360416774
28566,USGS,01351500,2017-12-16,A:e,3.7944574444
28567,USGS,01351500,2017-12-17,A:e,3.9926753706
28568,USGS,01351500,2017-12-18,A,5.0687155414000005
28569,USGS,01351500,2017-12-19,A,5.1819829278
28570,USGS,01351500,2017-12-20,A,7.6738654286
28571,USGS,01351500,2017-12-21,A,8.636638213
28572,USGS,01351500,2017-12-22,A,6.937627417
28573,USGS,01351500,2017-12-23,A,6.9942611102
28574,USGS,01351500,2017-12-24,A,12.2611945778
28575,USGS,01351500,2017-12-25,A,15.007928698
28576,USGS,01351500,2017-12-26,A:e,11.751491339000001
28577,USGS,01351500,2017-12-27,A:e,9.627727844
28578,USGS,01351500,2017-12-28,A:e,9.5427773042
28579,USGS,01351500,2017-12-29,A:e,9.5427773042
28580,USGS,01351500,2017-12-30,A:e,9.5144604576
28581,USGS,01351500,2017-12-31,A:e,9.486143611000001
28582,USGS,01351500,2018-01-01,A:e,9.4578267644
28583,USGS,01351500,2018-01-02,A:e,9.4011930712
28584,USGS,01351500,2018-01-03,A:e,9.3162425314
28585,USGS,01351500,2018-01-04,A:e,9.231291991600001
28586,USGS,01351500,2018-01-05,A:e,9.1463414518
28587,USGS,01351500,2018-01-06,A:e,9.061390912
28588,USGS,01351500,2018-01-07,A:e,8.9481235256
28589,USGS,01351500,2018-01-08,A:e,8.8914898324
28590,USGS,01351500,2018-01-09,A:e,8.8631729858
28591,USGS,01351500,2018-01-10,A:e,8.8348561392
28592,USGS,01351500,2018-01-11,A:e,8.8914898324
28593,USGS,01351500,2018-01-12,A:e,33.697047454
28594,USGS,01351500,2018-01-13,A,155.45948783400002
28595,USGS,01351500,2018-01-14,A,62.297062520000004
28596,USGS,01351500,2018-01-15,A,30.865362794
28597,USGS,01351500,2018-01-16,A,26.476251571000002
28598,USGS,01351500,2018-01-17,A,27.382390662200002
28599,USGS,01351500,2018-01-18,A:e,20.5863474782
28600,USGS,01351500,2018-01-19,A:e,17.5847617386
28601,USGS,01351500,2018-01-20,A:e,19.9350600064
28602,USGS,01351500,2018-01-21,A,21.3225854898
28603,USGS,01351500,2018-01-22,A,18.830702989
28604,USGS,01351500,2018-01-23,A,47.855470754
28605,USGS,01351500,2018-01-24,A,152.061466242
28606,USGS,01351500,2018-01-25,A,93.162425314
28607,USGS,01351500,2018-01-26,A,47.005965356000004
28608,USGS,01351500,2018-01-27,A,31.998036658
28609,USGS,01351500,2018-01-28,A,37.944574444000004
28610,USGS,01351500,2018-01-29,A,31.714868192
28611,USGS,01351500,2018-01-30,A,23.361398445
28612,USGS,01351500,2018-01-31,A,16.848523727
28613,USGS,01351500,2018-02-01,A,14.3566412262
28614,USGS,01351500,2018-02-02,A,12.9407988962
28615,USGS,01351500,2018-02-03,A:e,10.845352247800001
28616,USGS,01351500,2018-02-04,A:e,9.939213156600001
28617,USGS,01351500,2018-02-05,A:e,9.0047572188
28618,USGS,01351500,2018-02-06,A:e,8.211885514
28619,USGS,01351500,2018-02-07,A:e,8.070301281
28620,USGS,01351500,2018-02-08,A:e,8.0136675878
28621,USGS,01351500,2018-02-09,A:e,8.0136675878
28622,USGS,01351500,2018-02-10,A:e,8.0419844344
28623,USGS,01351500,2018-02-11,A:e,13.2522842088
28624,USGS,01351500,2018-02-12,A,29.732688930000002
28625,USGS,01351500,2018-02-13,A,38.794079842
28626,USGS,01351500,2018-02-14,A,25.711696712800002
28627,USGS,01351500,2018-02-15,A,26.7877368836
28628,USGS,01351500,2018-02-16,A,110.718870206
28629,USGS,01351500,2018-02-17,A,81.835686674
28630,USGS,01351500,2018-02-18,A,60.88122019
28631,USGS,01351500,2018-02-19,A,51.253492346
28632,USGS,01351500,2018-02-20,A,126.859472768
28633,USGS,01351500,2018-02-21,A,144.699086126
28634,USGS,01351500,2018-02-22,A,109.01985941000001
28635,USGS,01351500,2018-02-23,A,87.499055994
28636,USGS,01351500,2018-02-24,A,121.76244038
28637,USGS,01351500,2018-02-25,A,164.520878746
28638,USGS,01351500,2018-02-26,A,167.635731872
28639,USGS,01351500,2018-02-27,A,115.532734128
28640,USGS,01351500,2018-02-28,A,94.01193071200001
28641,USGS,01351500,2018-03-01,A,81.269349742
28642,USGS,01351500,2018-03-02,A,76.172317354
28643,USGS,01351500,2018-03-03,A,74.756475024
28644,USGS,01351500,2018-03-04,A,70.22577956800001
28645,USGS,01351500,2018-03-05,A,62.863399452
28646,USGS,01351500,2018-03-06,A,67.96043184
28647,USGS,01351500,2018-03-07,A,60.314883258
28648,USGS,01351500,2018-03-08,A,56.067356268000005
28649,USGS,01351500,2018-03-09,A,54.085177006
28650,USGS,01351500,2018-03-10,A,52.38616621
28651,USGS,01351500,2018-03-11,A,50.120818482000004
28652,USGS,01351500,2018-03-12,A,47.289133822000004
28653,USGS,01351500,2018-03-13,A,49.837650016
28654,USGS,01351500,2018-03-14,A,47.855470754
28655,USGS,01351500,2018-03-15,A,44.457449162
28656,USGS,01351500,2018-03-16,A,44.174280696000004
28657,USGS,01351500,2018-03-17,A,43.041606832
28658,USGS,01351500,2018-03-18,A,41.908932968
28659,USGS,01351500,2018-03-19,A,41.908932968
28660,USGS,01351500,2018-03-20,A,39.926753706
28661,USGS,01351500,2018-03-21,A,37.378237512
28662,USGS,01351500,2018-03-22,A,41.059427570000004
28663,USGS,01351500,2018-03-23,A,41.342596036
28664,USGS,01351500,2018-03-24,A,41.059427570000004
28665,USGS,01351500,2018-03-25,A,40.493090638
28666,USGS,01351500,2018-03-26,A,39.64358524
28667,USGS,01351500,2018-03-27,A,47.855470754
28668,USGS,01351500,2018-03-28,A,53.80200854
28669,USGS,01351500,2018-03-29,A,80.419844344
28670,USGS,01351500,2018-03-30,A,169.33474266800002
28671,USGS,01351500,2018-03-31,A,169.051574202
28672,USGS,01351500,2018-04-01,A,146.681265388
28673,USGS,01351500,2018-04-02,A,119.213924186
28674,USGS,01351500,2018-04-03,A,101.657479294
28675,USGS,01351500,2018-04-04,A,151.77829777600002
28676,USGS,01351500,2018-04-05,A,186.89118756
28677,USGS,01351500,2018-04-06,A,134.788189816
28678,USGS,01351500,2018-04-07,A,128.275315098
28679,USGS,01351500,2018-04-08,A,108.736690944
28680,USGS,01351500,2018-04-09,A,85.516876732
28681,USGS,01351500,2018-04-10,A,75.03964349
28682,USGS,01351500,2018-04-11,A,66.54458951000001
28683,USGS,01351500,2018-04-12,A,60.314883258
28684,USGS,01351500,2018-04-13,A,76.738654286
28685,USGS,01351500,2018-04-14,A,94.295099178
28686,USGS,01351500,2018-04-15,A,97.976289236
28687,USGS,01351500,2018-04-16,A,132.806010554
28688,USGS,01351500,2018-04-17,A,308.65362794000004
28689,USGS,01351500,2018-04-18,A,187.174356026
28690,USGS,01351500,2018-04-19,A,124.877293506
28691,USGS,01351500,2018-04-20,A,100.52480543
28692,USGS,01351500,2018-04-21,A,82.685192072
28693,USGS,01351500,2018-04-22,A,69.65944263600001
28694,USGS,01351500,2018-04-23,A,63.146567918
28695,USGS,01351500,2018-04-24,A,58.899040928000005
28696,USGS,01351500,2018-04-25,A,71.075284966
28697,USGS,01351500,2018-04-26,A,116.09907106
28698,USGS,01351500,2018-04-27,A,103.639658556
28699,USGS,01351500,2018-04-28,A,97.976289236
28700,USGS,01351500,2018-04-29,A,94.86143611
28701,USGS,01351500,2018-04-30,A,109.01985941000001
28702,USGS,01351500,2018-05-01,A,127.4258097
28703,USGS,01351500,2018-05-02,A,97.12678383800001
28704,USGS,01351500,2018-05-03,A,72.77429576200001
28705,USGS,01351500,2018-05-04,A,79.853507412
28706,USGS,01351500,2018-05-05,A,82.11885514000001
28707,USGS,01351500,2018-05-06,A,68.243600306
28708,USGS,01351500,2018-05-07,A,69.093105704
28709,USGS,01351500,2018-05-08,A,35.962395182
28710,USGS,01351500,2018-05-09,A,28.600015066
28711,USGS,01351500,2018-05-10,A,47.855470754
28712,USGS,01351500,2018-05-11,A,50.687155414
28713,USGS,01351500,2018-05-12,A,39.077248308
28714,USGS,01351500,2018-05-13,A,40.493090638
28715,USGS,01351500,2018-05-14,A,37.095069046
28716,USGS,01351500,2018-05-15,A,31.431699726
28717,USGS,01351500,2018-05-16,A,32.281205124
28718,USGS,01351500,2018-05-17,A,35.112889784000004
28719,USGS,01351500,2018-05-18,A,29.166351998
28720,USGS,01351500,2018-05-19,A,25.2869440138
28721,USGS,01351500,2018-05-20,A,50.120818482000004
28722,USGS,01351500,2018-05-21,A,46.156459958
28723,USGS,01351500,2018-05-22,A,31.431699726
28724,USGS,01351500,2018-05-23,A,32.281205124
28725,USGS,01351500,2018-05-24,A,29.449520464000003
28726,USGS,01351500,2018-05-25,A,23.757834297400002
28727,USGS,01351500,2018-05-26,A,21.520803416
28728,USGS,01351500,2018-05-27,A,19.0572377618
28729,USGS,01351500,2018-05-28,A,18.7740692958
28730,USGS,01351500,2018-05-29,A,17.811296511400002
28731,USGS,01351500,2018-05-30,A,14.8097107718
28732,USGS,01351500,2018-05-31,A,10.9586196342
28733,USGS,01351500,2018-06-01,A,8.1552518208
28734,USGS,01351500,2018-06-02,A,7.1075284966000005
28735,USGS,01351500,2018-06-03,A,7.3057464228
28736,USGS,01351500,2018-06-04,A,7.4756475024
28737,USGS,01351500,2018-06-05,A,7.7304991218
28738,USGS,01351500,2018-06-06,A,7.4473306558
28739,USGS,01351500,2018-06-07,A,6.456241024800001
28740,USGS,01351500,2018-06-08,A,5.4651513938
28741,USGS,01351500,2018-06-09,A,4.8988144618
28742,USGS,01351500,2018-06-10,A,4.4457449162
28743,USGS,01351500,2018-06-11,A,3.9926753706
28744,USGS,01351500,2018-06-12,A,3.964358524
28745,USGS,01351500,2018-06-13,A,5.2952503142000005
28746,USGS,01351500,2018-06-14,A,5.4934682404
28747,USGS,01351500,2018-06-15,A,4.5023786094
28748,USGS,01351500,2018-06-16,A,3.7944574444
28749,USGS,01351500,2018-06-17,A,3.3130710522
28750,USGS,01351500,2018-06-18,A,2.9166351998
28751,USGS,01351500,2018-06-19,A,2.9449520464
28752,USGS,01351500,2018-06-20,A,2.9449520464
28753,USGS,01351500,2018-06-21,A,2.81469455204
28754,USGS,01351500,2018-06-22,A,2.45790228488
28755,USGS,01351500,2018-06-23,A,2.54285282468
28756,USGS,01351500,2018-06-24,A,3.256437359
28757,USGS,01351500,2018-06-25,A,4.4174280696
28758,USGS,01351500,2018-06-26,A,5.1819829278
28759,USGS,01351500,2018-06-27,A,4.0776259104
28760,USGS,01351500,2018-06-28,A,4.643962842400001
28761,USGS,01351500,2018-06-29,A,6.3996073316
28762,USGS,01351500,2018-06-30,A,5.097032388000001
28763,USGS,01351500,2018-07-01,A,3.7944574444
28764,USGS,01351500,2018-07-02,A,3.114853126
28765,USGS,01351500,2018-07-03,A,2.70992221962
28766,USGS,01351500,2018-07-04,A,2.38144679906
28767,USGS,01351500,2018-07-05,A,2.08411990976
28768,USGS,01351500,2018-07-06,A,1.9538624154000002
28769,USGS,01351500,2018-07-07,A,1.76697122784
28770,USGS,01351500,2018-07-08,A,1.73299101192
28771,USGS,01351500,2018-07-09,A,1.55176319368
28772,USGS,01351500,2018-07-10,A,1.5007928698000002
28773,USGS,01351500,2018-07-11,A,1.50645623912
28774,USGS,01351500,2018-07-12,A,1.35071358282
28775,USGS,01351500,2018-07-13,A,1.24027788108
28776,USGS,01351500,2018-07-14,A,1.1383372333200001
28777,USGS,01351500,2018-07-15,A,1.0618817475
28778,USGS,01351500,2018-07-16,A,1.12984217934
28779,USGS,01351500,2018-07-17,A,1.46681265388
28780,USGS,01351500,2018-07-18,A,1.44699086126
28781,USGS,01351500,2018-07-19,A,1.3875254834000001
28782,USGS,01351500,2018-07-20,A,1.29974325894
28783,USGS,01351500,2018-07-21,A,1.0618817475
28784,USGS,01351500,2018-07-22,A,0.9571094150799999
28785,USGS,01351500,2018-07-23,A,2.70142716564
28786,USGS,01351500,2018-07-24,A,7.8720833548
28787,USGS,01351500,2018-07-25,A,92.02975145
28788,USGS,01351500,2018-07-26,A,104.489163954
28789,USGS,01351500,2018-07-27,A,67.394094908
28790,USGS,01351500,2018-07-28,A,41.342596036
28791,USGS,01351500,2018-07-29,A,32.56437359
28792,USGS,01351500,2018-07-30,A,19.878426313200002
28793,USGS,01351500,2018-07-31,A,13.8469379874
28794,USGS,01351500,2018-08-01,A,11.5249565662
28795,USGS,01351500,2018-08-02,A,46.72279689
28796,USGS,01351500,2018-08-03,A,48.988144618
28797,USGS,01351500,2018-08-04,A,196.235746938
28798,USGS,01351500,2018-08-05,A,127.992146632
28799,USGS,01351500,2018-08-06,A,67.394094908
28800,USGS,01351500,2018-08-07,A,47.572302288
28801,USGS,01351500,2018-08-08,A,31.714868192
28802,USGS,01351500,2018-08-09,A,48.988144618
28803,USGS,01351500,2018-08-10,A,42.192101434
28804,USGS,01351500,2018-08-11,A,26.4196178778
28805,USGS,01351500,2018-08-12,A,30.582194328
28806,USGS,01351500,2018-08-13,A,37.095069046
28807,USGS,01351500,2018-08-14,A,209.827833306
28808,USGS,01351500,2018-08-15,A,167.635731872
28809,USGS,01351500,2018-08-16,A,81.835686674
28810,USGS,01351500,2018-08-17,A,58.615872462
28811,USGS,01351500,2018-08-18,A,185.192176764
28812,USGS,01351500,2018-08-19,A,156.592161698
28813,USGS,01351500,2018-08-20,A,88.065392926
28814,USGS,01351500,2018-08-21,A,65.411915646
28815,USGS,01351500,2018-08-22,A,50.687155414
28816,USGS,01351500,2018-08-23,A,46.72279689
28817,USGS,01351500,2018-08-24,A,32.281205124
28818,USGS,01351500,2018-08-25,A,27.2408064292
28819,USGS,01351500,2018-08-26,A,21.803971882
28820,USGS,01351500,2018-08-27,A,17.1033753464
28821,USGS,01351500,2018-08-28,A,18.8873366822
28822,USGS,01351500,2018-08-29,A,10.760401708
28823,USGS,01351500,2018-08-30,A:e,13.450502135
28824,USGS,01351500,2018-08-31,A,11.0152533274
28825,USGS,01351500,2018-09-01,A,8.211885514
28826,USGS,01351500,2018-09-02,A,5.9182209394
28827,USGS,01351500,2018-09-03,A,4.5590123026
28828,USGS,01351500,2018-09-04,A,3.964358524
28829,USGS,01351500,2018-09-05,A,3.6528732114
28830,USGS,01351500,2018-09-06,A,3.2847542056
28831,USGS,01351500,2018-09-07,A,2.973268893
28832,USGS,01351500,2018-09-08,A,2.74956580486
28833,USGS,01351500,2018-09-09,A,2.59665483322
28834,USGS,01351500,2018-09-10,A,3.0582194328
28835,USGS,01351500,2018-09-11,A,20.4730800918
28836,USGS,01351500,2018-09-12,A,25.5417956332
28837,USGS,01351500,2018-09-13,A,15.319414010600001
28838,USGS,01351500,2018-09-14,A,13.054066282600001
28839,USGS,01351500,2018-09-15,A,8.636638213
28840,USGS,01351500,2018-09-16,A,7.3906969626
28841,USGS,01351500,2018-09-17,A,5.9748546326000005
28842,USGS,01351500,2018-09-18,A,115.24956566200001
28843,USGS,01351500,2018-09-19,A,100.24163696400001
28844,USGS,01351500,2018-09-20,A,64.562410248
28845,USGS,01351500,2018-09-21,A,39.360416774
28846,USGS,01351500,2018-09-22,A,33.697047454
28847,USGS,01351500,2018-09-23,A,26.2497167982
28848,USGS,01351500,2018-09-24,A,25.8815977924
28849,USGS,01351500,2018-09-25,A,29.166351998
28850,USGS,01351500,2018-09-26,A,77.588159684
28851,USGS,01351500,2018-09-27,A,83.817865936
28852,USGS,01351500,2018-09-28,A,117.79808185600001
28853,USGS,01351500,2018-09-29,A,113.2673864
28854,USGS,01351500,2018-09-30,A,77.588159684
28855,USGS,01351500,2018-10-01,A,55.784187802
28856,USGS,01351500,2018-10-02,A,73.340632694
28857,USGS,01351500,2018-10-03,A,199.067431598
28858,USGS,01351500,2018-10-04,A,112.417881002
28859,USGS,01351500,2018-10-05,A,85.800045198
28860,USGS,01351500,2018-10-06,A,61.730725588
28861,USGS,01351500,2018-10-07,A,43.324775298
28862,USGS,01351500,2018-10-08,A,35.39605825
28863,USGS,01351500,2018-10-09,A,36.528732114
28864,USGS,01351500,2018-10-10,A,36.81190058
28865,USGS,01351500,2018-10-11,A,48.421807686
28866,USGS,01351500,2018-10-12,A,67.96043184
28867,USGS,01351500,2018-10-13,A,49.55448155
28868,USGS,01351500,2018-10-14,A,42.758438366
28869,USGS,01351500,2018-10-15,A,35.39605825
28870,USGS,01351500,2018-10-16,A,36.245563648
28871,USGS,01351500,2018-10-17,A,35.679226716
28872,USGS,01351500,2018-10-18,A,30.582194328
28873,USGS,01351500,2018-10-19,A,27.269123275800002
28874,USGS,01351500,2018-10-20,A,25.8532809458
28875,USGS,01351500,2018-10-21,A,23.7012006042
28876,USGS,01351500,2018-10-22,A,21.3225854898
28877,USGS,01351500,2018-10-23,A,20.671298018
28878,USGS,01351500,2018-10-24,A,20.5013969384
28879,USGS,01351500,2018-10-25,A,18.122781824
28880,USGS,01351500,2018-10-26,A,17.0750584998
28881,USGS,01351500,2018-10-27,A,39.64358524
28882,USGS,01351500,2018-10-28,A,117.51491339
28883,USGS,01351500,2018-10-29,A,92.312919916
28884,USGS,01351500,2018-10-30,A,73.62380116
28885,USGS,01351500,2018-10-31,A,61.447557122
28886,USGS,01351500,2018-11-01,A,54.934682404
28887,USGS,01351500,2018-11-02,A,65.978252578
28888,USGS,01351500,2018-11-03,A,182.360492104
28889,USGS,01351500,2018-11-04,A,187.174356026
28890,USGS,01351500,2018-11-05,A,123.17828271
28891,USGS,01351500,2018-11-06,A,144.982254592
28892,USGS,01351500,2018-11-07,A,143.566412262
28893,USGS,01351500,2018-11-08,A,104.77233242
28894,USGS,01351500,2018-11-09,A,84.9505398
28895,USGS,01351500,2018-11-10,A,142.716906864
28896,USGS,01351500,2018-11-11,A,119.213924186
28897,USGS,01351500,2018-11-12,A,85.800045198
28898,USGS,01351500,2018-11-13,A,88.065392926
28899,USGS,01351500,2018-11-14,A,101.657479294
28900,USGS,01351500,2018-11-15,A,81.835686674
28901,USGS,01351500,2018-11-16,A,74.190138092
28902,USGS,01351500,2018-11-17,A,67.96043184
28903,USGS,01351500,2018-11-18,A,63.996073316
28904,USGS,01351500,2018-11-19,A,58.615872462
28905,USGS,01351500,2018-11-20,A:e,60.314883258
28906,USGS,01351500,2018-11-21,A,59.182209394000004
28907,USGS,01351500,2018-11-22,A,49.271313084
28908,USGS,01351500,2018-11-23,A,35.39605825
28909,USGS,01351500,2018-11-24,A,36.81190058
28910,USGS,01351500,2018-11-25,A,69.093105704
28911,USGS,01351500,2018-11-26,A,109.869364808
28912,USGS,01351500,2018-11-27,A:e,188.873366822
28913,USGS,01351500,2018-11-28,A,152.344634708
28914,USGS,01351500,2018-11-29,A,107.037680148
28915,USGS,01351500,2018-11-30,A,90.330740654
28916,USGS,01351500,2018-12-01,A,77.87132815
28917,USGS,01351500,2018-12-02,A,112.984217934
28918,USGS,01351500,2018-12-03,A,144.982254592
28919,USGS,01351500,2018-12-04,A,133.655515952
28920,USGS,01351500,2018-12-05,A,96.27727844
28921,USGS,01351500,2018-12-06,A,76.738654286
28922,USGS,01351500,2018-12-07,A,67.11092644200001
28923,USGS,01351500,2018-12-08,A,53.518840074
28924,USGS,01351500,2018-12-09,A,48.704976152
28925,USGS,01351500,2018-12-10,A,44.457449162
28926,USGS,01351500,2018-12-11,A,37.378237512
28927,USGS,01351500,2018-12-12,A,33.130710522
28928,USGS,01351500,2018-12-13,A,31.148531260000002
28929,USGS,01351500,2018-12-14,A,30.015857396
28930,USGS,01351500,2018-12-15,A,31.148531260000002
28931,USGS,01351500,2018-12-16,A,31.431699726
28932,USGS,01351500,2018-12-17,A,33.130710522
28933,USGS,01351500,2018-12-18,A,37.378237512
28934,USGS,01351500,2018-12-19,A,28.033678134000002
28935,USGS,01351500,2018-12-20,A,22.65347728
28936,USGS,01351500,2018-12-21,A,59.465377860000004
28937,USGS,01351500,2018-12-22,A,231.065468256
28938,USGS,01351500,2018-12-23,A,178.962470512
28939,USGS,01351500,2018-12-24,A,104.205995488
28940,USGS,01351500,2018-12-25,A,78.154496616
28941,USGS,01351500,2018-12-26,A,64.279241782
28942,USGS,01351500,2018-12-27,A,52.669334676
28943,USGS,01351500,2018-12-28,A,52.669334676
28944,USGS,01351500,2018-12-29,A,64.845578714
28945,USGS,01351500,2018-12-30,A,56.916861666
28946,USGS,01351500,2018-12-31,A,47.572302288
28947,USGS,01351500,2019-01-01,A,83.817865936
28948,USGS,01351500,2019-01-02,A,73.906969626
28949,USGS,01351500,2019-01-03,A,62.863399452
28950,USGS,01351500,2019-01-04,A,53.80200854
28951,USGS,01351500,2019-01-05,A,59.465377860000004
28952,USGS,01351500,2019-01-06,A,75.605980422
28953,USGS,01351500,2019-01-07,A,56.6336932
28954,USGS,01351500,2019-01-08,A,47.572302288
28955,USGS,01351500,2019-01-09,A,67.11092644200001
28956,USGS,01351500,2019-01-10,A,67.394094908
28957,USGS,01351500,2019-01-11,A:e,47.855470754
28958,USGS,01351500,2019-01-12,A:e,28.3168466
28959,USGS,01351500,2019-01-13,A:e,21.832288728600002
28960,USGS,01351500,2019-01-14,A:e,18.0944649774
28961,USGS,01351500,2019-01-15,A:e,19.0855546084
28962,USGS,01351500,2019-01-16,A:e,18.3493165968
28963,USGS,01351500,2019-01-17,A:e,16.6786226474
28964,USGS,01351500,2019-01-18,A:e,16.3671373348
28965,USGS,01351500,2019-01-19,A:e,13.2522842088
28966,USGS,01351500,2019-01-20,A:e,10.2506984692
28967,USGS,01351500,2019-01-21,A:e,13.9885222204
28968,USGS,01351500,2019-01-22,A:e,22.0305066548
28969,USGS,01351500,2019-01-23,A:e,31.148531260000002
28970,USGS,01351500,2019-01-24,A:e,71.358453432
28971,USGS,01351500,2019-01-25,A:e,221.72090887800002
28972,USGS,01351500,2019-01-26,A:e,135.071358282
28973,USGS,01351500,2019-01-27,A:e,85.800045198
28974,USGS,01351500,2019-01-28,A:e,67.394094908
28975,USGS,01351500,2019-01-29,A:e,50.120818482000004
28976,USGS,01351500,2019-01-30,A:e,39.64358524
28977,USGS,01351500,2019-01-31,A:e,28.883183532
28978,USGS,01351500,2019-02-01,A:e,24.3241712294
28979,USGS,01351500,2019-02-02,A:e,27.269123275800002
28980,USGS,01351500,2019-02-03,A:e,30.582194328
28981,USGS,01351500,2019-02-04,A:e,37.661405978
28982,USGS,01351500,2019-02-05,A:e,75.88914888800001
28983,USGS,01351500,2019-02-06,A:e,108.453522478
28984,USGS,01351500,2019-02-07,A,147.24760232
28985,USGS,01351500,2019-02-08,A,237.012006042
28986,USGS,01351500,2019-02-09,A,176.98029125
28987,USGS,01351500,2019-02-10,A,106.754511682
28988,USGS,01351500,2019-02-11,A,83.251529004
28989,USGS,01351500,2019-02-12,A:e,60.314883258
28990,USGS,01351500,2019-02-13,A:e,52.102997744
28991,USGS,01351500,2019-02-14,A:e,48.704976152
28992,USGS,01351500,2019-02-15,A:e,48.988144618
28993,USGS,01351500,2019-02-16,A,54.651513938
28994,USGS,01351500,2019-02-17,A,46.72279689
28995,USGS,01351500,2019-02-18,A:e,37.095069046
28996,USGS,01351500,2019-02-19,A:e,26.6744694972
28997,USGS,01351500,2019-02-20,A:e,21.520803416
28998,USGS,01351500,2019-02-21,A:e,23.6728837576
28999,USGS,01351500,2019-02-22,A:e,24.777240775
29000,USGS,01351500,2019-02-23,A:e,25.6833798662
29001,USGS,01351500,2019-02-24,A,23.927735377
29002,USGS,01351500,2019-02-25,A:e,43.324775298
29003,USGS,01351500,2019-02-26,A:e,31.148531260000002
29004,USGS,01351500,2019-02-27,A:e,19.82179262
29005,USGS,01351500,2019-02-28,A:e,17.698029125
29006,USGS,01351500,2019-03-01,A:e,16.3954541814
29007,USGS,01351500,2019-03-02,A:e,15.9423846358
29008,USGS,01351500,2019-03-03,A:e,14.3566412262
29009,USGS,01351500,2019-03-04,A:e,12.402778810800001
29010,USGS,01351500,2019-03-05,A:e,12.0912934982
29011,USGS,01351500,2019-03-06,A:e,14.0734727602
29012,USGS,01351500,2019-03-07,A:e,14.3566412262
29013,USGS,01351500,2019-03-08,A:e,14.6114928456
29014,USGS,01351500,2019-03-09,A:e,14.8380276184
29015,USGS,01351500,2019-03-10,A:e,15.291097164
29016,USGS,01351500,2019-03-11,A:e,18.2926829036
29017,USGS,01351500,2019-03-12,A,20.671298018
29018,USGS,01351500,2019-03-13,A,17.9245638978
29019,USGS,01351500,2019-03-14,A,35.962395182
29020,USGS,01351500,2019-03-15,A,129.407988962
29021,USGS,01351500,2019-03-16,A,150.645623912
29022,USGS,01351500,2019-03-17,A,86.932719062
29023,USGS,01351500,2019-03-18,A,61.447557122
29024,USGS,01351500,2019-03-19,A,50.687155414
29025,USGS,01351500,2019-03-20,A,46.439628424
29026,USGS,01351500,2019-03-21,A,49.271313084
29027,USGS,01351500,2019-03-22,A,51.819829278
29028,USGS,01351500,2019-03-23,A,50.687155414
29029,USGS,01351500,2019-03-24,A,38.22774291
29030,USGS,01351500,2019-03-25,A,43.891112230000005
29031,USGS,01351500,2019-03-26,A,41.059427570000004
29032,USGS,01351500,2019-03-27,A,39.926753706
29033,USGS,01351500,2019-03-28,A,42.192101434
29034,USGS,01351500,2019-03-29,A,59.748546326
29035,USGS,01351500,2019-03-30,A,81.269349742
29036,USGS,01351500,2019-03-31,A,94.295099178
29037,USGS,01351500,2019-04-01,A,87.499055994
29038,USGS,01351500,2019-04-02,A,61.730725588
29039,USGS,01351500,2019-04-03,A,50.403986948000004
29040,USGS,01351500,2019-04-04,A,43.041606832
29041,USGS,01351500,2019-04-05,A,35.679226716
29042,USGS,01351500,2019-04-06,A,36.245563648
29043,USGS,01351500,2019-04-07,A,43.324775298
29044,USGS,01351500,2019-04-08,A,47.005965356000004
29045,USGS,01351500,2019-04-09,A,58.615872462
29046,USGS,01351500,2019-04-10,A,78.720833548
29047,USGS,01351500,2019-04-11,A,56.916861666
29048,USGS,01351500,2019-04-12,A,41.625764502
29049,USGS,01351500,2019-04-13,A,44.740617628
29050,USGS,01351500,2019-04-14,A,51.819829278
29051,USGS,01351500,2019-04-15,A,280.33678134
29052,USGS,01351500,2019-04-16,A,275.522917418
29053,USGS,01351500,2019-04-17,A,142.716906864
29054,USGS,01351500,2019-04-18,A,101.374310828
29055,USGS,01351500,2019-04-19,A,84.384202868
29056,USGS,01351500,2019-04-20,A,129.407988962
29057,USGS,01351500,2019-04-21,A,193.120893812
29058,USGS,01351500,2019-04-22,A,122.611945778
29059,USGS,01351500,2019-04-23,A,91.180246052
29060,USGS,01351500,2019-04-24,A,79.28717048
29061,USGS,01351500,2019-04-25,A,62.297062520000004
29062,USGS,01351500,2019-04-26,A,58.899040928000005
29063,USGS,01351500,2019-04-27,A,106.754511682
29064,USGS,01351500,2019-04-28,A,94.295099178
29065,USGS,01351500,2019-04-29,A,73.340632694
29066,USGS,01351500,2019-04-30,A,67.96043184
29067,USGS,01351500,2019-05-01,A,59.748546326
29068,USGS,01351500,2019-05-02,A,55.784187802
29069,USGS,01351500,2019-05-03,A,49.55448155
29070,USGS,01351500,2019-05-04,A,63.146567918
29071,USGS,01351500,2019-05-05,A,64.845578714
29072,USGS,01351500,2019-05-06,A,63.146567918
29073,USGS,01351500,2019-05-07,A,54.934682404
29074,USGS,01351500,2019-05-08,A,52.38616621
29075,USGS,01351500,2019-05-09,A,45.023786094
29076,USGS,01351500,2019-05-10,A,41.059427570000004
29077,USGS,01351500,2019-05-11,A,50.403986948000004
29078,USGS,01351500,2019-05-12,A,47.572302288
29079,USGS,01351500,2019-05-13,A,114.116891798
29080,USGS,01351500,2019-05-14,A,216.62387649000001
29081,USGS,01351500,2019-05-15,A,165.087215678
29082,USGS,01351500,2019-05-16,A,119.213924186
29083,USGS,01351500,2019-05-17,A,95.710941508
29084,USGS,01351500,2019-05-18,A,83.53469747
29085,USGS,01351500,2019-05-19,A,73.62380116
29086,USGS,01351500,2019-05-20,A,76.172317354
29087,USGS,01351500,2019-05-21,A,75.88914888800001
29088,USGS,01351500,2019-05-22,A,52.952503142000005
29089,USGS,01351500,2019-05-23,A,43.891112230000005
29090,USGS,01351500,2019-05-24,A,52.669334676
29091,USGS,01351500,2019-05-25,A,44.174280696000004
29092,USGS,01351500,2019-05-26,A,38.22774291
29093,USGS,01351500,2019-05-27,A,33.413878988
29094,USGS,01351500,2019-05-28,A,28.600015066
29095,USGS,01351500,2019-05-29,A,35.112889784000004
29096,USGS,01351500,2019-05-30,A,28.600015066
29097,USGS,01351500,2019-05-31,A,23.4463489848
29098,USGS,01351500,2019-06-01,A,19.397039921
29099,USGS,01351500,2019-06-02,A,15.8008004028
29100,USGS,01351500,2019-06-03,A,15.9423846358
29101,USGS,01351500,2019-06-04,A,13.2522842088
29102,USGS,01351500,2019-06-05,A,12.2611945778
29103,USGS,01351500,2019-06-06,A,23.5596163712
29104,USGS,01351500,2019-06-07,A,26.5895189574
29105,USGS,01351500,2019-06-08,A,16.9334742668
29106,USGS,01351500,2019-06-09,A,11.3833723332
29107,USGS,01351500,2019-06-10,A,9.202975145
29108,USGS,01351500,2019-06-11,A,30.865362794
29109,USGS,01351500,2019-06-12,A,35.39605825
29110,USGS,01351500,2019-06-13,A,23.219814212
29111,USGS,01351500,2019-06-14,A,21.9738729616
29112,USGS,01351500,2019-06-15,A,19.7368420802
29113,USGS,01351500,2019-06-16,A,19.623574693800002
29114,USGS,01351500,2019-06-17,A,54.651513938
29115,USGS,01351500,2019-06-18,A,35.679226716
29116,USGS,01351500,2019-06-19,A,34.546552852
29117,USGS,01351500,2019-06-20,A,32.847542056
29118,USGS,01351500,2019-06-21,A,40.493090638
29119,USGS,01351500,2019-06-22,A,47.005965356000004
29120,USGS,01351500,2019-06-23,A,32.56437359
29121,USGS,01351500,2019-06-24,A,22.6251604334
29122,USGS,01351500,2019-06-25,A,19.6518915404
29123,USGS,01351500,2019-06-26,A,19.9067431598
29124,USGS,01351500,2019-06-27,A,19.113871455
29125,USGS,01351500,2019-06-28,A,13.875254834
29126,USGS,01351500,2019-06-29,A,11.4116891798
29127,USGS,01351500,2019-06-30,A,10.194064776000001
29128,USGS,01351500,2019-07-01,A,10.6471343216
29129,USGS,01351500,2019-07-02,A,8.1552518208
29130,USGS,01351500,2019-07-03,A,7.0225779568
29131,USGS,01351500,2019-07-04,A,5.5784187802
29132,USGS,01351500,2019-07-05,A,4.9271313084
29133,USGS,01351500,2019-07-06,A,4.5590123026
29134,USGS,01351500,2019-07-07,A,4.8988144618
29135,USGS,01351500,2019-07-08,A,4.8988144618
29136,USGS,01351500,2019-07-09,A,4.0209922172
29137,USGS,01351500,2019-07-10,A,3.4829721318
29138,USGS,01351500,2019-07-11,A,3.1431699726
29139,USGS,01351500,2019-07-12,A,8.381786593600001
29140,USGS,01351500,2019-07-13,A,5.4934682404
29141,USGS,01351500,2019-07-14,A,3.8794079842
29142,USGS,01351500,2019-07-15,A,3.0865362794
29143,USGS,01351500,2019-07-16,A,2.7184172736
29144,USGS,01351500,2019-07-17,A,2.57400135594
29145,USGS,01351500,2019-07-18,A,3.1998036658
29146,USGS,01351500,2019-07-19,A,3.6528732114
29147,USGS,01351500,2019-07-20,A,3.256437359
29148,USGS,01351500,2019-07-21,A,2.8600015066
29149,USGS,01351500,2019-07-22,A,3.0299025862
29150,USGS,01351500,2019-07-23,A,14.016839067000001
29151,USGS,01351500,2019-07-24,A,13.450502135
29152,USGS,01351500,2019-07-25,A,7.2774295762
29153,USGS,01351500,2019-07-26,A,5.0687155414000005
29154,USGS,01351500,2019-07-27,A,4.2192101434
29155,USGS,01351500,2019-07-28,A,3.5679226716
29156,USGS,01351500,2019-07-29,A,2.973268893
29157,USGS,01351500,2019-07-30,A,2.78637770544
29158,USGS,01351500,2019-07-31,A,3.4546552852000003
29159,USGS,01351500,2019-08-01,A,3.114853126
29160,USGS,01351500,2019-08-02,A,2.5485161940000003
29161,USGS,01351500,2019-08-03,A,2.22004077344
29162,USGS,01351500,2019-08-04,A,2.2257041427599997
29163,USGS,01351500,2019-08-05,A,2.973268893
29164,USGS,01351500,2019-08-06,A,2.9166351998
29165,USGS,01351500,2019-08-07,A,2.973268893
29166,USGS,01351500,2019-08-08,A,3.6528732114
29167,USGS,01351500,2019-08-09,A,3.7944574444
29168,USGS,01351500,2019-08-10,A,3.0299025862
29169,USGS,01351500,2019-08-11,A,2.47489239284
29170,USGS,01351500,2019-08-12,A,2.1096050717
29171,USGS,01351500,2019-08-13,A,1.91705051482
29172,USGS,01351500,2019-08-14,A,1.73865438124
29173,USGS,01351500,2019-08-15,A,1.68768405736
29174,USGS,01351500,2019-08-16,A,3.9926753706
29175,USGS,01351500,2019-08-17,A,7.7588159684
29176,USGS,01351500,2019-08-18,A,9.684361537200001
29177,USGS,01351500,2019-08-19,A,9.3728762246
29178,USGS,01351500,2019-08-20,A,5.550101933600001
29179,USGS,01351500,2019-08-21,A,11.6665407992
29180,USGS,01351500,2019-08-22,A,12.7992146632
29181,USGS,01351500,2019-08-23,A,7.0508948034
29182,USGS,01351500,2019-08-24,A,4.7289133822
29183,USGS,01351500,2019-08-25,A,3.822774291
29184,USGS,01351500,2019-08-26,A,3.1998036658
29185,USGS,01351500,2019-08-27,A,2.72408064292
29186,USGS,01351500,2019-08-28,A,2.4267537536200003
29187,USGS,01351500,2019-08-29,A,2.36728837576
29188,USGS,01351500,2019-08-30,A,2.28233783596
29189,USGS,01351500,2019-08-31,A,2.01899116258
29190,USGS,01351500,2019-09-01,A,1.77829796648
29191,USGS,01351500,2019-09-02,A,1.99067431598
29192,USGS,01351500,2019-09-03,A,2.0812882251000002
29193,USGS,01351500,2019-09-04,A,2.14641697228
29194,USGS,01351500,2019-09-05,A,2.68443705768
29195,USGS,01351500,2019-09-06,A,2.68443705768
29196,USGS,01351500,2019-09-07,A,2.265347728
29197,USGS,01351500,2019-09-08,A,1.8887336682200002
29198,USGS,01351500,2019-09-09,A,1.6480404721200002
29199,USGS,01351500,2019-09-10,A,1.52344634708
29200,USGS,01351500,2019-09-11,A,1.47530770786
29201,USGS,01351500,2019-09-12,A,1.34788189816
29202,USGS,01351500,2019-09-13,A,1.27708978166
29203,USGS,01351500,2019-09-14,A,1.2176244038
29204,USGS,01351500,2019-09-15,A,1.14116891798
29205,USGS,01351500,2019-09-16,A,1.0392282702200002
29206,USGS,01351500,2019-09-17,A,0.97976289236
29207,USGS,01351500,2019-09-18,A,0.9627727844
29208,USGS,01351500,2019-09-19,A,0.9118024605200001
29209,USGS,01351500,2019-09-20,A,0.88914898324
29210,USGS,01351500,2019-09-21,A,0.85516876732
29211,USGS,01351500,2019-09-22,A,0.80986181276
29212,USGS,01351500,2019-09-23,A,0.82685192072
29213,USGS,01351500,2019-09-24,A,0.85516876732
29214,USGS,01351500,2019-09-25,A,0.849505398
29215,USGS,01351500,2019-09-26,A,0.849505398
29216,USGS,01351500,2019-09-27,A,0.88348561392
29217,USGS,01351500,2019-09-28,A,0.8863172985800001
29218,USGS,01351500,2019-09-29,A,0.8580004519800001
29219,USGS,01351500,2019-09-30,A,0.80986181276
29220,USGS,01351500,2019-10-01,A,1.20063429584
29221,USGS,01351500,2019-10-02,A,1.59707014824
29222,USGS,01351500,2019-10-03,A,1.9113871455
29223,USGS,01351500,2019-10-04,A,2.5201993474
29224,USGS,01351500,2019-10-05,A,2.64196178778
29225,USGS,01351500,2019-10-06,A,2.55417956332
29226,USGS,01351500,2019-10-07,A,3.0015857396000003
29227,USGS,01351500,2019-10-08,A,5.4934682404
29228,USGS,01351500,2019-10-09,A,5.4651513938
29229,USGS,01351500,2019-10-10,A,4.1908932968000006
29230,USGS,01351500,2019-10-11,A,3.0865362794
29231,USGS,01351500,2019-10-12,A,2.3984369070200002
29232,USGS,01351500,2019-10-13,A,2.01899116258
29233,USGS,01351500,2019-10-14,A,1.7613078585200002
29234,USGS,01351500,2019-10-15,A,1.52344634708
29235,USGS,01351500,2019-10-16,A,1.52344634708
29236,USGS,01351500,2019-10-17,A,119.213924186
29237,USGS,01351500,2019-10-18,A,78.720833548
29238,USGS,01351500,2019-10-19,A,31.431699726
29239,USGS,01351500,2019-10-20,A,18.9439703754
29240,USGS,01351500,2019-10-21,A,14.2716906864
29241,USGS,01351500,2019-10-22,A,11.5532734128
29242,USGS,01351500,2019-10-23,A,24.6922902352
29243,USGS,01351500,2019-10-24,A,21.8889224218
29244,USGS,01351500,2019-10-25,A,14.5548591524
29245,USGS,01351500,2019-10-26,A,11.9780261118
29246,USGS,01351500,2019-10-27,A,29.449520464000003
29247,USGS,01351500,2019-10-28,A,46.72279689
29248,USGS,01351500,2019-10-29,A,27.0709053496
29249,USGS,01351500,2019-10-30,A,19.5103073074
29250,USGS,01351500,2019-10-31,A,20.133277932600002
29251,USGS,01351500,2019-11-01,A,143.849580728
29252,USGS,01351500,2019-11-02,A,75.322811956
29253,USGS,01351500,2019-11-03,A,75.03964349
29254,USGS,01351500,2019-11-04,A,58.615872462
29255,USGS,01351500,2019-11-05,A,48.421807686
29256,USGS,01351500,2019-11-06,A,38.794079842
29257,USGS,01351500,2019-11-07,A,35.112889784000004
29258,USGS,01351500,2019-11-08,A,34.263384386
29259,USGS,01351500,2019-11-09,A,30.015857396
29260,USGS,01351500,2019-11-10,A,25.4002114002
29261,USGS,01351500,2019-11-11,A,21.9172392684
29262,USGS,01351500,2019-11-12,A,21.832288728600002
29263,USGS,01351500,2019-11-13,A,19.397039921
29264,USGS,01351500,2019-11-14,A,19.680208387
29265,USGS,01351500,2019-11-15,A,15.630899323200001
29266,USGS,01351500,2019-11-16,A,14.300007533
29267,USGS,01351500,2019-11-17,A,12.7142641234
29268,USGS,01351500,2019-11-18,A,12.9974325894
29269,USGS,01351500,2019-11-19,A:e,31.714868192
29270,USGS,01351500,2019-11-20,A,52.38616621
29271,USGS,01351500,2019-11-21,A,47.289133822000004
29272,USGS,01351500,2019-11-22,A,44.174280696000004
29273,USGS,01351500,2019-11-23,A,42.4752699
29274,USGS,01351500,2019-11-24,A,66.54458951000001
29275,USGS,01351500,2019-11-25,A,94.86143611
29276,USGS,01351500,2019-11-26,A,91.46341451800001
29277,USGS,01351500,2019-11-27,A,79.00400201400001
29278,USGS,01351500,2019-11-28,A,88.914898324
29279,USGS,01351500,2019-11-29,A,77.87132815
29280,USGS,01351500,2019-11-30,A,62.297062520000004
29281,USGS,01351500,2019-12-01,A,53.235671608000004
29282,USGS,01351500,2019-12-02,A,47.289133822000004
29283,USGS,01351500,2019-12-03,A,49.837650016
29284,USGS,01351500,2019-12-04,A,45.30695456
29285,USGS,01351500,2019-12-05,A,41.625764502
29286,USGS,01351500,2019-12-06,A,38.794079842
29287,USGS,01351500,2019-12-07,A,34.829721318000004
29288,USGS,01351500,2019-12-08,A,29.732688930000002
29289,USGS,01351500,2019-12-09,A,31.148531260000002
29290,USGS,01351500,2019-12-10,A,133.938684418
29291,USGS,01351500,2019-12-11,A,232.19814212
29292,USGS,01351500,2019-12-12,A,141.584233
29293,USGS,01351500,2019-12-13,A,99.1089631
29294,USGS,01351500,2019-12-14,A,115.24956566200001
29295,USGS,01351500,2019-12-15,A,193.120893812
29296,USGS,01351500,2019-12-16,A,139.602053738
29297,USGS,01351500,2019-12-17,A,98.542626168
29298,USGS,01351500,2019-12-18,A,84.384202868
29299,USGS,01351500,2019-12-19,A,65.411915646
29300,USGS,01351500,2019-12-20,A,50.687155414
29301,USGS,01351500,2019-12-21,A,41.908932968
29302,USGS,01351500,2019-12-22,A,43.324775298
29303,USGS,01351500,2019-12-23,A,44.740617628
29304,USGS,01351500,2019-12-24,A,43.891112230000005
29305,USGS,01351500,2019-12-25,A,45.590123026
29306,USGS,01351500,2019-12-26,A,36.528732114
29307,USGS,01351500,2019-12-27,A,38.794079842
29308,USGS,01351500,2019-12-28,A,61.730725588
29309,USGS,01351500,2019-12-29,A,58.04953553
29310,USGS,01351500,2019-12-30,A,119.213924186
29311,USGS,01351500,2019-12-31,A,112.984217934
29312,USGS,01351500,2020-01-01,A,89.481235256
29313,USGS,01351500,2020-01-02,A,69.65944263600001
29314,USGS,01351500,2020-01-03,A,60.314883258
29315,USGS,01351500,2020-01-04,A,73.057464228
29316,USGS,01351500,2020-01-05,A,85.800045198
29317,USGS,01351500,2020-01-06,A,70.22577956800001
29318,USGS,01351500,2020-01-07,A,55.21785087
29319,USGS,01351500,2020-01-08,A,49.837650016
29320,USGS,01351500,2020-01-09,A,41.059427570000004
29321,USGS,01351500,2020-01-10,A,36.81190058
29322,USGS,01351500,2020-01-11,A,49.837650016
29323,USGS,01351500,2020-01-12,A,68.526768772
29324,USGS,01351500,2020-01-13,A,78.437665082
29325,USGS,01351500,2020-01-14,A,69.942611102
29326,USGS,01351500,2020-01-15,A,53.518840074
29327,USGS,01351500,2020-01-16,A,47.005965356000004
29328,USGS,01351500,2020-01-17,A,44.740617628
29329,USGS,01351500,2020-01-18,A,30.299025862
29330,USGS,01351500,2020-01-19,A,38.794079842
29331,USGS,01351500,2020-01-20,A,37.378237512
29332,USGS,01351500,2020-01-21,A,30.865362794
29333,USGS,01351500,2020-01-22,A,29.166351998
29334,USGS,01351500,2020-01-23,A,23.078229979
29335,USGS,01351500,2020-01-24,A,22.0588235014
29336,USGS,01351500,2020-01-25,A,20.8411990976
29337,USGS,01351500,2020-01-26,A,54.651513938
29338,USGS,01351500,2020-01-27,A,69.093105704
29339,USGS,01351500,2020-01-28,A,47.855470754
29340,USGS,01351500,2020-01-29,A,38.794079842
29341,USGS,01351500,2020-01-30,A,27.4107075088
29342,USGS,01351500,2020-01-31,A,22.5685267402
29343,USGS,01351500,2020-02-01,A,22.738427819800002
29344,USGS,01351500,2020-02-02,A,23.4180321382
29345,USGS,01351500,2020-02-03,A,22.5402098936
29346,USGS,01351500,2020-02-04,A:e,21.7190213422
29347,USGS,01351500,2020-02-05,A:e,21.3509023364
29348,USGS,01351500,2020-02-06,A:e,24.2958543828
29349,USGS,01351500,2020-02-07,A,39.077248308
29350,USGS,01351500,2020-02-08,A,86.36638213
29351,USGS,01351500,2020-02-09,A,63.429736384
29352,USGS,01351500,2020-02-10,A,56.067356268000005
29353,USGS,01351500,2020-02-11,A,68.809937238
29354,USGS,01351500,2020-02-12,A,64.562410248
29355,USGS,01351500,2020-02-13,A,62.013894054000005
29356,USGS,01351500,2020-02-14,A,54.651513938
29357,USGS,01351500,2020-02-15,A,43.891112230000005
29358,USGS,01351500,2020-02-16,A,41.059427570000004
29359,USGS,01351500,2020-02-17,A,38.22774291
29360,USGS,01351500,2020-02-18,A,35.679226716
29361,USGS,01351500,2020-02-19,A,36.81190058
29362,USGS,01351500,2020-02-20,A,38.794079842
29363,USGS,01351500,2020-02-21,A,25.315260860400002
29364,USGS,01351500,2020-02-22,A,21.803971882
29365,USGS,01351500,2020-02-23,A,19.4253567676
29366,USGS,01351500,2020-02-24,A,22.8233783596
29367,USGS,01351500,2020-02-25,A,33.413878988
29368,USGS,01351500,2020-02-26,A,41.908932968
29369,USGS,01351500,2020-02-27,A,111.002038672
29370,USGS,01351500,2020-02-28,A,114.116891798
29371,USGS,01351500,2020-02-29,A,73.340632694
29372,USGS,01351500,2020-03-01,A,49.837650016
29373,USGS,01351500,2020-03-02,A,47.572302288
29374,USGS,01351500,2020-03-03,A,78.720833548
29375,USGS,01351500,2020-03-04,A,124.02778810800001
29376,USGS,01351500,2020-03-05,A,94.86143611
29377,USGS,01351500,2020-03-06,A,71.924790364
29378,USGS,01351500,2020-03-07,A,60.314883258
29379,USGS,01351500,2020-03-08,A,48.704976152
29380,USGS,01351500,2020-03-09,A,47.005965356000004
29381,USGS,01351500,2020-03-10,A,47.289133822000004
29382,USGS,01351500,2020-03-11,A,55.784187802
29383,USGS,01351500,2020-03-12,A,52.102997744
29384,USGS,01351500,2020-03-13,A,47.572302288
29385,USGS,01351500,2020-03-14,A,52.669334676
29386,USGS,01351500,2020-03-15,A,52.952503142000005
29387,USGS,01351500,2020-03-16,A,41.342596036
29388,USGS,01351500,2020-03-17,A,36.245563648
29389,USGS,01351500,2020-03-18,A,26.221399951600002
29390,USGS,01351500,2020-03-19,A,33.697047454
29391,USGS,01351500,2020-03-20,A,43.041606832
29392,USGS,01351500,2020-03-21,A,38.510911376
29393,USGS,01351500,2020-03-22,A,35.679226716
29394,USGS,01351500,2020-03-23,A,41.059427570000004
29395,USGS,01351500,2020-03-24,A,42.4752699
29396,USGS,01351500,2020-03-25,A,45.30695456
29397,USGS,01351500,2020-03-26,A,47.289133822000004
29398,USGS,01351500,2020-03-27,A,47.855470754
29399,USGS,01351500,2020-03-28,A,49.271313084
29400,USGS,01351500,2020-03-29,A,82.968360538
29401,USGS,01351500,2020-03-30,A,102.506984692
29402,USGS,01351500,2020-03-31,A,116.382239526
29403,USGS,01351500,2020-04-01,A,96.27727844
29404,USGS,01351500,2020-04-02,A,74.190138092
29405,USGS,01351500,2020-04-03,A,65.411915646
29406,USGS,01351500,2020-04-04,A,86.083213664
29407,USGS,01351500,2020-04-05,A,76.45548582
29408,USGS,01351500,2020-04-06,A,62.863399452
29409,USGS,01351500,2020-04-07,A,55.784187802
29410,USGS,01351500,2020-04-08,A,54.085177006
29411,USGS,01351500,2020-04-09,A,65.12874718
29412,USGS,01351500,2020-04-10,A,87.499055994
29413,USGS,01351500,2020-04-11,A,68.243600306
29414,USGS,01351500,2020-04-12,A,57.200030132
29415,USGS,01351500,2020-04-13,A,58.899040928000005
29416,USGS,01351500,2020-04-14,A,156.592161698
29417,USGS,01351500,2020-04-15,A,105.338669352
29418,USGS,01351500,2020-04-16,A,76.45548582
29419,USGS,01351500,2020-04-17,A,64.562410248
29420,USGS,01351500,2020-04-18,A,61.730725588
29421,USGS,01351500,2020-04-19,A,66.261421044
29422,USGS,01351500,2020-04-20,A,59.182209394000004
29423,USGS,01351500,2020-04-21,A,54.651513938
29424,USGS,01351500,2020-04-22,A,54.368345472
29425,USGS,01351500,2020-04-23,A,45.023786094
29426,USGS,01351500,2020-04-24,A,43.607943764
29427,USGS,01351500,2020-04-25,A,45.023786094
29428,USGS,01351500,2020-04-26,A,54.651513938
29429,USGS,01351500,2020-04-27,A,126.576304302
29430,USGS,01351500,2020-04-28,A,144.132749194
29431,USGS,01351500,2020-04-29,A,127.4258097
29432,USGS,01351500,2020-04-30,A,99.958468498
29433,USGS,01351500,2020-05-01,A,226.251604334
29434,USGS,01351500,2020-05-02,A,270.142716564
29435,USGS,01351500,2020-05-03,A,141.867401466
29436,USGS,01351500,2020-05-04,A,100.80797389600001
29437,USGS,01351500,2020-05-05,A,85.800045198
29438,USGS,01351500,2020-05-06,A,69.37627417
29439,USGS,01351500,2020-05-07,A,61.164388656
29440,USGS,01351500,2020-05-08,A,54.934682404
29441,USGS,01351500,2020-05-09,A,48.988144618
29442,USGS,01351500,2020-05-10,A,45.590123026
29443,USGS,01351500,2020-05-11,A,41.625764502
29444,USGS,01351500,2020-05-12,A,39.64358524
29445,USGS,01351500,2020-05-13,A,37.095069046
29446,USGS,01351500,2020-05-14,A,31.431699726
29447,USGS,01351500,2020-05-15,A,26.759420037
29448,USGS,01351500,2020-05-16,A,34.829721318000004
29449,USGS,01351500,2020-05-17,A,37.661405978
29450,USGS,01351500,2020-05-18,A,28.883183532
29451,USGS,01351500,2020-05-19,A,27.4107075088
29452,USGS,01351500,2020-05-20,A,18.8023861424
29453,USGS,01351500,2020-05-21,A,15.9423846358
29454,USGS,01351500,2020-05-22,A,14.668126538800001
29455,USGS,01351500,2020-05-23,A,13.1390168224
29456,USGS,01351500,2020-05-24,A,12.034659805
29457,USGS,01351500,2020-05-25,A,11.0152533274
29458,USGS,01351500,2020-05-26,A,9.4011930712
29459,USGS,01351500,2020-05-27,A,8.0136675878
29460,USGS,01351500,2020-05-28,A,7.220795883
29461,USGS,01351500,2020-05-29,A,6.7394094908
29462,USGS,01351500,2020-05-30,A,8.9481235256
29463,USGS,01351500,2020-05-31,A,9.344559378
29464,USGS,01351500,2020-06-01,A,7.362380116000001
29465,USGS,01351500,2020-06-02,A,5.6350524734
29466,USGS,01351500,2020-06-03,A,4.8704976152
29467,USGS,01351500,2020-06-04,A,4.643962842400001
29468,USGS,01351500,2020-06-05,A,4.3041606832
29469,USGS,01351500,2020-06-06,A,3.7944574444
29470,USGS,01351500,2020-06-07,A,3.3413878988
29471,USGS,01351500,2020-06-08,A,3.0582194328
29472,USGS,01351500,2020-06-09,A,2.76372422816
29473,USGS,01351500,2020-06-10,A,2.5258627167200003
29474,USGS,01351500,2020-06-11,A,3.0299025862
29475,USGS,01351500,2020-06-12,A,4.3041606832
29476,USGS,01351500,2020-06-13,A,3.7661405978
29477,USGS,01351500,2020-06-14,A,2.8600015066
29478,USGS,01351500,2020-06-15,A,2.45507060022
29479,USGS,01351500,2020-06-16,A,2.23419919674
29480,USGS,01351500,2020-06-17,A,2.03314958588
29481,USGS,01351500,2020-06-18,A,1.8320999750200002
29482,USGS,01351500,2020-06-19,A,1.7188325886200002
29483,USGS,01351500,2020-06-20,A,1.6593672107600002
29484,USGS,01351500,2020-06-21,A,1.5460998243600002
29485,USGS,01351500,2020-06-22,A,1.48097107718
29486,USGS,01351500,2020-06-23,A,1.42716906864
29487,USGS,01351500,2020-06-24,A,1.7726345971600002
29488,USGS,01351500,2020-06-25,A,2.27384278198
29489,USGS,01351500,2020-06-26,A,2.2625160433400002
29490,USGS,01351500,2020-06-27,A,1.78679302046
29491,USGS,01351500,2020-06-28,A,1.87740692958
29492,USGS,01351500,2020-06-29,A,2.42958543828
29493,USGS,01351500,2020-06-30,A,4.2192101434
29494,USGS,01351500,2020-07-01,A,5.0120818482
29495,USGS,01351500,2020-07-02,A,4.6156459958000005
29496,USGS,01351500,2020-07-03,A,3.822774291
29497,USGS,01351500,2020-07-04,A,3.0865362794
29498,USGS,01351500,2020-07-05,A,2.7523974895200003
29499,USGS,01351500,2020-07-06,A,2.25968435868
29500,USGS,01351500,2020-07-07,A,1.82077323638
29501,USGS,01351500,2020-07-08,A,1.56025824766
29502,USGS,01351500,2020-07-09,A,1.557426563
29503,USGS,01351500,2020-07-10,A,1.48380276184
29504,USGS,01351500,2020-07-11,A,1.6140602562000002
29505,USGS,01351500,2020-07-12,A,2.31065468256
29506,USGS,01351500,2020-07-13,A,2.28800120528
29507,USGS,01351500,2020-07-14,A,1.91705051482
29508,USGS,01351500,2020-07-15,A,1.70750584998
29509,USGS,01351500,2020-07-16,A,1.52344634708
29510,USGS,01351500,2020-07-17,A,2.31631805188
29511,USGS,01351500,2020-07-18,A,4.7005965356
29512,USGS,01351500,2020-07-19,A,3.5112889784
29513,USGS,01351500,2020-07-20,A,2.51453597808
29514,USGS,01351500,2020-07-21,A,1.94253567676
29515,USGS,01351500,2020-07-22,A,1.68202068804
29516,USGS,01351500,2020-07-23,A,1.70750584998
29517,USGS,01351500,2020-07-24,A,1.7273276426000002
29518,USGS,01351500,2020-07-25,A,1.45548591524
29519,USGS,01351500,2020-07-26,A,1.23744619642
29520,USGS,01351500,2020-07-27,A,1.0760401708
29521,USGS,01351500,2020-07-28,A,1.0392282702200002
29522,USGS,01351500,2020-07-29,A,0.98825794634
29523,USGS,01351500,2020-07-30,A,1.0477233242000001
29524,USGS,01351500,2020-07-31,A,1.01657479294
29525,USGS,01351500,2020-08-01,A,0.94295099178
29526,USGS,01351500,2020-08-02,A,0.88348561392
29527,USGS,01351500,2020-08-03,A,0.84384202868
29528,USGS,01351500,2020-08-04,A,5.5784187802
29529,USGS,01351500,2020-08-05,A,54.368345472
29530,USGS,01351500,2020-08-06,A,15.715849863
29531,USGS,01351500,2020-08-07,A,7.8437665082
29532,USGS,01351500,2020-08-08,A,5.9182209394
29533,USGS,01351500,2020-08-09,A,4.7855470754
29534,USGS,01351500,2020-08-10,A,3.7944574444
29535,USGS,01351500,2020-08-11,A,3.6528732114
29536,USGS,01351500,2020-08-12,A,3.9360416774
29537,USGS,01351500,2020-08-13,A,3.9926753706
29538,USGS,01351500,2020-08-14,A,3.2847542056
29539,USGS,01351500,2020-08-15,A,2.6051498872
29540,USGS,01351500,2020-08-16,A,2.18889224218
29541,USGS,01351500,2020-08-17,A,1.9312089381200002
29542,USGS,01351500,2020-08-18,A,1.6791890033799999
29543,USGS,01351500,2020-08-19,A,1.51211960844
29544,USGS,01351500,2020-08-20,A,1.3875254834000001
29545,USGS,01351500,2020-08-21,A,1.25443630438
29546,USGS,01351500,2020-08-22,A,1.12134712536
29547,USGS,01351500,2020-08-23,A,1.0363965855600001
29548,USGS,01351500,2020-08-24,A,1.33655515952
29549,USGS,01351500,2020-08-25,A,1.24310956574
29550,USGS,01351500,2020-08-26,A,1.07037680148
29551,USGS,01351500,2020-08-27,A,1.1043570174
29552,USGS,01351500,2020-08-28,A,4.105942757
29553,USGS,01351500,2020-08-29,A,4.8704976152
29554,USGS,01351500,2020-08-30,A,3.539605825
29555,USGS,01351500,2020-08-31,A,3.0299025862
29556,USGS,01351500,2020-09-01,A,2.5060409241
29557,USGS,01351500,2020-09-02,A,2.2370308814
29558,USGS,01351500,2020-09-03,A,2.0784565404400004
29559,USGS,01351500,2020-09-04,A,2.04447632452
29560,USGS,01351500,2020-09-05,A,1.89156535288
29561,USGS,01351500,2020-09-06,A,1.62538699484
29562,USGS,01351500,2020-09-07,A,1.4441591766
29563,USGS,01351500,2020-09-08,A,1.25726798904
29564,USGS,01351500,2020-09-09,A,1.12417881002
29565,USGS,01351500,2020-09-10,A,1.11002038672
29566,USGS,01351500,2020-09-11,A,1.1524956566200002
29567,USGS,01351500,2020-09-12,A,1.27142641234
29568,USGS,01351500,2020-09-13,A,1.3592086368
29569,USGS,01351500,2020-09-14,A,1.12701049468
29570,USGS,01351500,2020-09-15,A,0.9656044690600001
29571,USGS,01351500,2020-09-16,A,0.8863172985800001
29572,USGS,01351500,2020-09-17,A,0.86649550596
29573,USGS,01351500,2020-09-18,A,0.86649550596
29574,USGS,01351500,2020-09-19,A,0.8240202360600001
29575,USGS,01351500,2020-09-20,A,0.7928717048
29576,USGS,01351500,2020-09-21,A,0.75605980422
29577,USGS,01351500,2020-09-22,A,0.7362380116
29578,USGS,01351500,2020-09-23,A,0.72774295762
29579,USGS,01351500,2020-09-24,A,0.7164162189800001
29580,USGS,01351500,2020-09-25,A,0.71924790364
29581,USGS,01351500,2020-09-26,A,0.70225779568
29582,USGS,01351500,2020-09-27,A,0.69093105704
29583,USGS,01351500,2020-09-28,A,0.69659442636
29584,USGS,01351500,2020-09-29,A,0.70225779568
29585,USGS,01351500,2020-09-30,A,1.68202068804
29586,USGS,01351500,2020-10-01,A,5.097032388000001
29587,USGS,01351500,2020-10-02,A,3.6245563648
29588,USGS,01351500,2020-10-03,A,2.49754587012
29589,USGS,01351500,2020-10-04,A,1.982179262
29590,USGS,01351500,2020-10-05,A,1.6423771028
29591,USGS,01351500,2020-10-06,A,1.50362455446
29592,USGS,01351500,2020-10-07,A,1.79528807444
29593,USGS,01351500,2020-10-08,A,1.79528807444
29594,USGS,01351500,2020-10-09,A,1.7188325886200002
29595,USGS,01351500,2020-10-10,A,1.70750584998
29596,USGS,01351500,2020-10-11,A,1.6027335175600002
29597,USGS,01351500,2020-10-12,A,1.46681265388
29598,USGS,01351500,2020-10-13,A,1.39885222204
29599,USGS,01351500,2020-10-14,A,1.29124820496
29600,USGS,01351500,2020-10-15,A,1.12984217934
29601,USGS,01351500,2020-10-16,A,1.0760401708
29602,USGS,01351500,2020-10-17,A,1.03073321624
29603,USGS,01351500,2020-10-18,A,1.0250698469200001
29604,USGS,01351500,2020-10-19,A,1.0363965855600001
29605,USGS,01351500,2020-10-20,A,1.08453522478
29606,USGS,01351500,2020-10-21,A,1.08453522478
29607,USGS,01351500,2020-10-22,A,1.07887185546
29608,USGS,01351500,2020-10-23,A,1.0817035401200001
29609,USGS,01351500,2020-10-24,A,1.07320848614
29610,USGS,01351500,2020-10-25,A,1.01091142362
29611,USGS,01351500,2020-10-26,A,0.98825794634
29612,USGS,01351500,2020-10-27,A,0.98825794634
29613,USGS,01351500,2020-10-28,A,1.05338669352
29614,USGS,01351500,2020-10-29,A,1.45548591524
29615,USGS,01351500,2020-10-30,A,11.185154407
29616,USGS,01351500,2020-10-31,A,12.600996737000001
29617,USGS,01351500,2020-11-01,A,7.6172317354
29618,USGS,01351500,2020-11-02,A,6.7110926442
29619,USGS,01351500,2020-11-03,A,7.4190138092
29620,USGS,01351500,2020-11-04,A,7.7021822752
29621,USGS,01351500,2020-11-05,A,6.7677263374
29622,USGS,01351500,2020-11-06,A,6.3146567918
29623,USGS,01351500,2020-11-07,A,5.5217850870000005
29624,USGS,01351500,2020-11-08,A,4.8421807686000005
29625,USGS,01351500,2020-11-09,A,4.4174280696
29626,USGS,01351500,2020-11-10,A,4.1908932968000006
29627,USGS,01351500,2020-11-11,A,3.9926753706
29628,USGS,01351500,2020-11-12,A,4.0776259104
29629,USGS,01351500,2020-11-13,A,4.4174280696
29630,USGS,01351500,2020-11-14,A,4.1342596036
29631,USGS,01351500,2020-11-15,A,3.9077248308000003
29632,USGS,01351500,2020-11-16,A,4.105942757
29633,USGS,01351500,2020-11-17,A,5.097032388000001
29634,USGS,01351500,2020-11-18,A,4.8988144618
29635,USGS,01351500,2020-11-19,A,4.3324775298
29636,USGS,01351500,2020-11-20,A,7.6172317354
29637,USGS,01351500,2020-11-21,A,8.7499055994
29638,USGS,01351500,2020-11-22,A,7.9004002014
29639,USGS,01351500,2020-11-23,A,7.220795883
29640,USGS,01351500,2020-11-24,A,12.7142641234
29641,USGS,01351500,2020-11-25,A,17.3299101192
29642,USGS,01351500,2020-11-26,A,18.8590198356
29643,USGS,01351500,2020-11-27,A,22.0021898082
29644,USGS,01351500,2020-11-28,A,22.4835762004
29645,USGS,01351500,2020-11-29,A,21.3509023364
29646,USGS,01351500,2020-11-30,A,19.680208387
29647,USGS,01351500,2020-12-01,A,145.265423058
29648,USGS,01351500,2020-12-02,A,126.859472768
29649,USGS,01351500,2020-12-03,A,76.45548582
29650,USGS,01351500,2020-12-04,A,57.483198598
29651,USGS,01351500,2020-12-05,A,51.253492346
29652,USGS,01351500,2020-12-06,A,43.324775298
29653,USGS,01351500,2020-12-07,A,34.829721318000004
29654,USGS,01351500,2020-12-08,A,29.166351998
29655,USGS,01351500,2020-12-09,A,24.8621913148
29656,USGS,01351500,2020-12-10,A,24.154270149800002
29657,USGS,01351500,2020-12-11,A,21.435852876200002
29658,USGS,01351500,2020-12-12,A,21.520803416
29659,USGS,01351500,2020-12-13,A,21.181001256800002
29660,USGS,01351500,2020-12-14,A,18.5192176764
29661,USGS,01351500,2020-12-15,A,21.23763495
29662,USGS,01351500,2020-12-16,A,17.160009039600002
29663,USGS,01351500,2020-12-17,A,16.1689194086
29664,USGS,01351500,2020-12-18,A,14.583175999
29665,USGS,01351500,2020-12-19,A,19.255455688
29666,USGS,01351500,2020-12-20,A,21.9172392684
29667,USGS,01351500,2020-12-21,A,20.954466484
29668,USGS,01351500,2020-12-22,A,18.4342671366
29669,USGS,01351500,2020-12-23,A,22.8800120528
29670,USGS,01351500,2020-12-24,A,32.56437359
29671,USGS,01351500,2020-12-25,A,523.8616621
29672,USGS,01351500,2020-12-26,A,705.08948034
29673,USGS,01351500,2020-12-27,A,227.95061513000002
29674,USGS,01351500,2020-12-28,A,149.796118514
29675,USGS,01351500,2020-12-29,A,107.037680148
29676,USGS,01351500,2020-12-30,A,81.269349742
29677,USGS,01351500,2020-12-31,A,66.827757976
29678,USGS,01351500,2021-01-01,A,64.562410248
29679,USGS,01351500,2021-01-02,A,64.562410248
29680,USGS,01351500,2021-01-03,A,78.720833548
29681,USGS,01351500,2021-01-04,A,68.526768772
29682,USGS,01351500,2021-01-05,A,62.863399452
29683,USGS,01351500,2021-01-06,A,54.085177006
29684,USGS,01351500,2021-01-07,A,45.873291492
29685,USGS,01351500,2021-01-08,A,39.64358524
29686,USGS,01351500,2021-01-09,A,38.510911376
29687,USGS,01351500,2021-01-10,A,39.926753706
29688,USGS,01351500,2021-01-11,A,39.077248308
29689,USGS,01351500,2021-01-12,A,32.56437359
29690,USGS,01351500,2021-01-13,A,25.201993474000002
29691,USGS,01351500,2021-01-14,A,23.8711016838
29692,USGS,01351500,2021-01-15,A,25.48516194
29693,USGS,01351500,2021-01-16,A,27.2974401224
29694,USGS,01351500,2021-01-17,A,25.0037755478
29695,USGS,01351500,2021-01-18,A,27.2124895826
29696,USGS,01351500,2021-01-19,A,24.550706002200002
29697,USGS,01351500,2021-01-20,A,24.154270149800002
29698,USGS,01351500,2021-01-21,A,20.6146643248
29699,USGS,01351500,2021-01-22,A,23.0499131324
29700,USGS,01351500,2021-01-23,A,19.538624154
29701,USGS,01351500,2021-01-24,A,19.7368420802
29702,USGS,01351500,2021-01-25,A,25.1453597808
29703,USGS,01351500,2021-01-26,A,20.6146643248
29704,USGS,01351500,2021-01-27,A,19.3120893812
29705,USGS,01351500,2021-01-28,A,22.8233783596
29706,USGS,01351500,2021-01-29,A,19.4253567676
29707,USGS,01351500,2021-01-30,A,26.0798157186
29708,USGS,01351500,2021-01-31,A,17.3865438124
29709,USGS,01351500,2021-02-01,A,19.255455688
29710,USGS,01351500,2021-02-02,A,25.5134787866
29711,USGS,01351500,2021-02-03,A,30.865362794
29712,USGS,01351500,2021-02-04,A,30.299025862
29713,USGS,01351500,2021-02-05,A,23.4746658314
29714,USGS,01351500,2021-02-06,A,21.2093181034
29715,USGS,01351500,2021-02-07,A,22.341991967400002
29716,USGS,01351500,2021-02-08,A,24.805557621600002
29717,USGS,01351500,2021-02-09,A,26.6461526506
29718,USGS,01351500,2021-02-10,A,23.219814212
29719,USGS,01351500,2021-02-11,A,20.104961086
29720,USGS,01351500,2021-02-12,A:e,9.769312077
29721,USGS,01351500,2021-02-13,A:e,9.344559378
29722,USGS,01351500,2021-02-14,A:e,9.8259457702
29723,USGS,01351500,2021-02-15,A:e,9.8542626168
29724,USGS,01351500,2021-02-16,A,11.0718870206
29725,USGS,01351500,2021-02-17,A,20.671298018
29726,USGS,01351500,2021-02-18,A,30.865362794
29727,USGS,01351500,2021-02-19,A:e,26.1364494118
29728,USGS,01351500,2021-02-20,A:e,21.7190213422
29729,USGS,01351500,2021-02-21,A:e,17.4714943522
29730,USGS,01351500,2021-02-22,A:e,16.4520878746
29731,USGS,01351500,2021-02-23,A:e,17.7546628182
29732,USGS,01351500,2021-02-24,A:e,18.0095144376
29733,USGS,01351500,2021-02-25,A,27.9487275942
29734,USGS,01351500,2021-02-26,A,36.81190058
29735,USGS,01351500,2021-02-27,A,33.98021592
29736,USGS,01351500,2021-02-28,A,42.4752699
29737,USGS,01351500,2021-03-01,A:e,59.182209394000004
29738,USGS,01351500,2021-03-02,A,79.853507412
29739,USGS,01351500,2021-03-03,A,65.695084112
29740,USGS,01351500,2021-03-04,A,41.908932968
29741,USGS,01351500,2021-03-05,A,40.776259104000005
29742,USGS,01351500,2021-03-06,A,43.891112230000005
29743,USGS,01351500,2021-03-07,A,40.776259104000005
29744,USGS,01351500,2021-03-08,A,37.378237512
29745,USGS,01351500,2021-03-09,A,38.510911376
29746,USGS,01351500,2021-03-10,A,45.023786094
29747,USGS,01351500,2021-03-11,A,80.136675878
29748,USGS,01351500,2021-03-12,A,184.0595029
29749,USGS,01351500,2021-03-13,A,139.602053738
29750,USGS,01351500,2021-03-14,A,115.532734128
29751,USGS,01351500,2021-03-15,A,93.162425314
29752,USGS,01351500,2021-03-16,A,65.12874718
29753,USGS,01351500,2021-03-17,A,64.279241782
29754,USGS,01351500,2021-03-18,A,69.942611102
29755,USGS,01351500,2021-03-19,A,116.948576458
29756,USGS,01351500,2021-03-20,A,89.764403722
29757,USGS,01351500,2021-03-21,A,76.172317354
29758,USGS,01351500,2021-03-22,A,72.77429576200001
29759,USGS,01351500,2021-03-23,A,75.605980422
29760,USGS,01351500,2021-03-24,A,80.136675878
29761,USGS,01351500,2021-03-25,A,117.79808185600001
29762,USGS,01351500,2021-03-26,A,148.09710771800002
29763,USGS,01351500,2021-03-27,A,129.407988962
29764,USGS,01351500,2021-03-28,A,98.542626168
29765,USGS,01351500,2021-03-29,A,105.90500628400001
29766,USGS,01351500,2021-03-30,A,86.083213664
29767,USGS,01351500,2021-03-31,A,71.358453432
29768,USGS,01351500,2021-04-01,A,65.411915646
29769,USGS,01351500,2021-04-02,A,46.439628424
29770,USGS,01351500,2021-04-03,A,54.368345472
29771,USGS,01351500,2021-04-04,A,53.80200854
29772,USGS,01351500,2021-04-05,A,48.988144618
29773,USGS,01351500,2021-04-06,A,42.192101434
29774,USGS,01351500,2021-04-07,A,39.077248308
29775,USGS,01351500,2021-04-08,A,34.829721318000004
29776,USGS,01351500,2021-04-09,A,31.998036658
29777,USGS,01351500,2021-04-10,A,28.3168466
29778,USGS,01351500,2021-04-11,A,26.2780336448
29779,USGS,01351500,2021-04-12,A,25.909914639
29780,USGS,01351500,2021-04-13,A,26.2780336448
29781,USGS,01351500,2021-04-14,A,25.2586271672
29782,USGS,01351500,2021-04-15,A,29.732688930000002
29783,USGS,01351500,2021-04-16,A,79.853507412
29784,USGS,01351500,2021-04-17,A,79.570338946
29785,USGS,01351500,2021-04-18,A,56.350524734000004
29786,USGS,01351500,2021-04-19,A,47.572302288
29787,USGS,01351500,2021-04-20,A,42.192101434
29788,USGS,01351500,2021-04-21,A,37.095069046
29789,USGS,01351500,2021-04-22,A,37.944574444000004
29790,USGS,01351500,2021-04-23,A,39.077248308
29791,USGS,01351500,2021-04-24,A,31.148531260000002
29792,USGS,01351500,2021-04-25,A,29.449520464000003
29793,USGS,01351500,2021-04-26,A,26.6744694972
29794,USGS,01351500,2021-04-27,A,24.6073396954
29795,USGS,01351500,2021-04-28,A,24.0976364566
29796,USGS,01351500,2021-04-29,A,42.758438366
29797,USGS,01351500,2021-04-30,A,223.136751208
29798,USGS,01351500,2021-05-01,A,119.213924186
29799,USGS,01351500,2021-05-02,A,86.649550596
29800,USGS,01351500,2021-05-03,A,88.631729858
29801,USGS,01351500,2021-05-04,A,113.2673864
29802,USGS,01351500,2021-05-05,A,122.328777312
29803,USGS,01351500,2021-05-06,A,134.22185288400001
29804,USGS,01351500,2021-05-07,A,92.312919916
29805,USGS,01351500,2021-05-08,A,76.738654286
29806,USGS,01351500,2021-05-09,A,74.756475024
29807,USGS,01351500,2021-05-10,A,77.588159684
29808,USGS,01351500,2021-05-11,A,76.45548582
29809,USGS,01351500,2021-05-12,A,64.279241782
29810,USGS,01351500,2021-05-13,A,55.784187802
29811,USGS,01351500,2021-05-14,A,44.740617628
29812,USGS,01351500,2021-05-15,A,40.493090638
29813,USGS,01351500,2021-05-16,A,33.413878988
29814,USGS,01351500,2021-05-17,A,31.431699726
29815,USGS,01351500,2021-05-18,A,30.865362794
29816,USGS,01351500,2021-05-19,A,26.2780336448
29817,USGS,01351500,2021-05-20,A,26.1647662584
29818,USGS,01351500,2021-05-21,A,21.181001256800002
29819,USGS,01351500,2021-05-22,A,18.0378312842
29820,USGS,01351500,2021-05-23,A,18.689118756
29821,USGS,01351500,2021-05-24,A,16.508721567800002
29822,USGS,01351500,2021-05-25,A,12.9407988962
29823,USGS,01351500,2021-05-26,A,13.4788189816
29824,USGS,01351500,2021-05-27,A,14.413274919400001
29825,USGS,01351500,2021-05-28,A,13.761987447600001
29826,USGS,01351500,2021-05-29,A,17.981197591
29827,USGS,01351500,2021-05-30,A,45.590123026
29828,USGS,01351500,2021-05-31,A,53.235671608000004
29829,USGS,01351500,2021-06-01,A,52.102997744
29830,USGS,01351500,2021-06-02,A,35.112889784000004
29831,USGS,01351500,2021-06-03,A,30.582194328
29832,USGS,01351500,2021-06-04,A,46.156459958
29833,USGS,01351500,2021-06-05,A,45.590123026
29834,USGS,01351500,2021-06-06,A,31.998036658
29835,USGS,01351500,2021-06-07,A,22.0588235014
29836,USGS,01351500,2021-06-08,A,18.9156535288
29837,USGS,01351500,2021-06-09,A,50.403986948000004
29838,USGS,01351500,2021-06-10,A,47.005965356000004
29839,USGS,01351500,2021-06-11,A,29.449520464000003
29840,USGS,01351500,2021-06-12,A,22.936645746
29841,USGS,01351500,2021-06-13,A,18.8023861424
29842,USGS,01351500,2021-06-14,A,32.281205124
29843,USGS,01351500,2021-06-15,A,66.261421044
29844,USGS,01351500,2021-06-16,A,43.891112230000005
29845,USGS,01351500,2021-06-17,A,22.993279439200002
29846,USGS,01351500,2021-06-18,A,13.6487200612
29847,USGS,01351500,2021-06-19,A,10.052480543
29848,USGS,01351500,2021-06-20,A,8.4384202868
29849,USGS,01351500,2021-06-21,A,7.503964349
29850,USGS,01351500,2021-06-22,A,7.5322811956
29851,USGS,01351500,2021-06-23,A,6.937627417
29852,USGS,01351500,2021-06-24,A,6.003171479200001
29853,USGS,01351500,2021-06-25,A,5.1536660812
29854,USGS,01351500,2021-06-26,A,4.4740617628
29855,USGS,01351500,2021-06-27,A,4.0493090638
29856,USGS,01351500,2021-06-28,A,3.7378237512
29857,USGS,01351500,2021-06-29,A,3.5112889784
29858,USGS,01351500,2021-06-30,A,3.4546552852000003
29859,USGS,01351500,2021-07-01,A,5.550101933600001
29860,USGS,01351500,2021-07-02,A,10.8736690944
29861,USGS,01351500,2021-07-03,A,10.5055500886
29862,USGS,01351500,2021-07-04,A,8.0136675878
29863,USGS,01351500,2021-07-05,A,6.2863399452
29864,USGS,01351500,2021-07-06,A,5.238616621
29865,USGS,01351500,2021-07-07,A,7.7588159684
29866,USGS,01351500,2021-07-08,A,30.865362794
29867,USGS,01351500,2021-07-09,A,53.235671608000004
29868,USGS,01351500,2021-07-10,A,94.01193071200001
29869,USGS,01351500,2021-07-11,A,55.21785087
29870,USGS,01351500,2021-07-12,A,345.46552852
29871,USGS,01351500,2021-07-13,A,214.075360296
29872,USGS,01351500,2021-07-14,A,132.806010554
29873,USGS,01351500,2021-07-15,A,101.091142362
29874,USGS,01351500,2021-07-16,A,69.65944263600001
29875,USGS,01351500,2021-07-17,A,56.6336932
29876,USGS,01351500,2021-07-18,A,138.186211408
29877,USGS,01351500,2021-07-19,A,271.558558894
29878,USGS,01351500,2021-07-20,A,139.885222204
29879,USGS,01351500,2021-07-21,A,205.863474782
29880,USGS,01351500,2021-07-22,A,114.68322873
29881,USGS,01351500,2021-07-23,A,74.756475024
29882,USGS,01351500,2021-07-24,A,55.784187802
29883,USGS,01351500,2021-07-25,A,42.192101434
29884,USGS,01351500,2021-07-26,A,34.263384386
29885,USGS,01351500,2021-07-27,A,28.883183532
29886,USGS,01351500,2021-07-28,A,26.5045684176
29887,USGS,01351500,2021-07-29,A,22.5402098936
29888,USGS,01351500,2021-07-30,A,26.4196178778
29889,USGS,01351500,2021-07-31,A,20.5863474782
29890,USGS,01351500,2021-08-01,A,16.7352563406
29891,USGS,01351500,2021-08-02,A,24.3241712294
29892,USGS,01351500,2021-08-03,A,16.0839688688
29893,USGS,01351500,2021-08-04,A,12.1479271914
29894,USGS,01351500,2021-08-05,A,9.8259457702
29895,USGS,01351500,2021-08-06,A,8.4384202868
29896,USGS,01351500,2021-08-07,A,7.1075284966000005
29897,USGS,01351500,2021-08-08,A,6.2863399452
29898,USGS,01351500,2021-08-09,A,6.003171479200001
29899,USGS,01351500,2021-08-10,A,5.380200854
29900,USGS,01351500,2021-08-11,A,4.9271313084
29901,USGS,01351500,2021-08-12,A,5.2952503142000005
29902,USGS,01351500,2021-08-13,A,5.550101933600001
29903,USGS,01351500,2021-08-14,A,6.0598051724
29904,USGS,01351500,2021-08-15,A,5.8615872462
29905,USGS,01351500,2021-08-16,A,4.5873291492
29906,USGS,01351500,2021-08-17,A,4.105942757
29907,USGS,01351500,2021-08-18,A,3.9077248308000003
29908,USGS,01351500,2021-08-19,A,5.7766367064
29909,USGS,01351500,2021-08-20,A,16.99010796
29910,USGS,01351500,2021-08-21,A,17.5847617386
29911,USGS,01351500,2021-08-22,A,18.462583983200002
29912,USGS,01351500,2021-08-23,A,259.665483322
29913,USGS,01351500,2021-08-24,A,281.469455204
29914,USGS,01351500,2021-08-25,A,135.071358282
29915,USGS,01351500,2021-08-26,A,72.20795883
29916,USGS,01351500,2021-08-27,A,51.819829278
29917,USGS,01351500,2021-08-28,A,41.059427570000004
29918,USGS,01351500,2021-08-29,A,33.413878988
29919,USGS,01351500,2021-08-30,A,25.8532809458
29920,USGS,01351500,2021-08-31,A,25.626746173
29921,USGS,01351500,2021-09-01,A,21.096050717
29922,USGS,01351500,2021-09-02,A,85.800045198
29923,USGS,01351500,2021-09-03,A,90.89707758600001
29924,USGS,01351500,2021-09-04,A,53.518840074
29925,USGS,01351500,2021-09-05,A,37.378237512
29926,USGS,01351500,2021-09-06,A,33.697047454
29927,USGS,01351500,2021-09-07,A,30.299025862
29928,USGS,01351500,2021-09-08,A,25.0037755478
29929,USGS,01351500,2021-09-09,A,36.245563648
29930,USGS,01351500,2021-09-10,A,69.65944263600001
29931,USGS,01351500,2021-09-11,A,42.758438366
29932,USGS,01351500,2021-09-12,A,30.865362794
29933,USGS,01351500,2021-09-13,A,26.6461526506
29934,USGS,01351500,2021-09-14,A,27.6655591282
29935,USGS,01351500,2021-09-15,A,22.341991967400002
29936,USGS,01351500,2021-09-16,A,41.342596036
29937,USGS,01351500,2021-09-17,A,49.55448155
29938,USGS,01351500,2021-09-18,A,37.378237512
29939,USGS,01351500,2021-09-19,A,27.8071433612
29940,USGS,01351500,2021-09-20,A,23.1348636722
29941,USGS,01351500,2021-09-21,A,19.4536736142
29942,USGS,01351500,2021-09-22,A,16.8768405736
29943,USGS,01351500,2021-09-23,A,16.9334742668
29944,USGS,01351500,2021-09-24,A,141.867401466
29945,USGS,01351500,2021-09-25,A,162.538699484
29946,USGS,01351500,2021-09-26,A,82.968360538
29947,USGS,01351500,2021-09-27,A,50.403986948000004
29948,USGS,01351500,2021-09-28,A,38.794079842
29949,USGS,01351500,2021-09-29,A,30.299025862
29950,USGS,01351500,2021-09-30,A,26.617835804000002
29951,USGS,01351500,2021-10-01,A,25.0320923944
29952,USGS,01351500,2021-10-02,A,17.9528807444
29953,USGS,01351500,2021-10-03,A,16.4520878746
29954,USGS,01351500,2021-10-04,A,92.02975145
29955,USGS,01351500,2021-10-05,A,152.627803174
29956,USGS,01351500,2021-10-06,A,103.35649009000001
29957,USGS,01351500,2021-10-07,A,68.243600306
29958,USGS,01351500,2021-10-08,A,53.518840074
29959,USGS,01351500,2021-10-09,A,44.174280696000004
29960,USGS,01351500,2021-10-10,A,36.245563648
29961,USGS,01351500,2021-10-11,A,32.847542056
29962,USGS,01351500,2021-10-12,A,31.148531260000002
29963,USGS,01351500,2021-10-13,A,26.4196178778
29964,USGS,01351500,2021-10-14,A,23.9843690702
29965,USGS,01351500,2021-10-15,A,23.5312995246
29966,USGS,01351500,2021-10-16,A,49.271313084
29967,USGS,01351500,2021-10-17,A,122.611945778
29968,USGS,01351500,2021-10-18,A,72.491127296
29969,USGS,01351500,2021-10-19,A,53.518840074
29970,USGS,01351500,2021-10-20,A,43.324775298
29971,USGS,01351500,2021-10-21,A,35.679226716
29972,USGS,01351500,2021-10-22,A,34.546552852
29973,USGS,01351500,2021-10-23,A,31.148531260000002
29974,USGS,01351500,2021-10-24,A,27.127539042800002
29975,USGS,01351500,2021-10-25,A,51.819829278
29976,USGS,01351500,2021-10-26,A,297.3268893
29977,USGS,01351500,2021-10-27,A,999.58468498
29978,USGS,01351500,2021-10-28,A,444.57449162
29979,USGS,01351500,2021-10-29,A,202.46545319
29980,USGS,01351500,2021-10-30,A,152.061466242
29981,USGS,01351500,2021-10-31,A,112.70104946800001
29982,USGS,01351500,2021-11-01,A,80.986181276
29983,USGS,01351500,2021-11-02,A,63.71290485
29984,USGS,01351500,2021-11-03,A,57.766367064
29985,USGS,01351500,2021-11-04,A,48.13863922
29986,USGS,01351500,2021-11-05,A,41.908932968
29987,USGS,01351500,2021-11-06,A,36.528732114
29988,USGS,01351500,2021-11-07,A,31.714868192
29989,USGS,01351500,2021-11-08,A,28.883183532
29990,USGS,01351500,2021-11-09,A,28.0903118272
29991,USGS,01351500,2021-11-10,A,25.824964099200002
29992,USGS,01351500,2021-11-11,A,24.7206070818
29993,USGS,01351500,2021-11-12,A,43.324775298
29994,USGS,01351500,2021-11-13,A,131.106999758
29995,USGS,01351500,2021-11-14,A,141.017896068
29996,USGS,01351500,2021-11-15,A,95.994109974
29997,USGS,01351500,2021-11-16,A,73.057464228
29998,USGS,01351500,2021-11-17,A,58.615872462
29999,USGS,01351500,2021-11-18,A,49.55448155
30000,USGS,01351500,2021-11-19,A,56.350524734000004
30001,USGS,01351500,2021-11-20,A,48.988144618
30002,USGS,01351500,2021-11-21,A,42.758438366
30003,USGS,01351500,2021-11-22,A,39.360416774
30004,USGS,01351500,2021-11-23,A,39.077248308
30005,USGS,01351500,2021-11-24,A,35.679226716
30006,USGS,01351500,2021-11-25,A,28.883183532
30007,USGS,01351500,2021-11-26,A,32.281205124
30008,USGS,01351500,2021-11-27,A,35.112889784000004
30009,USGS,01351500,2021-11-28,A,30.015857396
30010,USGS,01351500,2021-11-29,A,28.2602129068
30011,USGS,01351500,2021-11-30,A,26.759420037
30012,USGS,01351500,2021-12-01,A,26.221399951600002
30013,USGS,01351500,2021-12-02,A,26.1647662584
30014,USGS,01351500,2021-12-03,A,35.112889784000004
30015,USGS,01351500,2021-12-04,A,38.510911376
30016,USGS,01351500,2021-12-05,A,31.431699726
30017,USGS,01351500,2021-12-06,A,27.637242281600003
30018,USGS,01351500,2021-12-07,A,32.56437359
30019,USGS,01351500,2021-12-08,A,28.883183532
30020,USGS,01351500,2021-12-09,A,32.281205124
30021,USGS,01351500,2021-12-10,A,25.6550630196
30022,USGS,01351500,2021-12-11,A,37.944574444000004
30023,USGS,01351500,2021-12-12,A,51.536660812
30024,USGS,01351500,2021-12-13,A,50.97032388
30025,USGS,01351500,2021-12-14,A,43.324775298
30026,USGS,01351500,2021-12-15,A,33.98021592
30027,USGS,01351500,2021-12-16,A,56.067356268000005
30028,USGS,01351500,2021-12-17,A,47.572302288
30029,USGS,01351500,2021-12-18,A,39.926753706
30030,USGS,01351500,2021-12-19,A,56.916861666
30031,USGS,01351500,2021-12-20,A,44.740617628
30032,USGS,01351500,2021-12-21,A,39.926753706
30033,USGS,01351500,2021-12-22,A,33.413878988
30034,USGS,01351500,2021-12-23,A,28.883183532
30035,USGS,01351500,2021-12-24,A,25.768330406
30036,USGS,01351500,2021-12-25,A,28.2318960602
30037,USGS,01351500,2021-12-26,A,52.669334676
30038,USGS,01351500,2021-12-27,A,45.30695456
30039,USGS,01351500,2021-12-28,A,38.794079842
30040,USGS,01351500,2021-12-29,A,35.112889784000004
30041,USGS,01351500,2021-12-30,A,38.510911376
30042,USGS,01351500,2021-12-31,A,44.457449162
30043,USGS,01351500,2022-01-01,A,48.421807686
30044,USGS,01351500,2022-01-02,A,52.102997744
30045,USGS,01351500,2022-01-03,A,46.156459958
30046,USGS,01351500,2022-01-04,A,34.829721318000004
30047,USGS,01351500,2022-01-05,A,30.865362794
30048,USGS,01351500,2022-01-06,A,28.033678134000002
30049,USGS,01351500,2022-01-07,A,30.015857396
30050,USGS,01351500,2022-01-08,A,24.3808049226
30051,USGS,01351500,2022-01-09,A,17.8962470512
30052,USGS,01351500,2022-01-10,A,22.1720908878
30053,USGS,01351500,2022-01-11,A,17.6413954318
30054,USGS,01351500,2022-01-12,A:e,11.6382239526
30055,USGS,01351500,2022-01-13,A:e,9.1746582984
30056,USGS,01351500,2022-01-14,A:e,8.8065392926
30057,USGS,01351500,2022-01-15,A:e,7.0508948034
30058,USGS,01351500,2022-01-16,A:e,6.2013894054000005
30059,USGS,01351500,2022-01-17,A:e,7.9570338946
30060,USGS,01351500,2022-01-18,A:e,8.2685192072
30061,USGS,01351500,2022-01-19,A:e,7.5322811956
30062,USGS,01351500,2022-01-20,A:e,8.0136675878
30063,USGS,01351500,2022-01-21,A:e,6.2580230986
30064,USGS,01351500,2022-01-22,A:e,5.8332703996
30065,USGS,01351500,2022-01-23,A:e,6.7677263374
30066,USGS,01351500,2022-01-24,A:e,6.7394094908
30067,USGS,01351500,2022-01-25,A:e,6.371290485
30068,USGS,01351500,2022-01-26,A:e,5.8332703996
30069,USGS,01351500,2022-01-27,A:e,5.0687155414000005
30070,USGS,01351500,2022-01-28,A:e,5.5217850870000005
30071,USGS,01351500,2022-01-29,A:e,5.9182209394
30072,USGS,01351500,2022-01-30,A:e,4.9271313084
30073,USGS,01351500,2022-01-31,A:e,4.672279689
30074,USGS,01351500,2022-02-01,A:e,5.0403986948
30075,USGS,01351500,2022-02-02,A:e,6.7110926442
30076,USGS,01351500,2022-02-03,A:e,9.0047572188
30077,USGS,01351500,2022-02-04,A:e,23.361398445
30078,USGS,01351500,2022-02-05,A:e,40.209922172
30079,USGS,01351500,2022-02-06,A:e,45.590123026
30080,USGS,01351500,2022-02-07,A:e,65.978252578
30081,USGS,01351500,2022-02-08,A:e,73.057464228
30082,USGS,01351500,2022-02-09,A:e,70.22577956800001
30083,USGS,01351500,2022-02-10,A:e,62.863399452
30084,USGS,01351500,2022-02-11,A:e,63.429736384
30085,USGS,01351500,2022-02-12,A:e,52.669334676
30086,USGS,01351500,2022-02-13,A:e,46.439628424
30087,USGS,01351500,2022-02-14,A:e,39.360416774
30088,USGS,01351500,2022-02-15,A:e,23.6162500644
30089,USGS,01351500,2022-02-16,A:e,21.7190213422
30090,USGS,01351500,2022-02-17,A:e,39.077248308
30091,USGS,01351500,2022-02-18,A,238.711016838
30092,USGS,01351500,2022-02-19,A,90.61390912
30093,USGS,01351500,2022-02-20,A,44.457449162
30094,USGS,01351500,2022-02-21,A,60.598051724
30095,USGS,01351500,2022-02-22,A,74.756475024
30096,USGS,01351500,2022-02-23,A,228.233783596
30097,USGS,01351500,2022-02-24,A,170.184248066
30098,USGS,01351500,2022-02-25,A,101.374310828
30099,USGS,01351500,2022-02-26,A,72.20795883
30100,USGS,01351500,2022-02-27,A,60.031714792
30101,USGS,01351500,2022-02-28,A,49.271313084
30102,USGS,01351500,2022-03-01,A,42.192101434
30103,USGS,01351500,2022-03-02,A,42.192101434
30104,USGS,01351500,2022-03-03,A,36.245563648
30105,USGS,01351500,2022-03-04,A,32.281205124
30106,USGS,01351500,2022-03-05,A,27.325756969
30107,USGS,01351500,2022-03-06,A,55.21785087
30108,USGS,01351500,2022-03-07,A,184.909008298
30109,USGS,01351500,2022-03-08,A,247.77240775
30110,USGS,01351500,2022-03-09,A,143.849580728
30111,USGS,01351500,2022-03-10,A,96.27727844
30112,USGS,01351500,2022-03-11,A,83.53469747
30113,USGS,01351500,2022-03-12,A,80.136675878
30114,USGS,01351500,2022-03-13,A,65.411915646
30115,USGS,01351500,2022-03-14,A,58.332703996
30116,USGS,01351500,2022-03-15,A,67.96043184
30117,USGS,01351500,2022-03-16,A,104.77233242
30118,USGS,01351500,2022-03-17,A,111.285207138
30119,USGS,01351500,2022-03-18,A,109.58619634200001
30120,USGS,01351500,2022-03-19,A,119.497092652
30121,USGS,01351500,2022-03-20,A,150.645623912
30122,USGS,01351500,2022-03-21,A,114.966397196
30123,USGS,01351500,2022-03-22,A,85.23370826600001
30124,USGS,01351500,2022-03-23,A,67.394094908
30125,USGS,01351500,2022-03-24,A,64.562410248
30126,USGS,01351500,2022-03-25,A,95.427773042
30127,USGS,01351500,2022-03-26,A,89.764403722
30128,USGS,01351500,2022-03-27,A,84.384202868
30129,USGS,01351500,2022-03-28,A,72.77429576200001
30130,USGS,01351500,2022-03-29,A,53.518840074
30131,USGS,01351500,2022-03-30,A,49.271313084
30132,USGS,01351500,2022-03-31,A,40.776259104000005
30133,USGS,01351500,2022-04-01,A,128.275315098
30134,USGS,01351500,2022-04-02,A,146.398096922
30135,USGS,01351500,2022-04-03,A,104.205995488
30136,USGS,01351500,2022-04-04,A,110.43570174
30137,USGS,01351500,2022-04-05,A,88.34856139200001
30138,USGS,01351500,2022-04-06,A,75.03964349
30139,USGS,01351500,2022-04-07,A,127.14264123400001
30140,USGS,01351500,2022-04-08,A,790.04002014
30141,USGS,01351500,2022-04-09,A,311.4853126
30142,USGS,01351500,2022-04-10,A,175.847617386
30143,USGS,01351500,2022-04-11,A,122.328777312
30144,USGS,01351500,2022-04-12,A,98.825794634
30145,USGS,01351500,2022-04-13,A,84.384202868
30146,USGS,01351500,2022-04-14,A,71.641621898
30147,USGS,01351500,2022-04-15,A,67.677263374
30148,USGS,01351500,2022-04-16,A,56.6336932
30149,USGS,01351500,2022-04-17,A,68.526768772
30150,USGS,01351500,2022-04-18,A,56.067356268000005
30151,USGS,01351500,2022-04-19,A,84.101034402
30152,USGS,01351500,2022-04-20,A,122.895114244
30153,USGS,01351500,2022-04-21,A,130.25749436
30154,USGS,01351500,2022-04-22,A,136.77036907800002
30155,USGS,01351500,2022-04-23,A,131.106999758
30156,USGS,01351500,2022-04-24,A,103.639658556
30157,USGS,01351500,2022-04-25,A,87.499055994
30158,USGS,01351500,2022-04-26,A,71.358453432
30159,USGS,01351500,2022-04-27,A,72.20795883
30160,USGS,01351500,2022-04-28,A,62.580230986000004
30161,USGS,01351500,2022-04-29,A,50.403986948000004
30162,USGS,01351500,2022-04-30,A,44.174280696000004
30163,USGS,01351500,2022-05-01,A,38.510911376
30164,USGS,01351500,2022-05-02,A,36.245563648
30165,USGS,01351500,2022-05-03,A,37.378237512
30166,USGS,01351500,2022-05-04,A,31.714868192
30167,USGS,01351500,2022-05-05,A,43.891112230000005
30168,USGS,01351500,2022-05-06,A,33.413878988
30169,USGS,01351500,2022-05-07,A,27.325756969
30170,USGS,01351500,2022-05-08,A,23.5596163712
30171,USGS,01351500,2022-05-09,A,18.3493165968
30172,USGS,01351500,2022-05-10,A,15.6592161698
30173,USGS,01351500,2022-05-11,A,13.592086368
30174,USGS,01351500,2022-05-12,A,13.2239673622
30175,USGS,01351500,2022-05-13,A,11.7231744924
30176,USGS,01351500,2022-05-14,A,10.2506984692
30177,USGS,01351500,2022-05-15,A,9.4011930712
30178,USGS,01351500,2022-05-16,A,11.1285207138
30179,USGS,01351500,2022-05-17,A,27.042588503
30180,USGS,01351500,2022-05-18,A,16.2255531018
30181,USGS,01351500,2022-05-19,A,12.0912934982
30182,USGS,01351500,2022-05-20,A,13.167333669
30183,USGS,01351500,2022-05-21,A,11.4400060264
30184,USGS,01351500,2022-05-22,A,10.8736690944
30185,USGS,01351500,2022-05-23,A,19.227138841400002
30186,USGS,01351500,2022-05-24,A,12.317828271
30187,USGS,01351500,2022-05-25,A,9.061390912
30188,USGS,01351500,2022-05-26,A,8.070301281
30189,USGS,01351500,2022-05-27,A,6.7110926442
30190,USGS,01351500,2022-05-28,A,6.1447557122
30191,USGS,01351500,2022-05-29,A,5.6916861666
30192,USGS,01351500,2022-05-30,A,5.2952503142000005
30193,USGS,01351500,2022-05-31,A,4.813863922
30194,USGS,01351500,2022-06-01,A,4.5590123026
30195,USGS,01351500,2022-06-02,A,10.5621837818
30196,USGS,01351500,2022-06-03,A,12.2611945778
30197,USGS,01351500,2022-06-04,A,7.5322811956
30198,USGS,01351500,2022-06-05,A,5.6067356268
30199,USGS,01351500,2022-06-06,A,4.5873291492
30200,USGS,01351500,2022-06-07,A,4.0209922172
30201,USGS,01351500,2022-06-08,A,3.8794079842
30202,USGS,01351500,2022-06-09,A,7.3340632694000005
30203,USGS,01351500,2022-06-10,A,13.450502135
30204,USGS,01351500,2022-06-11,A,8.49505398
30205,USGS,01351500,2022-06-12,A,5.9748546326000005
30206,USGS,01351500,2022-06-13,A,5.1253492346
30207,USGS,01351500,2022-06-14,A,4.4740617628
30208,USGS,01351500,2022-06-15,A,3.964358524
30209,USGS,01351500,2022-06-16,A,3.5679226716
30210,USGS,01351500,2022-06-17,A,3.5962395182
30211,USGS,01351500,2022-06-18,A,3.5112889784
30212,USGS,01351500,2022-06-19,A,3.0865362794
30213,USGS,01351500,2022-06-20,A,2.6051498872
30214,USGS,01351500,2022-06-21,A,2.48055576216
30215,USGS,01351500,2022-06-22,A,2.50887260876
30216,USGS,01351500,2022-06-23,A,2.5909914639
30217,USGS,01351500,2022-06-24,A,3.5962395182
30218,USGS,01351500,2022-06-25,A,3.9360416774
30219,USGS,01351500,2022-06-26,A,3.114853126
30220,USGS,01351500,2022-06-27,A,2.9166351998
30221,USGS,01351500,2022-06-28,A,3.6811900580000003
30222,USGS,01351500,2022-06-29,A,3.6528732114
30223,USGS,01351500,2022-06-30,A,2.83168466
30224,USGS,01351500,2022-07-01,A,2.3644566911
30225,USGS,01351500,2022-07-02,A,2.1775655035400003
30226,USGS,01351500,2022-07-03,A,2.08411990976
30227,USGS,01351500,2022-07-04,A,2.06996148646
30228,USGS,01351500,2022-07-05,A,1.93404062278
30229,USGS,01351500,2022-07-06,A,2.05580306316
30230,USGS,01351500,2022-07-07,A,2.0246545319
30231,USGS,01351500,2022-07-08,A,2.06996148646
30232,USGS,01351500,2022-07-09,A,1.89156535288
30233,USGS,01351500,2022-07-10,A,1.63671373348
30234,USGS,01351500,2022-07-11,A,1.4866344465
30235,USGS,01351500,2022-07-12,A,1.29974325894
30236,USGS,01351500,2022-07-13,A,1.20063429584
30237,USGS,01351500,2022-07-14,A,1.12701049468
30238,USGS,01351500,2022-07-15,A,1.06754511682
30239,USGS,01351500,2022-07-16,A,1.0392282702200002
30240,USGS,01351500,2022-07-17,A,1.01657479294
30241,USGS,01351500,2022-07-18,A,1.0901985941
30242,USGS,01351500,2022-07-19,A,1.1383372333200001
30243,USGS,01351500,2022-07-20,A,1.15532734128
30244,USGS,01351500,2022-07-21,A,1.0562183781799999
30245,USGS,01351500,2022-07-22,A,0.9939213156600001
30246,USGS,01351500,2022-07-23,A,0.94578267644
30247,USGS,01351500,2022-07-24,A,0.9684361537200001
30248,USGS,01351500,2022-07-25,A,1.2317828271
30249,USGS,01351500,2022-07-26,A,1.2176244038
30250,USGS,01351500,2022-07-27,A,1.2034659805
30251,USGS,01351500,2022-07-28,A,1.18647587254
30252,USGS,01351500,2022-07-29,A,1.1043570174
30253,USGS,01351500,2022-07-30,A,1.0335649009
30254,USGS,01351500,2022-07-31,A,0.991089631
30255,USGS,01351500,2022-08-01,A,0.9571094150799999
30256,USGS,01351500,2022-08-02,A,0.8863172985800001
30257,USGS,01351500,2022-08-03,A,0.80419844344
30258,USGS,01351500,2022-08-04,A,0.75322811956
30259,USGS,01351500,2022-08-05,A,0.71358453432
30260,USGS,01351500,2022-08-06,A,0.68526768772
30261,USGS,01351500,2022-08-07,A,0.7362380116
30262,USGS,01351500,2022-08-08,A,0.8863172985800001
30263,USGS,01351500,2022-08-09,A,0.80986181276
30264,USGS,01351500,2022-08-10,A,0.70225779568
30265,USGS,01351500,2022-08-11,A,0.64845578714
30266,USGS,01351500,2022-08-12,A,0.5974854632600001
30267,USGS,01351500,2022-08-13,A,0.54368345472
30268,USGS,01351500,2022-08-14,A,0.5181982927800001
30269,USGS,01351500,2022-08-15,A,0.4955448155
30270,USGS,01351500,2022-08-16,A,0.46439628423999996
30271,USGS,01351500,2022-08-17,A,0.4955448155
30272,USGS,01351500,2022-08-18,A,0.52669334676
30273,USGS,01351500,2022-08-19,A,0.4813863922
30274,USGS,01351500,2022-08-20,A,0.48704976152
30275,USGS,01351500,2022-08-21,A,0.50687155414
30276,USGS,01351500,2022-08-22,A,0.5097032388
30277,USGS,01351500,2022-08-23,A,0.5238616621000001
30278,USGS,01351500,2022-08-24,A,0.5408517700600001
30279,USGS,01351500,2022-08-25,A,0.5408517700600001
30280,USGS,01351500,2022-08-26,A,0.60598051724
30281,USGS,01351500,2022-08-27,A,0.6654458951
30282,USGS,01351500,2022-08-28,A,0.64845578714
30283,USGS,01351500,2022-08-29,A,0.62013894054
30284,USGS,01351500,2022-08-30,A,0.64279241782
30285,USGS,01351500,2022-08-31,A,0.8013667587800001
30286,USGS,01351500,2022-09-01,A,1.1383372333200001
30287,USGS,01351500,2022-09-02,A,1.5857434096
30288,USGS,01351500,2022-09-03,A,1.1524956566200002
30289,USGS,01351500,2022-09-04,A,0.9118024605200001
30290,USGS,01351500,2022-09-05,A,0.90330740654
30291,USGS,01351500,2022-09-06,A,3.6245563648
30292,USGS,01351500,2022-09-07,A,7.928717048
30293,USGS,01351500,2022-09-08,A,5.0120818482
30294,USGS,01351500,2022-09-09,A,3.3130710522
30295,USGS,01351500,2022-09-10,A,2.4635656542
30296,USGS,01351500,2022-09-11,A,1.95952578472
30297,USGS,01351500,2022-09-12,A,1.6480404721200002
30298,USGS,01351500,2022-09-13,A,1.9283772534599999
30299,USGS,01351500,2022-09-14,A,8.778222446000001
30300,USGS,01351500,2022-09-15,A,7.1924790364
30301,USGS,01351500,2022-09-16,A,4.530695456
30302,USGS,01351500,2022-09-17,A,3.3413878988
30303,USGS,01351500,2022-09-18,A,2.7665559128200004
30304,USGS,01351500,2022-09-19,A,2.9166351998
30305,USGS,01351500,2022-09-20,A,4.8421807686000005
30306,USGS,01351500,2022-09-21,A,6.8243600306
30307,USGS,01351500,2022-09-22,A,6.1164388656
30308,USGS,01351500,2022-09-23,A,12.74258097
30309,USGS,01351500,2022-09-24,A,8.1835686674
30310,USGS,01351500,2022-09-25,A,5.8615872462
30311,USGS,01351500,2022-09-26,A,4.8988144618
30312,USGS,01351500,2022-09-27,A,4.5590123026
30313,USGS,01351500,2022-09-28,A,4.1342596036
30314,USGS,01351500,2022-09-29,A,3.7095069046
30315,USGS,01351500,2022-09-30,A,3.4546552852000003
30316,USGS,01351500,2022-10-01,A,3.1431699726
30317,USGS,01351500,2022-10-02,A,2.82035792136
30318,USGS,01351500,2022-10-03,A,2.61364494118
30319,USGS,01351500,2022-10-04,A,2.406931961
30320,USGS,01351500,2022-10-05,A,2.73540738156
30321,USGS,01351500,2022-10-06,A,6.9659442636
30322,USGS,01351500,2022-10-07,A,6.3996073316
30323,USGS,01351500,2022-10-08,A,4.955448155
30324,USGS,01351500,2022-10-09,A,4.2758438366
30325,USGS,01351500,2022-10-10,A,3.5112889784
30326,USGS,01351500,2022-10-11,A,3.1431699726
30327,USGS,01351500,2022-10-12,A,2.8883183532
30328,USGS,01351500,2022-10-13,A,2.83168466
30329,USGS,01351500,2022-10-14,A,19.3120893812
30330,USGS,01351500,2022-10-15,A,21.435852876200002
30331,USGS,01351500,2022-10-16,A,11.8081250322
30332,USGS,01351500,2022-10-17,A,8.636638213
30333,USGS,01351500,2022-10-18,A,7.9004002014
30334,USGS,01351500,2022-10-19,A,7.2491127296
30335,USGS,01351500,2022-10-20,A,6.1730725588
30336,USGS,01351500,2022-10-21,A,5.550101933600001
30337,USGS,01351500,2022-10-22,A,5.0120818482
30338,USGS,01351500,2022-10-23,A,4.7005965356
30339,USGS,01351500,2022-10-24,A,4.530695456
30340,USGS,01351500,2022-10-25,A,4.530695456
30341,USGS,01351500,2022-10-26,A,5.66336932
30342,USGS,01351500,2022-10-27,A,5.8615872462
30343,USGS,01351500,2022-10-28,A,5.66336932
30344,USGS,01351500,2022-10-29,A,5.2952503142000005
30345,USGS,01351500,2022-10-30,A,4.1908932968000006
30346,USGS,01351500,2022-10-31,A,3.7378237512
30347,USGS,01351500,2022-11-01,A,3.5679226716
30348,USGS,01351500,2022-11-02,A,3.5112889784
30349,USGS,01351500,2022-11-03,A,3.5112889784
30350,USGS,01351500,2022-11-04,P,3.3130710522
30351,USGS,01351500,2022-11-05,P,3.1998036658
30352,USGS,01351500,2022-11-06,P,3.0865362794
30353,USGS,01351500,2022-11-07,P,3.4546552852000003
30354,USGS,01351500,2022-11-08,P,4.2758438366
30355,USGS,01351500,2022-11-09,P,4.1625764502000004
30356,USGS,01351500,2022-11-10,P,3.6528732114
30357,USGS,01351500,2022-11-11,P,3.4829721318
30358,USGS,01351500,2022-11-12,P,7.2774295762
30359,USGS,01351500,2022-11-13,P,16.565355261
30360,USGS,01351500,2022-11-14,P,10.845352247800001
30361,USGS,01351500,2022-11-15,P,8.353469747
30362,USGS,01351500,2022-11-16,P,9.0047572188
30363,USGS,01351500,2022-11-17,P,17.273276426
30364,USGS,01351500,2022-11-18,P,16.1689194086
30365,USGS,01351500,2022-11-19,P,15.1778297776
30366,USGS,01351500,2022-11-20,P,13.5354526748
30367,USGS,01351500,2022-11-21,P,9.9958468498
30368,USGS,01351500,2022-11-22,P,8.8065392926
30369,USGS,01351500,2022-11-23,P,7.9004002014
30370,USGS,01351500,2022-11-24,P,7.2491127296
30371,USGS,01351500,2022-11-25,P,6.7394094908
30372,USGS,01351500,2022-11-26,P,6.8809937238000005
30373,USGS,01351500,2022-11-27,P,7.220795883
30374,USGS,01351500,2022-11-28,P,37.378237512
30375,USGS,01351500,2022-11-29,P,42.192101434
30376,USGS,01351500,2022-11-30,P,31.714868192
30377,USGS,01351500,2022-12-01,P,31.998036658
30378,USGS,01351500,2022-12-02,P,40.776259104000005
30379,USGS,01351500,2022-12-03,P,32.56437359
30380,USGS,01351500,2022-12-04,P,31.714868192
30381,USGS,01351500,2022-12-05,P,28.3168466
30382,USGS,01351500,2022-12-06,P,22.993279439200002
30383,USGS,01351500,2022-12-07,P,26.617835804000002
30384,USGS,01351500,2022-12-08,P,44.174280696000004
30385,USGS,01351500,2022-12-09,P,43.041606832
30386,USGS,01351500,2022-12-10,P,35.112889784000004
30387,USGS,01351500,2022-12-11,P,30.299025862
30388,USGS,01351500,2022-12-12,P,29.732688930000002
30389,USGS,01351500,2022-12-13,P,26.0798157186
30390,USGS,01351500,2022-12-14,P,23.0499131324
30391,USGS,01351500,2022-12-15,P,21.520803416
30392,USGS,01351500,2022-12-16,P,21.6057539558
30393,USGS,01351500,2022-12-17,P,25.1453597808
30394,USGS,01351500,2022-12-18,P,23.9560522236
30395,USGS,01351500,2022-12-19,P,20.954466484
30396,USGS,01351500,2022-12-20,P,27.5522917418
30397,USGS,01351500,2022-12-21,P,30.299025862
30398,USGS,01351500,2022-12-22,P,28.600015066
30399,USGS,01351500,2022-12-23,P,118.93075572000001
30400,USGS,01351500,2022-12-24,P,271.558558894
30401,USGS,01351500,2022-12-25,P,134.50502135
30402,USGS,01351500,2022-12-26,P,85.23370826600001
30403,USGS,01351500,2022-12-27,P,67.11092644200001
30404,USGS,01351500,2022-12-28,P,56.6336932
30405,USGS,01351500,2022-12-29,P,49.271313084
30406,USGS,01351500,2022-12-30,P,51.819829278
30407,USGS,01351500,2022-12-31,P,99.675300032
30408,USGS,01351500,2023-01-01,P,132.522842088
30409,USGS,01351500,2023-01-02,P,114.400060264
30410,USGS,01351500,2023-01-03,P,89.764403722
30411,USGS,01351500,2023-01-04,P,91.180246052
30412,USGS,01351500,2023-01-05,P,86.932719062
30413,USGS,01351500,2023-01-06,P,69.093105704
30414,USGS,01351500,2023-01-07,P,65.978252578
30415,USGS,01351500,2023-01-08,P,55.501019336
30416,USGS,01351500,2023-01-09,P,47.855470754
30417,USGS,01351500,2023-01-10,P,42.192101434
30418,USGS,01351500,2023-01-11,P,37.378237512
30419,USGS,01351500,2023-01-12,P,33.413878988
30420,USGS,01351500,2023-01-13,P,53.518840074
30421,USGS,01351500,2023-01-14,P,74.473306558
30422,USGS,01351500,2023-01-15,P,53.518840074
30423,USGS,01351500,2023-01-16,P,40.209922172
30424,USGS,01351500,2023-01-17,P,36.528732114
30425,USGS,01351500,2023-01-18,P,37.095069046
30426,USGS,01351500,2023-01-19,P,37.661405978
30427,USGS,01351500,2023-01-20,P,67.394094908
30428,USGS,01351500,2023-01-21,P,79.853507412
30429,USGS,01351500,2023-01-22,P,56.350524734000004
30430,USGS,01351500,2023-01-23,P,49.837650016
30431,USGS,01351500,2023-01-24,P,47.855470754
30432,USGS,01351500,2023-01-25,P,52.102997744
30433,USGS,01351500,2023-01-26,P,47.572302288
30434,USGS,01351500,2023-01-27,P,49.55448155
30435,USGS,01351500,2023-01-28,P,45.590123026
30436,USGS,01351500,2023-01-29,P,42.192101434
30437,USGS,01351500,2023-01-30,P,43.324775298
30438,USGS,01351500,2023-01-31,P,43.607943764
30439,USGS,01351500,2023-02-01,P,38.510911376
30440,USGS,01351500,2023-02-02,P,35.962395182
30441,USGS,01351500,2023-02-03,P,36.245563648
30442,USGS,01351500,2023-02-04,P,27.127539042800002
30443,USGS,01351500,2023-02-05,P:e,30.582194328
30444,USGS,01351500,2023-02-06,P:e,28.3168466
30445,USGS,01351500,2023-02-07,P:e,21.6340708024
30446,USGS,01351500,2023-02-08,P:e,20.104961086
30447,USGS,01351500,2023-02-09,P:e,19.0289209152
30448,USGS,01351500,2023-02-10,P:e,18.6608019094
30449,USGS,01351500,2023-02-11,P:e,20.529713785000002
30450,USGS,01351500,2023-02-12,P:e,16.650305800800002
30451,USGS,01351500,2023-02-13,P:e,15.772483556200001
30452,USGS,01351500,2023-02-14,P:e,14.3283243796
30453,USGS,01351500,2023-02-15,P:e,13.450502135
30454,USGS,01351500,2023-02-16,P:e,14.016839067000001
30455,USGS,01351500,2023-02-17,P:e,15.5459487834
30456,USGS,01351500,2023-02-18,P:e,15.9707014824
30457,USGS,01351500,2023-02-19,P:e,13.7053537544
30458,USGS,01351500,2023-02-20,P:e,13.054066282600001
30459,USGS,01351500,2023-02-21,P:e,14.4982254592
30460,USGS,01351500,2023-02-22,P:e,25.4285282468
30461,USGS,01351500,2023-02-23,P,30.582194328
30462,USGS,01351500,2023-02-24,P,49.55448155
30463,USGS,01351500,2023-02-25,P,46.72279689
30464,USGS,01351500,2023-02-26,P,38.794079842
30465,USGS,01351500,2023-02-27,P,37.944574444000004
30466,USGS,01351500,2023-02-28,P,40.776259104000005
30467,USGS,01351500,2023-03-01,P,40.776259104000005
30468,USGS,01351500,2023-03-02,P,38.510911376
30469,USGS,01351500,2023-03-03,P,46.156459958
30470,USGS,01351500,2023-03-04,P,45.590123026
30471,USGS,01351500,2023-03-05,P,45.30695456
30472,USGS,01351500,2023-03-06,P,44.174280696000004
30473,USGS,01351500,2023-03-07,P,45.30695456
30474,USGS,01351500,2023-03-08,P,42.758438366
30475,USGS,01351500,2023-03-09,P,39.926753706
30476,USGS,01351500,2023-03-10,P,37.661405978
30477,USGS,01351500,2023-03-11,P,41.342596036
30478,USGS,01351500,2023-03-12,P,38.794079842
30479,USGS,01351500,2023-03-13,P,41.625764502
30480,USGS,01351500,2023-03-14,P,48.421807686
30481,USGS,01351500,2023-03-15,P,47.289133822000004
30482,USGS,01351500,2023-03-16,P,44.740617628
30483,USGS,01351500,2023-03-17,P,53.518840074
30484,USGS,01351500,2023-03-18,P,87.215887528
30485,USGS,01351500,2023-03-19,P,75.03964349
30486,USGS,01351500,2023-03-20,P,63.71290485
30487,USGS,01351500,2023-03-21,P,69.37627417
30488,USGS,01351500,2023-03-22,P,93.728762246
30489,USGS,01351500,2023-03-23,P,147.24760232
30490,USGS,01351500,2023-03-24,P,225.685267402
30491,USGS,01351500,2023-03-25,P,146.964433854
30492,USGS,01351500,2023-03-26,P,129.691157428
30493,USGS,01351500,2023-03-27,P,131.106999758
30494,USGS,01351500,2023-03-28,P,114.966397196
30495,USGS,01351500,2023-03-29,P,120.063429584
30496,USGS,01351500,2023-03-30,P,110.718870206
30497,USGS,01351500,2023-03-31,P,91.46341451800001
30498,USGS,01351500,2023-04-01,P,138.75254834
30499,USGS,01351500,2023-04-02,P,212.3763495
30500,USGS,01351500,2023-04-03,P,136.487200612
